3 0.865385 0.666864 0.013378 0.034320
1 0.529682 0.360355 0.114548 0.150296
1 0.598244 0.171006 0.052676 0.076923
1 0.275084 0.840828 0.051839 0.065089
1 0.230769 0.596450 0.108696 0.177515
1 0.923495 0.591124 0.061037 0.207101
1 0.118311 0.840237 0.047659 0.063905
2 0.843227 0.142012 0.014214 0.030769
75 0.084866 0.118935 0.024247 0.029586
1 0.305602 0.142012 0.035953 0.042604
3 0.301839 0.598225 0.025084 0.017751
3 0.438963 0.093491 0.013378 0.030769
1 0.715719 0.531953 0.045151 0.065089
1 0.414298 0.298817 0.032609 0.084024
75 0.084866 0.165680 0.024247 0.030769
3 0.790552 0.115385 0.014214 0.031953
4 0.243311 0.142604 0.018395 0.017751
3 0.167224 0.822485 0.025084 0.016568
3 0.158863 0.561538 0.025084 0.017751
3 0.426421 0.047337 0.026756 0.016568
2 0.598662 0.421893 0.025084 0.022485
2 0.828177 0.581657 0.024247 0.020118
2 0.870401 0.719527 0.023411 0.018935
3 0.133779 0.585207 0.025084 0.017751
4 0.146739 0.513018 0.019231 0.022485
2 0.336538 0.610651 0.015886 0.030769
2 0.314381 0.859763 0.023411 0.017751
3 0.217391 0.891716 0.013378 0.031953
3 0.404264 0.142012 0.014214 0.035503
4 0.648411 0.088757 0.015886 0.028402
23 0.694398 0.122485 0.015886 0.022485
3 0.710702 0.053254 0.028428 0.016568
3 0.199415 0.921893 0.025920 0.021302
2 0.573579 0.537278 0.018395 0.026036
3 0.267559 0.136095 0.015050 0.033136
3 0.414716 0.217751 0.013378 0.033136
22 0.369983 0.248521 0.020903 0.026036
2 0.228679 0.928402 0.017559 0.027219
3 0.847826 0.703550 0.025084 0.017751
3 0.551839 0.146154 0.013378 0.031953
23 0.736204 0.121893 0.017559 0.023669
3 0.651756 0.538462 0.025920 0.014201
23 0.352007 0.139053 0.016722 0.022485
23 0.336120 0.140237 0.015050 0.022485
4 0.378344 0.360947 0.015886 0.026036
3 0.417642 0.141420 0.009197 0.034320
3 0.605769 0.116568 0.025920 0.015385
4 0.790970 0.165089 0.020067 0.020118
4 0.120819 0.560947 0.009197 0.030769
3 0.774247 0.513018 0.028428 0.015385
3 0.719064 0.206509 0.013378 0.034320
2 0.226171 0.746154 0.024247 0.017751
3 0.108696 0.625444 0.013378 0.036686
4 0.836538 0.537278 0.019231 0.018935
4 0.310619 0.524260 0.012542 0.026036
5 0.701923 0.206509 0.012542 0.024852
5 0.477425 0.158580 0.016722 0.023669
4 0.644231 0.372781 0.020903 0.018935
2 0.293478 0.508876 0.018395 0.018935
5 0.602425 0.088757 0.020903 0.021302
2 0.114548 0.501183 0.018395 0.027219
6 0.158863 0.165680 0.031773 0.016568
5 0.447324 0.176923 0.013378 0.020118
4 0.219064 0.796450 0.016722 0.011834
4 0.235786 0.797633 0.015050 0.014201
4 0.818144 0.538462 0.017559 0.014201
4 0.560201 0.049112 0.008361 0.027219
4 0.376672 0.193491 0.010870 0.024852
4 0.410953 0.094675 0.020903 0.014201
31 0.205268 0.142604 0.037625 0.036686
32 0.526338 0.123669 0.025920 0.117160
5 0.092809 0.597633 0.016722 0.021302
35 0.609114 0.545562 0.015886 0.033136
15 0.685201 0.173373 0.024247 0.034320
7 0.121656 0.165680 0.025920 0.014201
