1 0.398551 0.398438 0.175983 0.453125
23 0.124224 0.342187 0.037267 0.053125
2 0.590062 0.571875 0.024845 0.037500
2 0.181159 0.570312 0.022774 0.046875
24 0.150104 0.457813 0.064182 0.115625
4 0.164596 0.350000 0.035197 0.056250
4 0.259834 0.500000 0.022774 0.050000
1 0.708075 0.340625 0.161491 0.256250
2 0.581781 0.251563 0.028986 0.040625
4 0.258799 0.409375 0.024845 0.056250
3 0.175983 0.253125 0.053830 0.050000
4 0.539337 0.434375 0.022774 0.043750
3 0.589027 0.350000 0.026915 0.068750
6 0.253623 0.275000 0.064182 0.031250
3 0.247412 0.565625 0.051760 0.043750
4 0.535197 0.537500 0.022774 0.043750
4 0.208075 0.345313 0.039337 0.046875
4 0.185300 0.189062 0.022774 0.065625
4 0.537267 0.387500 0.022774 0.043750
4 0.538302 0.487500 0.024845 0.050000
4 0.537267 0.235937 0.022774 0.059375
35 0.528986 0.287500 0.051760 0.087500
2 0.158385 0.535937 0.072464 0.034375
0 0.537267 0.581250 0.072464 0.043750
2 0.718427 0.523438 0.049689 0.078125
