1 0.398551 0.398438 0.175983 0.453125
23 0.124224 0.342187 0.037267 0.053125
2 0.590062 0.571875 0.024845 0.037500
1 0.679089 0.346875 0.091097 0.187500
2 0.181159 0.570312 0.022774 0.046875
4 0.164596 0.350000 0.035197 0.056250
24 0.150104 0.457813 0.064182 0.115625
4 0.259834 0.501563 0.022774 0.053125
4 0.258799 0.409375 0.024845 0.056250
3 0.175983 0.253125 0.053830 0.050000
4 0.539337 0.235937 0.022774 0.059375
3 0.247412 0.565625 0.051760 0.043750
1 0.341615 0.842187 0.207039 0.084375
6 0.261905 0.278125 0.080745 0.037500
4 0.188406 0.189062 0.028986 0.053125
4 0.209110 0.353125 0.037267 0.043750
35 0.532091 0.285938 0.053830 0.078125
4 0.537267 0.482812 0.022774 0.059375
4 0.537267 0.539062 0.026915 0.046875
0 0.538302 0.578125 0.074534 0.043750
2 0.160455 0.534375 0.093168 0.037500
3 0.531056 0.425000 0.051760 0.037500
3 0.591097 0.346875 0.031056 0.075000
2 0.685300 0.537500 0.049689 0.056250
