1 0.398551 0.398438 0.175983 0.453125
24 0.693582 0.350000 0.099379 0.143750
23 0.124224 0.343750 0.037267 0.056250
2 0.181159 0.570312 0.022774 0.046875
2 0.590062 0.571875 0.024845 0.037500
24 0.144928 0.453125 0.053830 0.106250
4 0.164596 0.350000 0.035197 0.056250
4 0.258799 0.503125 0.020704 0.056250
4 0.258799 0.409375 0.024845 0.056250
3 0.175983 0.253125 0.053830 0.050000
2 0.582816 0.245312 0.026915 0.034375
3 0.247412 0.567187 0.051760 0.046875
6 0.261905 0.275000 0.080745 0.031250
1 0.342650 0.842187 0.209110 0.084375
3 0.590062 0.342187 0.024845 0.071875
4 0.209110 0.348438 0.045549 0.046875
4 0.539337 0.237500 0.018634 0.062500
4 0.539337 0.389062 0.018634 0.046875
4 0.538302 0.434375 0.020704 0.043750
4 0.538302 0.484375 0.020704 0.050000
4 0.537267 0.537500 0.022774 0.050000
4 0.185300 0.190625 0.022774 0.056250
35 0.528986 0.287500 0.047619 0.081250
2 0.153209 0.531250 0.070393 0.031250
0 0.536232 0.582812 0.074534 0.046875
