1 0.910204 0.476744 0.077551 0.318937
1 0.522449 0.162791 0.216327 0.225914
1 0.307143 0.485050 0.177551 0.295681
2 0.827551 0.551495 0.034694 0.033223
1 0.162245 0.279070 0.075510 0.086379
2 0.661224 0.237542 0.028571 0.036545
1 0.163265 0.196013 0.073469 0.089701
2 0.660204 0.086379 0.026531 0.033223
2 0.119388 0.416113 0.038776 0.021595
1 0.902041 0.168605 0.073469 0.098007
2 0.380612 0.236711 0.030612 0.034884
2 0.117347 0.597176 0.042857 0.024917
2 0.717347 0.616279 0.042857 0.026578
2 0.797959 0.196013 0.032653 0.029900
2 0.493878 0.617110 0.044898 0.021595
0 0.612245 0.581395 0.024490 0.019934
2 0.378571 0.086379 0.026531 0.029900
2 0.415306 0.415282 0.030612 0.019934
4 0.173469 0.608804 0.024490 0.028239
0 0.426531 0.377076 0.020408 0.023256
4 0.161224 0.577243 0.024490 0.028239
2 0.828571 0.334718 0.028571 0.031561
81 0.432653 0.593854 0.024490 0.011628
2 0.908163 0.260797 0.048980 0.036545
81 0.431633 0.576412 0.026531 0.013289
4 0.460204 0.466777 0.022449 0.029900
2 0.520408 0.308140 0.044898 0.024917
3 0.122449 0.476744 0.032653 0.043189
4 0.163265 0.083056 0.020408 0.023256
4 0.163265 0.118771 0.016327 0.024917
3 0.163265 0.102159 0.048980 0.021595
4 0.165306 0.552326 0.024490 0.021595
4 0.163265 0.370432 0.024490 0.026578
4 0.162245 0.399502 0.022449 0.021595
4 0.671429 0.364618 0.016327 0.028239
4 0.671429 0.393688 0.024490 0.026578
4 0.673469 0.421096 0.020408 0.024917
4 0.671429 0.446013 0.020408 0.021595
4 0.671429 0.470930 0.020408 0.021595
4 0.672449 0.495847 0.022449 0.024917
4 0.672449 0.519934 0.022449 0.019934
4 0.672449 0.543189 0.022449 0.026578
4 0.672449 0.569767 0.022449 0.026578
23 0.674490 0.595515 0.026531 0.021595
3 0.447959 0.493355 0.051020 0.023256
3 0.447959 0.534884 0.022449 0.036545
21 0.491837 0.542359 0.053061 0.054817
6 0.165306 0.062292 0.085714 0.011628
2 0.855102 0.641196 0.036735 0.026578
3 0.164286 0.136213 0.042857 0.016611
5 0.163265 0.445183 0.032653 0.029900
0 0.428571 0.526578 0.012245 0.023256
