1 0.290816 0.460963 0.189796 0.327243
1 0.739796 0.480897 0.226531 0.230897
1 0.738776 0.162791 0.228571 0.232558
1 0.134694 0.127076 0.114286 0.084718
1 0.288776 0.121262 0.104082 0.089701
1 0.287755 0.228405 0.102041 0.091362
1 0.134694 0.235880 0.118367 0.083056
2 0.874490 0.086379 0.026531 0.033223
2 0.593878 0.552326 0.032653 0.034884
2 0.875510 0.236711 0.028571 0.034884
2 0.594898 0.236711 0.030612 0.034884
2 0.470408 0.623754 0.051020 0.024917
2 0.875510 0.401993 0.028571 0.033223
2 0.121429 0.308140 0.046939 0.021595
2 0.875510 0.551495 0.028571 0.033223
2 0.510204 0.274086 0.036735 0.023256
2 0.594898 0.086379 0.026531 0.029900
2 0.490816 0.458472 0.042857 0.023256
4 0.154082 0.352159 0.018367 0.029900
3 0.591837 0.326412 0.057143 0.024917
2 0.593878 0.401163 0.028571 0.031561
0 0.183673 0.303156 0.028571 0.014950
3 0.590816 0.360465 0.055102 0.026578
4 0.509184 0.576412 0.022449 0.029900
0 0.397959 0.240033 0.028571 0.018272
4 0.467347 0.074751 0.020408 0.026578
4 0.490816 0.458472 0.042857 0.023256
81 0.414286 0.486711 0.024490 0.016611
2 0.705102 0.619601 0.051020 0.039867
2 0.764286 0.617940 0.051020 0.039867
4 0.469388 0.099668 0.020408 0.026578
4 0.469388 0.124585 0.020408 0.026578
4 0.469388 0.151163 0.020408 0.026578
4 0.469388 0.200997 0.020408 0.026578
4 0.469388 0.225914 0.020408 0.026578
23 0.471429 0.176910 0.044898 0.024917
23 0.471429 0.251661 0.044898 0.024917
4 0.448980 0.347176 0.020408 0.026578
4 0.448980 0.372093 0.020408 0.026578
4 0.448980 0.413621 0.020408 0.026578
4 0.446939 0.436877 0.020408 0.026578
4 0.430612 0.546512 0.020408 0.026578
4 0.428571 0.566445 0.020408 0.026578
4 0.426531 0.586379 0.020408 0.026578
2 0.706122 0.302326 0.044898 0.036545
2 0.765306 0.302326 0.044898 0.036545
3 0.511224 0.535714 0.051020 0.018272
21 0.427551 0.516611 0.051020 0.026578
6 0.590816 0.290698 0.075510 0.019934
0 0.135714 0.065615 0.034694 0.018272
81 0.412245 0.468439 0.024490 0.016611
41 0.632653 0.312292 0.024490 0.023256
41 0.634694 0.343023 0.024490 0.028239
