1 0.400621 0.393750 0.180124 0.443750
2 0.858178 0.571875 0.043478 0.037500
1 0.743271 0.395313 0.202899 0.428125
23 0.124224 0.342187 0.037267 0.053125
2 0.593168 0.571875 0.043478 0.043750
2 0.181159 0.570312 0.022774 0.046875
4 0.164596 0.350000 0.035197 0.056250
24 0.150104 0.457813 0.064182 0.115625
2 0.259834 0.500000 0.022774 0.050000
2 0.630435 0.273438 0.043478 0.040625
2 0.858178 0.287500 0.047619 0.037500
4 0.258799 0.409375 0.024845 0.056250
4 0.538302 0.429688 0.020704 0.046875
3 0.175983 0.253125 0.053830 0.050000
3 0.589027 0.342187 0.022774 0.071875
4 0.538302 0.242188 0.020704 0.053125
4 0.537267 0.534375 0.026915 0.050000
6 0.259834 0.278125 0.076605 0.037500
3 0.247412 0.565625 0.051760 0.043750
4 0.207039 0.346875 0.037267 0.031250
4 0.538302 0.385937 0.020704 0.046875
4 0.538302 0.482812 0.020704 0.046875
42 0.538302 0.582812 0.070393 0.046875
42 0.156315 0.537500 0.084886 0.037500
4 0.189441 0.187500 0.031056 0.062500
35 0.530021 0.285938 0.053830 0.084375
2 0.631470 0.192188 0.045549 0.065625
