1 0.308358 0.302521 0.140299 0.194958
1 0.812537 0.654622 0.062090 0.119328
1 0.693134 0.383613 0.032239 0.044538
1 0.812239 0.465966 0.061493 0.120168
4 0.722388 0.278992 0.014328 0.018487
2 0.722388 0.490756 0.017910 0.018487
1 0.492836 0.660084 0.056716 0.121849
2 0.543881 0.752941 0.017910 0.016807
1 0.811045 0.315546 0.043582 0.071429
2 0.769851 0.370168 0.016119 0.017647
4 0.722090 0.648319 0.013731 0.017647
2 0.431045 0.226471 0.016716 0.015966
1 0.171642 0.660924 0.053134 0.063025
3 0.119701 0.489076 0.019701 0.013445
26 0.239403 0.636555 0.019104 0.029412
4 0.429851 0.195378 0.011940 0.017647
2 0.200597 0.698739 0.016716 0.015966
22 0.477015 0.194958 0.011940 0.021849
6 0.537313 0.299160 0.026269 0.008403
4 0.561493 0.681092 0.013731 0.015966
26 0.239701 0.673529 0.018507 0.032773
2 0.403284 0.154622 0.017313 0.018487
4 0.531642 0.194958 0.011343 0.020168
24 0.112836 0.678571 0.017910 0.032773
2 0.465672 0.566807 0.016716 0.017647
2 0.433433 0.752101 0.017910 0.018487
2 0.615522 0.706303 0.017910 0.015966
3 0.308060 0.090336 0.008358 0.024370
2 0.307761 0.053361 0.013731 0.014286
4 0.503881 0.196218 0.010746 0.021008
4 0.591045 0.328992 0.013134 0.014286
4 0.590448 0.407143 0.013134 0.014286
2 0.813134 0.540756 0.014328 0.012605
2 0.478209 0.231092 0.016716 0.016807
4 0.614030 0.662185 0.012537 0.013445
4 0.572537 0.406723 0.013134 0.015126
24 0.084179 0.678571 0.017910 0.031092
4 0.320000 0.468067 0.014328 0.015126
3 0.680896 0.631092 0.018507 0.011765
2 0.722388 0.676050 0.017910 0.017647
4 0.514030 0.366387 0.011940 0.015126
2 0.277612 0.697479 0.016716 0.016807
4 0.572836 0.329412 0.011343 0.015126
4 0.343284 0.470168 0.014328 0.014286
2 0.143881 0.558403 0.016716 0.014286
2 0.812836 0.378571 0.016119 0.017647
2 0.621194 0.378571 0.016119 0.015966
4 0.680896 0.654622 0.016119 0.015126
2 0.811940 0.730672 0.017910 0.015966
35 0.145970 0.486975 0.022090 0.024370
2 0.343881 0.049580 0.014328 0.016807
2 0.377910 0.661345 0.011940 0.018487
4 0.543284 0.648319 0.013134 0.015966
4 0.432836 0.712185 0.010746 0.019328
21 0.343284 0.102521 0.013134 0.035294
4 0.632836 0.663445 0.013134 0.015966
23 0.552239 0.194538 0.009552 0.022689
2 0.842388 0.289916 0.013134 0.016807
2 0.722388 0.251681 0.016716 0.017647
4 0.722388 0.463866 0.013134 0.020168
2 0.259403 0.146218 0.014925 0.018487
3 0.119403 0.451681 0.020299 0.012605
27 0.119403 0.638655 0.025075 0.018487
3 0.560597 0.652521 0.010746 0.024370
35 0.145373 0.449580 0.014925 0.023529
3 0.120299 0.531513 0.022090 0.014286
8 0.460000 0.283193 0.025672 0.038655
6 0.587761 0.631092 0.024478 0.010084
2 0.161791 0.266807 0.013134 0.019328
23 0.608955 0.408403 0.013134 0.016807
23 0.651045 0.660084 0.013731 0.021008
4 0.498806 0.320588 0.012537 0.021008
4 0.424179 0.662605 0.010149 0.019328
2 0.278507 0.650840 0.014925 0.014286
3 0.639403 0.437395 0.016716 0.012605
4 0.640597 0.321008 0.017910 0.016807
35 0.145970 0.528992 0.019701 0.024370
2 0.296716 0.698319 0.014328 0.015126
22 0.498507 0.366387 0.011940 0.016807
2 0.812239 0.568067 0.014925 0.018487
2 0.320000 0.500840 0.017910 0.016807
4 0.184478 0.251681 0.014328 0.012605
2 0.498507 0.391176 0.014328 0.015966
4 0.185075 0.268487 0.014328 0.012605
4 0.290149 0.113025 0.014328 0.012605
4 0.306866 0.135714 0.014328 0.012605
3 0.402985 0.211345 0.008358 0.024370
2 0.513433 0.392017 0.014328 0.015966
2 0.480597 0.346639 0.014328 0.015966
23 0.608955 0.329412 0.013134 0.016807
4 0.640000 0.420588 0.013134 0.014286
3 0.638806 0.302941 0.016716 0.012605
8 0.457612 0.322689 0.025672 0.038655
3 0.513433 0.321849 0.007164 0.023529
2 0.144478 0.518067 0.016716 0.014286
2 0.145672 0.476050 0.016716 0.014286
4 0.423582 0.681933 0.010149 0.019328
4 0.411642 0.713025 0.010149 0.019328
3 0.525075 0.726891 0.011343 0.020168
23 0.391343 0.711765 0.011343 0.018487
2 0.562985 0.713025 0.017910 0.015966
4 0.544179 0.726050 0.014925 0.020168
41 0.749254 0.636134 0.020299 0.016807
41 0.557910 0.368067 0.008955 0.016807
0 0.278806 0.625210 0.009552 0.013445
16 0.301493 0.673109 0.027463 0.025210
0 0.392537 0.689916 0.014925 0.018487
0 0.554030 0.165966 0.015522 0.012605
