1 0.837395 0.663905 0.101681 0.267456
1 0.176471 0.265089 0.104202 0.085207
1 0.838235 0.250296 0.103361 0.266272
2 0.483193 0.398225 0.021849 0.017751
4 0.278151 0.265680 0.016807 0.024852
2 0.117227 0.752663 0.022689 0.018935
3 0.630252 0.644379 0.030252 0.017751
2 0.517227 0.398817 0.022689 0.018935
2 0.944538 0.331361 0.013445 0.028402
3 0.630672 0.733136 0.029412 0.015385
4 0.265126 0.714793 0.017647 0.021302
3 0.482773 0.324852 0.012605 0.034320
2 0.939916 0.696450 0.014286 0.027219
2 0.240336 0.304734 0.021849 0.020118
2 0.366387 0.136095 0.013445 0.028402
2 0.482773 0.789349 0.022689 0.016568
3 0.370168 0.644379 0.026050 0.015385
2 0.894118 0.543195 0.013445 0.030769
4 0.482773 0.666272 0.017647 0.018935
4 0.515966 0.365089 0.016807 0.017751
4 0.516387 0.754438 0.017647 0.015385
2 0.412605 0.397633 0.025210 0.018935
2 0.517647 0.789349 0.023529 0.016568
4 0.484034 0.755621 0.018487 0.015385
2 0.244538 0.753254 0.021849 0.017751
1 0.182773 0.712426 0.111765 0.092308
4 0.517227 0.665680 0.017647 0.020118
3 0.517647 0.713018 0.013445 0.031953
2 0.589076 0.398225 0.023529 0.017751
2 0.944118 0.283432 0.012605 0.027219
3 0.517227 0.325444 0.010924 0.030769
2 0.624370 0.134911 0.013445 0.026036
2 0.894118 0.128994 0.011765 0.028402
2 0.939916 0.744379 0.014286 0.028402
3 0.482353 0.714201 0.013445 0.031953
4 0.281513 0.714201 0.018487 0.022485
4 0.484034 0.365089 0.018487 0.017751
2 0.412605 0.789349 0.023529 0.018935
4 0.517227 0.276923 0.015966 0.021302
3 0.370588 0.733136 0.025210 0.015385
4 0.397899 0.170414 0.014286 0.023669
2 0.632773 0.169822 0.013445 0.024852
2 0.313866 0.211834 0.012605 0.028402
4 0.896218 0.283432 0.014286 0.027219
4 0.298739 0.714793 0.019328 0.021302
2 0.366807 0.526036 0.012605 0.027219
2 0.589076 0.772781 0.021849 0.016568
8 0.410924 0.732544 0.030252 0.040237
2 0.623950 0.524852 0.014286 0.029586
4 0.294958 0.265089 0.015126 0.026036
4 0.445378 0.590533 0.018487 0.021302
2 0.113025 0.304142 0.024370 0.018935
3 0.370168 0.342604 0.026050 0.017751
3 0.411345 0.204142 0.012605 0.031953
4 0.896218 0.320118 0.014286 0.022485
3 0.428571 0.231361 0.025210 0.015385
4 0.260924 0.266272 0.017647 0.023669
3 0.630252 0.342604 0.028571 0.017751
3 0.411765 0.594083 0.013445 0.035503
3 0.571429 0.230178 0.021849 0.015385
23 0.605042 0.169822 0.018487 0.022485
3 0.369748 0.254438 0.026891 0.016568
2 0.113445 0.226036 0.018487 0.018935
8 0.410084 0.341420 0.030252 0.034320
4 0.484034 0.276923 0.016807 0.018935
4 0.276471 0.225444 0.015126 0.022485
3 0.426891 0.620710 0.026891 0.017751
23 0.394538 0.136095 0.017647 0.023669
2 0.632773 0.560947 0.015126 0.026036
4 0.554622 0.590533 0.015126 0.018935
15 0.589916 0.731953 0.030252 0.043787
4 0.445378 0.201183 0.016807 0.023669
15 0.589496 0.731953 0.031092 0.043787
3 0.571429 0.620118 0.023529 0.016568
3 0.630672 0.254438 0.029412 0.018935
15 0.589916 0.342012 0.030252 0.040237
6 0.500420 0.298225 0.029412 0.009467
3 0.588655 0.592899 0.012605 0.035503
4 0.276050 0.200592 0.012605 0.024852
23 0.604622 0.561538 0.019328 0.024852
2 0.117227 0.672189 0.015966 0.016568
2 0.375630 0.171598 0.013445 0.033136
8 0.412605 0.257396 0.030252 0.034320
15 0.589076 0.255030 0.030252 0.034320
3 0.589076 0.205325 0.015126 0.029586
4 0.555462 0.201183 0.016807 0.023669
15 0.588655 0.645562 0.031092 0.034320
8 0.411765 0.644379 0.030252 0.029586
4 0.601261 0.136095 0.014286 0.023669
23 0.395378 0.526036 0.019328 0.024852
4 0.602521 0.526627 0.018487 0.021302
4 0.897899 0.696450 0.017647 0.024852
4 0.897899 0.731953 0.017647 0.024852
41 0.414286 0.125444 0.018487 0.026036
41 0.414286 0.511243 0.018487 0.026036
6 0.500420 0.690533 0.046218 0.017751
