4 0.138655 0.531361 0.016807 0.023669
1 0.183613 0.769231 0.063025 0.099408
3 0.853361 0.342012 0.012605 0.030769
4 0.121008 0.666864 0.016807 0.024852
3 0.802941 0.596450 0.010924 0.030769
1 0.197479 0.315385 0.099160 0.076923
1 0.226050 0.590533 0.084034 0.125444
1 0.500420 0.272781 0.106723 0.249704
3 0.571849 0.595858 0.010924 0.029586
3 0.920168 0.125444 0.013445 0.035503
29 0.504202 0.085799 0.045378 0.027219
2 0.693697 0.381065 0.022689 0.018935
1 0.724370 0.205325 0.115966 0.076923
4 0.925210 0.773964 0.020168 0.021302
4 0.104202 0.531361 0.016807 0.021302
4 0.121008 0.631361 0.016807 0.022485
3 0.798319 0.785207 0.011765 0.029586
2 0.831933 0.824260 0.023529 0.017751
4 0.121008 0.529586 0.016807 0.022485
2 0.768487 0.334911 0.022689 0.018935
2 0.572269 0.635503 0.021849 0.018935
1 0.878992 0.193491 0.053782 0.086391
1 0.201261 0.159763 0.115126 0.092308
2 0.798739 0.823669 0.022689 0.018935
2 0.836555 0.635503 0.022689 0.016568
2 0.802941 0.635503 0.022689 0.016568
2 0.424790 0.646154 0.024370 0.021302
4 0.172689 0.529586 0.015966 0.022485
24 0.593277 0.776331 0.124370 0.059172
2 0.284454 0.591716 0.012605 0.028402
2 0.131933 0.218343 0.013445 0.029586
2 0.925210 0.812426 0.025210 0.020118
2 0.626891 0.381065 0.021849 0.018935
4 0.909244 0.288757 0.016807 0.023669
0 0.243277 0.792308 0.009244 0.015385
2 0.735714 0.333728 0.022689 0.018935
2 0.845798 0.146746 0.012605 0.028402
2 0.273529 0.386391 0.024370 0.020118
2 0.094538 0.845562 0.014286 0.027219
4 0.929412 0.584024 0.020168 0.022485
2 0.260924 0.119527 0.021008 0.021302
2 0.085714 0.633136 0.011765 0.028402
4 0.273950 0.347929 0.016807 0.021302
4 0.265546 0.265680 0.020168 0.022485
2 0.414286 0.821302 0.015126 0.026036
36 0.837395 0.560947 0.047899 0.073373
2 0.604622 0.635503 0.022689 0.018935
2 0.551681 0.143195 0.019328 0.018935
4 0.697479 0.584615 0.020168 0.021302
2 0.418487 0.337278 0.013445 0.028402
2 0.530252 0.109467 0.021849 0.017751
2 0.665966 0.255030 0.014286 0.027219
2 0.122689 0.100592 0.010084 0.026036
2 0.935294 0.265680 0.013445 0.029586
3 0.166807 0.100592 0.026050 0.016568
26 0.340756 0.814793 0.037815 0.050888
2 0.698739 0.623669 0.024370 0.018935
3 0.684454 0.289941 0.010924 0.030769
2 0.443277 0.156213 0.017647 0.021302
2 0.115546 0.314793 0.012605 0.026036
3 0.668487 0.560947 0.027731 0.014201
3 0.899160 0.560947 0.028571 0.014201
5 0.108824 0.804142 0.015966 0.024852
4 0.155042 0.529586 0.014286 0.027219
4 0.127731 0.804142 0.016807 0.020118
2 0.882773 0.256805 0.014286 0.016568
3 0.936134 0.123669 0.013445 0.036686
3 0.886134 0.342604 0.014286 0.036686
2 0.222269 0.768639 0.010924 0.024852
4 0.694118 0.343195 0.016807 0.018935
2 0.477731 0.109467 0.021008 0.017751
2 0.929412 0.623669 0.025210 0.018935
0 0.928151 0.157988 0.014286 0.013018
0 0.146639 0.666864 0.010924 0.020118
2 0.276050 0.242012 0.012605 0.027219
3 0.553361 0.572781 0.022689 0.014201
3 0.784874 0.572781 0.023529 0.014201
4 0.235714 0.814793 0.015966 0.020118
4 0.909244 0.242012 0.013445 0.022485
43 0.583613 0.252071 0.017647 0.021302
0 0.272269 0.173964 0.010084 0.016568
3 0.896639 0.750296 0.026891 0.014201
4 0.142437 0.805325 0.015966 0.022485
22 0.122269 0.576923 0.019328 0.024852
4 0.218908 0.816568 0.017647 0.021302
3 0.780672 0.761538 0.021849 0.015385
3 0.220168 0.372781 0.030252 0.014201
2 0.104622 0.492308 0.019328 0.018935
11 0.420168 0.584024 0.018487 0.041420
0 0.097479 0.555030 0.010084 0.018935
2 0.710504 0.269822 0.019328 0.018935
36 0.607143 0.563905 0.049580 0.065089
4 0.847479 0.702959 0.014286 0.026036
4 0.870168 0.366864 0.015966 0.021302
8 0.423950 0.492308 0.029412 0.037870
0 0.050420 0.281065 0.016807 0.013018
3 0.869748 0.388757 0.025210 0.017751
3 0.407143 0.515385 0.014286 0.031953
0 0.890756 0.300000 0.013445 0.010651
4 0.622689 0.512426 0.018487 0.026036
4 0.850420 0.511834 0.011765 0.027219
0 0.127731 0.182840 0.011765 0.020118
36 0.831092 0.755030 0.048739 0.071006
22 0.050840 0.249112 0.014286 0.022485
0 0.051261 0.213609 0.011765 0.020118
3 0.168908 0.218343 0.023529 0.015385
0 0.087815 0.781657 0.009244 0.015385
7 0.378992 0.798225 0.021849 0.013018
7 0.378992 0.810059 0.021849 0.013018
11 0.661765 0.351479 0.029412 0.026036
0 0.596218 0.513609 0.010924 0.021302
2 0.639076 0.497633 0.017647 0.015385
2 0.865966 0.688166 0.019328 0.017751
6 0.138235 0.611834 0.010924 0.047337
0 0.828151 0.511243 0.010924 0.021302
3 0.398319 0.584615 0.016807 0.011834
3 0.407143 0.600000 0.007563 0.016568
2 0.871849 0.497041 0.022689 0.018935
5 0.108824 0.804142 0.017647 0.027219
3 0.660504 0.318935 0.008403 0.022485
3 0.649160 0.330769 0.012605 0.010651
43 0.582773 0.269822 0.017647 0.021302
0 0.699580 0.318935 0.012605 0.017751
