4 0.790336 0.153254 0.019328 0.020118
1 0.815966 0.615385 0.067227 0.080473
1 0.911765 0.211834 0.080672 0.118343
1 0.560084 0.203550 0.093277 0.217751
1 0.099580 0.243787 0.113445 0.087574
1 0.146639 0.353254 0.063025 0.069822
24 0.592437 0.660355 0.050420 0.165680
2 0.323529 0.700592 0.023529 0.018935
3 0.878571 0.685799 0.012605 0.034320
2 0.130672 0.723669 0.024370 0.020118
4 0.470168 0.305917 0.015966 0.024852
2 0.470588 0.344970 0.023529 0.017751
2 0.289916 0.700592 0.023529 0.018935
4 0.721008 0.247929 0.020168 0.024852
2 0.400000 0.115385 0.025210 0.020118
3 0.945378 0.685799 0.013445 0.036686
2 0.874370 0.416568 0.024370 0.018935
2 0.665966 0.200592 0.014286 0.029586
3 0.230672 0.112426 0.014286 0.033136
2 0.292437 0.182840 0.013445 0.027219
4 0.247479 0.153846 0.017647 0.023669
4 0.806303 0.289941 0.019328 0.021302
4 0.189496 0.276331 0.017647 0.020118
3 0.831513 0.354438 0.024370 0.015385
4 0.647059 0.288757 0.018487 0.018935
4 0.436555 0.306509 0.015966 0.023669
4 0.832773 0.721302 0.016807 0.024852
2 0.616807 0.284024 0.013445 0.028402
2 0.404202 0.688166 0.023529 0.017751
23 0.488235 0.304734 0.015126 0.027219
2 0.039076 0.197041 0.019328 0.020118
2 0.610084 0.089941 0.018487 0.018935
4 0.806723 0.254438 0.018487 0.021302
24 0.898739 0.324852 0.026050 0.041420
2 0.958824 0.262722 0.020168 0.018935
4 0.622689 0.213609 0.013445 0.022485
4 0.404202 0.649112 0.018487 0.017751
3 0.271008 0.637870 0.027731 0.016568
2 0.781933 0.304734 0.022689 0.017751
2 0.164286 0.201775 0.021008 0.020118
23 0.701681 0.247337 0.013445 0.028402
4 0.399160 0.077515 0.018487 0.022485
4 0.198739 0.394083 0.017647 0.021302
3 0.848739 0.377515 0.011765 0.028402
2 0.757983 0.561538 0.013445 0.027219
4 0.841597 0.153846 0.017647 0.021302
4 0.806303 0.152663 0.017647 0.021302
4 0.823109 0.153254 0.015966 0.020118
4 0.171849 0.276923 0.014286 0.016568
4 0.247899 0.395266 0.016807 0.023669
2 0.181513 0.320118 0.018487 0.020118
4 0.265966 0.395858 0.017647 0.022485
3 0.289496 0.662130 0.012605 0.027219
3 0.348739 0.200000 0.015126 0.035503
2 0.500840 0.260355 0.013445 0.026036
2 0.647479 0.321893 0.024370 0.018935
2 0.102101 0.372189 0.012605 0.029586
4 0.231092 0.395858 0.016807 0.022485
3 0.647059 0.248521 0.013445 0.033136
2 0.710084 0.286982 0.023529 0.017751
4 0.335294 0.257988 0.016807 0.026036
2 0.153782 0.301775 0.011765 0.026036
0 0.878151 0.617160 0.013445 0.010651
3 0.911345 0.686982 0.012605 0.034320
3 0.386134 0.626627 0.026050 0.015385
0 0.831513 0.289941 0.010924 0.018935
2 0.180672 0.434320 0.021849 0.018935
2 0.789916 0.114201 0.018487 0.017751
2 0.287395 0.283432 0.013445 0.029586
4 0.244118 0.200000 0.014286 0.023669
0 0.866807 0.319527 0.010924 0.018935
4 0.180252 0.395266 0.015966 0.016568
2 0.779412 0.744379 0.012605 0.023669
6 0.822269 0.229586 0.009244 0.030769
0 0.178571 0.567456 0.012605 0.020118
4 0.330672 0.306509 0.017647 0.023669
8 0.131092 0.566864 0.026891 0.035503
15 0.349160 0.340237 0.027731 0.034320
0 0.623109 0.189941 0.012605 0.015385
36 0.322689 0.632544 0.052101 0.072189
8 0.120168 0.669822 0.050420 0.049704
4 0.215546 0.394083 0.017647 0.021302
4 0.790756 0.721302 0.016807 0.010651
4 0.807563 0.721302 0.016807 0.010651
8 0.873109 0.355030 0.026891 0.030769
4 0.340336 0.580473 0.016807 0.029586
2 0.358824 0.562130 0.020168 0.021302
0 0.315966 0.579290 0.010084 0.013018
4 0.173109 0.236686 0.026891 0.016568
15 0.233193 0.231953 0.027731 0.037870
3 0.113445 0.592899 0.011765 0.030769
22 0.807143 0.200000 0.015966 0.028402
0 0.078151 0.564497 0.013445 0.028402
