1 0.643277 0.308876 0.094958 0.220118
4 0.802521 0.353846 0.016807 0.026036
2 0.354202 0.415976 0.024370 0.017751
4 0.732353 0.395266 0.017647 0.021302
2 0.554202 0.452071 0.024370 0.018935
1 0.288655 0.376923 0.110084 0.091124
2 0.210924 0.415976 0.025210 0.020118
2 0.494538 0.289349 0.014286 0.029586
3 0.432773 0.218935 0.013445 0.037870
3 0.731513 0.353254 0.014286 0.034320
2 0.750420 0.306509 0.016807 0.028402
2 0.484034 0.220118 0.023529 0.018935
4 0.521008 0.411834 0.015126 0.023669
4 0.483193 0.182840 0.020168 0.022485
2 0.689916 0.194675 0.021849 0.020118
23 0.572689 0.413018 0.014286 0.026036
4 0.449580 0.259172 0.020168 0.023669
23 0.786134 0.353254 0.015966 0.029586
2 0.585294 0.366272 0.010924 0.027219
4 0.706303 0.318343 0.017647 0.023669
4 0.554622 0.413609 0.016807 0.024852
2 0.731092 0.428402 0.025210 0.018935
2 0.700420 0.390533 0.014286 0.028402
2 0.794118 0.393491 0.023529 0.017751
2 0.226471 0.337278 0.017647 0.016568
6 0.745798 0.327219 0.036134 0.017751
4 0.446218 0.306509 0.020168 0.023669
4 0.374790 0.372781 0.020168 0.023669
15 0.433613 0.332544 0.026891 0.030769
