1 0.126891 0.424260 0.058824 0.062722
1 0.336555 0.425444 0.057983 0.062722
1 0.336975 0.601775 0.058824 0.062722
1 0.873950 0.538462 0.105882 0.260355
1 0.845378 0.189349 0.072269 0.165680
4 0.248319 0.601775 0.017647 0.022485
1 0.122269 0.600000 0.061345 0.061538
4 0.248319 0.512426 0.017647 0.026036
2 0.205882 0.635503 0.023529 0.018935
2 0.432353 0.203550 0.017647 0.016568
26 0.039076 0.094675 0.034454 0.047337
2 0.390336 0.204734 0.017647 0.016568
2 0.369328 0.204734 0.017647 0.016568
4 0.757143 0.677515 0.016807 0.029586
3 0.248319 0.560355 0.012605 0.034320
2 0.247479 0.635503 0.022689 0.018935
4 0.206303 0.511243 0.019328 0.023669
2 0.302521 0.185799 0.023529 0.018935
3 0.496218 0.118935 0.010924 0.027219
4 0.722689 0.679290 0.020168 0.030769
2 0.573950 0.382840 0.018487 0.020118
4 0.215126 0.159172 0.016807 0.020118
3 0.075210 0.426036 0.026050 0.016568
23 0.392017 0.162722 0.015966 0.022485
3 0.478992 0.142012 0.026891 0.016568
2 0.454622 0.204142 0.020168 0.015385
4 0.206303 0.601775 0.019328 0.022485
3 0.071008 0.603550 0.026050 0.016568
2 0.273950 0.233136 0.023529 0.018935
3 0.516807 0.317751 0.025210 0.015385
2 0.556303 0.379290 0.015126 0.017751
3 0.386555 0.602367 0.026891 0.014201
3 0.387395 0.424852 0.026891 0.014201
2 0.411765 0.204142 0.016807 0.015385
18 0.146639 0.260947 0.017647 0.020118
18 0.146218 0.235503 0.018487 0.021302
4 0.513445 0.271006 0.015126 0.023669
41 0.534034 0.295858 0.010924 0.018935
54 0.273950 0.142012 0.067227 0.044970
4 0.455462 0.163905 0.018487 0.017751
3 0.205462 0.558580 0.014286 0.033136
0 0.360504 0.133728 0.013445 0.014201
3 0.499160 0.292899 0.011765 0.029586
23 0.368487 0.163905 0.019328 0.024852
4 0.483193 0.094083 0.015126 0.024852
7 0.227731 0.218343 0.042017 0.017751
2 0.186555 0.231953 0.025210 0.026036
18 0.147059 0.211834 0.018487 0.021302
18 0.147059 0.189349 0.018487 0.021302
7 0.170588 0.087574 0.042017 0.018935
0 0.222269 0.078107 0.019328 0.011834
0 0.134034 0.075740 0.019328 0.011834
3 0.214706 0.111834 0.010924 0.027219
2 0.253782 0.097633 0.023529 0.020118
25 0.201681 0.113609 0.011765 0.028402
23 0.412185 0.162722 0.015966 0.022485
23 0.434034 0.162722 0.015966 0.022485
23 0.559244 0.340237 0.015966 0.022485
23 0.573529 0.340237 0.015966 0.022485
6 0.227731 0.536095 0.033613 0.014201
41 0.462605 0.117751 0.010924 0.015385
41 0.542437 0.140237 0.014286 0.015385
16 0.048319 0.171006 0.054622 0.041420
