1 0.315966 0.430769 0.070588 0.085207
1 0.316387 0.308284 0.069748 0.084024
1 0.161765 0.163905 0.088235 0.112426
1 0.505042 0.142012 0.052101 0.078107
1 0.504202 0.341420 0.052101 0.081657
1 0.909244 0.200000 0.067227 0.054438
1 0.762605 0.453846 0.064706 0.053254
1 0.598739 0.453846 0.063025 0.053254
4 0.378571 0.081657 0.017647 0.016568
1 0.276471 0.614201 0.045378 0.156213
3 0.084874 0.353846 0.026891 0.016568
4 0.735294 0.264497 0.016807 0.020118
1 0.115966 0.785207 0.065546 0.053254
1 0.434874 0.613609 0.044538 0.157396
4 0.352941 0.081657 0.018487 0.016568
1 0.595378 0.614793 0.046218 0.157396
1 0.117647 0.615976 0.047059 0.157396
3 0.084454 0.319527 0.027731 0.016568
3 0.605882 0.312426 0.013445 0.033136
4 0.404202 0.081657 0.018487 0.016568
2 0.231513 0.352663 0.024370 0.018935
2 0.231933 0.859172 0.025210 0.018935
2 0.857983 0.527811 0.025210 0.021302
4 0.231513 0.224260 0.019328 0.020118
3 0.555042 0.489941 0.012605 0.033136
2 0.231513 0.476331 0.024370 0.020118
1 0.900840 0.453254 0.063866 0.052071
1 0.750840 0.614201 0.044538 0.156213
23 0.810924 0.262722 0.018487 0.021302
2 0.852941 0.125444 0.023529 0.018935
1 0.274790 0.785207 0.063866 0.053254
2 0.072689 0.859172 0.024370 0.018935
3 0.865126 0.235503 0.012605 0.037870
4 0.605462 0.266272 0.019328 0.021302
2 0.378571 0.122485 0.019328 0.015385
3 0.857563 0.489941 0.012605 0.035503
3 0.701681 0.265089 0.011765 0.033136
3 0.702101 0.311834 0.012605 0.031953
2 0.352941 0.121893 0.021849 0.016568
2 0.702521 0.350296 0.023529 0.016568
2 0.403782 0.121302 0.019328 0.015385
4 0.760084 0.263905 0.017647 0.016568
2 0.866807 0.273964 0.024370 0.017751
2 0.605882 0.351479 0.025210 0.018935
2 0.555042 0.528402 0.024370 0.020118
4 0.205462 0.749112 0.019328 0.023669
4 0.785294 0.262722 0.017647 0.016568
2 0.812185 0.303550 0.022689 0.017751
2 0.353782 0.488166 0.021849 0.015385
2 0.718487 0.528402 0.023529 0.020118
2 0.844958 0.379290 0.021008 0.017751
2 0.786555 0.304142 0.018487 0.016568
2 0.231933 0.255621 0.021849 0.016568
3 0.231513 0.820710 0.014286 0.034320
3 0.239916 0.158580 0.022689 0.016568
3 0.071429 0.820118 0.013445 0.033136
3 0.718487 0.490533 0.013445 0.034320
4 0.542857 0.418935 0.018487 0.021302
2 0.706723 0.380473 0.018487 0.015385
0 0.352941 0.048521 0.013445 0.009467
4 0.554622 0.418935 0.016807 0.021302
4 0.071849 0.747929 0.014286 0.023669
3 0.084874 0.395266 0.025210 0.016568
3 0.247479 0.401183 0.024370 0.016568
4 0.694118 0.419527 0.018487 0.020118
2 0.760504 0.304142 0.020168 0.016568
3 0.143277 0.395858 0.026050 0.015385
2 0.218908 0.710059 0.021008 0.018935
3 0.248319 0.277515 0.022689 0.017751
3 0.084454 0.430769 0.026050 0.016568
6 0.686555 0.239053 0.036975 0.014201
2 0.542437 0.380473 0.019328 0.017751
3 0.247899 0.437278 0.021849 0.017751
4 0.856723 0.164497 0.026050 0.021302
2 0.058824 0.711834 0.020168 0.017751
3 0.247899 0.313018 0.021849 0.015385
2 0.735294 0.304734 0.020168 0.017751
4 0.864706 0.165089 0.018487 0.022485
4 0.843697 0.165680 0.021849 0.021302
4 0.231513 0.748521 0.015966 0.027219
4 0.047899 0.747929 0.018487 0.023669
3 0.240336 0.185207 0.023529 0.015385
4 0.277731 0.160355 0.014286 0.022485
4 0.057143 0.749112 0.020168 0.028402
4 0.218908 0.748521 0.021008 0.027219
4 0.718067 0.417160 0.017647 0.024852
4 0.529832 0.418343 0.015966 0.015385
4 0.853782 0.417160 0.020168 0.022485
4 0.707983 0.417751 0.026050 0.026036
0 0.810924 0.231361 0.013445 0.010651
4 0.832773 0.420710 0.020168 0.022485
