3 0.206303 0.560947 0.012605 0.033136
1 0.118067 0.614201 0.052941 0.080473
1 0.341597 0.613609 0.052941 0.079290
1 0.118067 0.437870 0.052941 0.082840
1 0.873950 0.538462 0.105882 0.260355
1 0.845378 0.189349 0.072269 0.165680
1 0.340756 0.437278 0.052941 0.081657
4 0.248739 0.601183 0.018487 0.023669
4 0.248319 0.513018 0.017647 0.024852
2 0.432353 0.203550 0.017647 0.016568
26 0.039076 0.094675 0.034454 0.047337
2 0.390336 0.204734 0.017647 0.016568
2 0.369328 0.204734 0.017647 0.016568
4 0.757143 0.678107 0.016807 0.030769
3 0.248319 0.559763 0.012605 0.033136
2 0.205882 0.634911 0.023529 0.017751
2 0.302521 0.185799 0.023529 0.018935
4 0.206723 0.511834 0.018487 0.022485
4 0.206303 0.601183 0.019328 0.023669
2 0.570168 0.380473 0.027731 0.020118
3 0.496218 0.114201 0.010924 0.027219
2 0.247899 0.635503 0.021849 0.018935
4 0.722689 0.679290 0.020168 0.030769
4 0.214706 0.159172 0.017647 0.020118
2 0.454622 0.204142 0.020168 0.015385
3 0.478992 0.142012 0.026891 0.016568
3 0.071008 0.426036 0.026050 0.014201
41 0.542437 0.141420 0.015966 0.013018
2 0.273950 0.233136 0.023529 0.018935
3 0.516807 0.317751 0.025210 0.015385
2 0.562605 0.380473 0.027731 0.020118
3 0.071429 0.602367 0.026891 0.014201
2 0.411765 0.204142 0.016807 0.015385
3 0.386975 0.601775 0.027731 0.013018
7 0.167647 0.088166 0.036134 0.017751
3 0.386134 0.425444 0.024370 0.013018
4 0.513445 0.271006 0.015126 0.023669
41 0.534034 0.295858 0.010924 0.018935
4 0.454622 0.162722 0.018487 0.017751
0 0.360504 0.133728 0.013445 0.014201
3 0.499160 0.292899 0.011765 0.029586
7 0.228151 0.218343 0.041176 0.017751
23 0.368487 0.163905 0.019328 0.024852
4 0.483193 0.094083 0.015126 0.024852
41 0.462185 0.118935 0.010084 0.017751
18 0.146639 0.188757 0.017647 0.020118
2 0.187395 0.233136 0.023529 0.018935
2 0.252941 0.098225 0.021849 0.028402
25 0.199580 0.113018 0.017647 0.034320
3 0.215546 0.111243 0.012605 0.033136
23 0.392017 0.166272 0.019328 0.024852
23 0.410504 0.166272 0.019328 0.024852
23 0.432353 0.165089 0.019328 0.024852
23 0.555882 0.342604 0.019328 0.024852
23 0.576050 0.342604 0.019328 0.024852
54 0.275630 0.143787 0.078992 0.048521
0 0.223529 0.077515 0.013445 0.015385
0 0.136134 0.079290 0.013445 0.014201
6 0.226050 0.536686 0.035294 0.015385
18 0.145798 0.210059 0.017647 0.020118
18 0.146639 0.236095 0.017647 0.020118
18 0.146639 0.258580 0.017647 0.020118
16 0.049160 0.166864 0.054622 0.042604
