1 0.406723 0.589349 0.062185 0.092308
1 0.810504 0.182840 0.059664 0.062722
1 0.822689 0.388757 0.058824 0.062722
4 0.853361 0.241420 0.021008 0.021302
1 0.609244 0.580473 0.075630 0.159763
1 0.165546 0.178698 0.104202 0.198817
35 0.115966 0.320118 0.026891 0.031953
1 0.419748 0.146154 0.059664 0.057988
1 0.419328 0.334911 0.058824 0.061538
2 0.685294 0.291124 0.022689 0.018935
2 0.854202 0.279882 0.026050 0.017751
2 0.685714 0.380473 0.025210 0.017751
3 0.639076 0.229586 0.026050 0.014201
3 0.638655 0.318343 0.026891 0.014201
2 0.567227 0.298817 0.021849 0.017751
3 0.079832 0.441420 0.026891 0.016568
2 0.849580 0.486391 0.025210 0.018935
3 0.294118 0.159763 0.025210 0.014201
2 0.071008 0.055030 0.021008 0.017751
4 0.639496 0.360355 0.021849 0.022485
4 0.239496 0.284024 0.020168 0.028402
3 0.079832 0.383432 0.028571 0.016568
4 0.684454 0.342012 0.021008 0.021302
3 0.331513 0.591124 0.026050 0.015385
6 0.507143 0.228402 0.037815 0.011834
4 0.848319 0.448521 0.019328 0.023669
4 0.684454 0.253254 0.021008 0.021302
4 0.083193 0.089349 0.015126 0.020118
21 0.113025 0.484024 0.027731 0.026036
3 0.079412 0.484024 0.026050 0.016568
4 0.638235 0.188166 0.022689 0.021302
4 0.070588 0.099408 0.013445 0.016568
23 0.592857 0.251479 0.017647 0.020118
4 0.567647 0.251479 0.015966 0.017751
3 0.079412 0.324852 0.027731 0.017751
4 0.089076 0.278107 0.016807 0.021302
4 0.265126 0.159763 0.014286 0.023669
23 0.545798 0.251479 0.022689 0.022485
4 0.071429 0.253254 0.018487 0.021302
4 0.265126 0.139645 0.012605 0.021302
35 0.117647 0.380473 0.026891 0.031953
35 0.116807 0.438462 0.026891 0.031953
41 0.614286 0.259172 0.013445 0.026036
