1 0.406723 0.589349 0.062185 0.092308
1 0.417647 0.330769 0.052101 0.079290
1 0.807563 0.365089 0.053782 0.079290
35 0.116387 0.377515 0.029412 0.040237
1 0.165546 0.178698 0.104202 0.198817
1 0.609244 0.581657 0.075630 0.159763
1 0.416807 0.134911 0.052101 0.080473
1 0.807983 0.170414 0.051261 0.082840
2 0.685294 0.291124 0.022689 0.018935
2 0.861765 0.439645 0.026050 0.020118
2 0.862185 0.244970 0.025210 0.018935
2 0.685714 0.380473 0.025210 0.017751
4 0.861765 0.205917 0.019328 0.023669
3 0.639076 0.229586 0.026050 0.014201
3 0.638655 0.318343 0.026891 0.014201
2 0.567227 0.298225 0.021849 0.016568
3 0.079832 0.441420 0.026891 0.016568
3 0.293697 0.159763 0.024370 0.014201
4 0.861765 0.400592 0.019328 0.022485
4 0.639496 0.360355 0.021849 0.022485
2 0.071008 0.055030 0.021008 0.017751
4 0.239496 0.284024 0.020168 0.028402
4 0.684454 0.342012 0.021008 0.021302
3 0.079832 0.383432 0.028571 0.016568
3 0.331513 0.591124 0.026050 0.015385
4 0.083193 0.089941 0.015126 0.018935
21 0.113025 0.484024 0.027731 0.026036
4 0.684454 0.253254 0.019328 0.021302
3 0.079412 0.484024 0.026050 0.016568
4 0.070588 0.099408 0.013445 0.016568
4 0.638655 0.188166 0.021849 0.021302
6 0.507143 0.228402 0.036134 0.011834
23 0.592857 0.251479 0.017647 0.020118
4 0.567647 0.253846 0.017647 0.017751
3 0.079412 0.324852 0.027731 0.017751
4 0.265126 0.159763 0.014286 0.023669
4 0.089076 0.278107 0.016807 0.021302
23 0.545798 0.252071 0.022689 0.021302
4 0.071429 0.253254 0.018487 0.021302
4 0.265126 0.139645 0.012605 0.021302
35 0.118067 0.321893 0.029412 0.040237
35 0.116387 0.441420 0.029412 0.040237
