1 0.837815 0.249704 0.100840 0.267456
2 0.943697 0.331361 0.015126 0.028402
1 0.129412 0.275148 0.107563 0.091124
1 0.837395 0.591716 0.094958 0.267456
3 0.445798 0.725444 0.012605 0.033136
3 0.479832 0.324852 0.011765 0.031953
2 0.943277 0.673964 0.014286 0.029586
2 0.506303 0.124852 0.014286 0.024852
2 0.944118 0.626627 0.014286 0.029586
1 0.128571 0.619527 0.107563 0.091124
4 0.584034 0.549704 0.015126 0.022485
3 0.532773 0.631361 0.020168 0.015385
3 0.479412 0.726627 0.012605 0.033136
3 0.335714 0.656213 0.026050 0.017751
2 0.445378 0.398817 0.023529 0.016568
4 0.478151 0.365680 0.016807 0.016568
2 0.444958 0.801183 0.022689 0.016568
4 0.407563 0.601775 0.018487 0.020118
4 0.210924 0.278107 0.020168 0.021302
2 0.479832 0.399408 0.023529 0.017751
2 0.943697 0.283432 0.015126 0.029586
2 0.375210 0.801183 0.024370 0.018935
2 0.894118 0.128994 0.011765 0.028402
2 0.894118 0.472189 0.013445 0.030769
2 0.328992 0.147337 0.012605 0.022485
4 0.210924 0.620118 0.020168 0.023669
3 0.445798 0.324260 0.012605 0.035503
2 0.505462 0.099408 0.012605 0.021302
2 0.550840 0.800592 0.022689 0.017751
2 0.375630 0.398225 0.025210 0.017751
2 0.479832 0.800592 0.023529 0.017751
3 0.601261 0.171006 0.024370 0.015385
4 0.478992 0.678698 0.018487 0.020118
4 0.478571 0.767456 0.017647 0.020118
2 0.550840 0.398225 0.024370 0.017751
2 0.063025 0.580473 0.021849 0.017751
2 0.329412 0.172189 0.011765 0.024852
2 0.505042 0.071006 0.011765 0.023669
2 0.063025 0.648521 0.021849 0.018935
3 0.391597 0.230178 0.021849 0.015385
2 0.329412 0.573964 0.011765 0.023669
3 0.533613 0.230178 0.021849 0.015385
2 0.506303 0.526627 0.014286 0.026036
2 0.190336 0.316568 0.021008 0.017751
4 0.445798 0.365680 0.019328 0.016568
4 0.407143 0.199408 0.017647 0.022485
3 0.589076 0.656213 0.028571 0.020118
4 0.515966 0.601775 0.016807 0.022485
3 0.601261 0.525444 0.024370 0.014201
3 0.551261 0.605325 0.013445 0.031953
2 0.190336 0.659172 0.021008 0.018935
2 0.505462 0.472189 0.012605 0.023669
2 0.328992 0.548521 0.012605 0.022485
3 0.589076 0.344379 0.030252 0.016568
3 0.335294 0.743787 0.026891 0.017751
2 0.505042 0.501183 0.013445 0.020118
4 0.446218 0.767456 0.018487 0.015385
8 0.371849 0.744379 0.027731 0.037870
3 0.601261 0.124260 0.026050 0.014201
3 0.550840 0.146154 0.014286 0.031953
3 0.551261 0.547929 0.013445 0.033136
3 0.336134 0.343195 0.025210 0.016568
3 0.601681 0.573964 0.026891 0.014201
4 0.478992 0.276923 0.016807 0.021302
2 0.062605 0.304734 0.021008 0.017751
3 0.373950 0.203550 0.013445 0.028402
3 0.551261 0.203550 0.011765 0.030769
3 0.335714 0.254438 0.026050 0.016568
3 0.588235 0.255030 0.028571 0.017751
4 0.533613 0.522485 0.013445 0.029586
2 0.063025 0.240237 0.020168 0.021302
3 0.588235 0.746154 0.031933 0.020118
23 0.531933 0.473964 0.018487 0.022485
8 0.372269 0.340828 0.030252 0.035503
8 0.372269 0.253846 0.028571 0.034320
4 0.357563 0.172781 0.014286 0.028402
15 0.552101 0.657396 0.028571 0.039053
4 0.515966 0.200592 0.016807 0.020118
4 0.445378 0.678698 0.016807 0.015385
4 0.532773 0.122485 0.016807 0.024852
4 0.357143 0.573373 0.015126 0.027219
4 0.584034 0.146746 0.018487 0.018935
3 0.373529 0.604734 0.014286 0.035503
8 0.373109 0.657396 0.031933 0.043787
3 0.390756 0.631361 0.021849 0.015385
4 0.445798 0.276331 0.015966 0.017751
23 0.357143 0.146154 0.015126 0.020118
23 0.534454 0.070414 0.015126 0.020118
23 0.534454 0.098817 0.015126 0.020118
15 0.548739 0.340828 0.030252 0.035503
15 0.550420 0.255030 0.030252 0.036686
15 0.552941 0.744970 0.028571 0.039053
23 0.357143 0.551479 0.013445 0.023669
4 0.894958 0.281657 0.011765 0.023669
4 0.894958 0.314793 0.011765 0.023669
4 0.894958 0.626036 0.011765 0.023669
4 0.894958 0.661538 0.011765 0.023669
41 0.382353 0.145562 0.013445 0.016568
41 0.382353 0.552663 0.013445 0.016568
