1 0.332773 0.150888 0.107563 0.088757
1 0.141176 0.151479 0.110924 0.089941
1 0.232353 0.857396 0.079832 0.053254
1 0.877731 0.207101 0.138655 0.338462
1 0.884034 0.771598 0.075630 0.097041
1 0.180252 0.714793 0.078151 0.123077
1 0.643697 0.294675 0.085714 0.056805
24 0.629412 0.721302 0.035294 0.057988
2 0.231933 0.563905 0.025210 0.020118
2 0.044538 0.750296 0.013445 0.028402
2 0.105882 0.563905 0.025210 0.020118
1 0.376471 0.318343 0.072269 0.080473
3 0.407563 0.627219 0.013445 0.033136
1 0.498319 0.166864 0.062185 0.160947
1 0.658824 0.389941 0.050420 0.053254
4 0.713866 0.136095 0.017647 0.018935
2 0.044118 0.459763 0.014286 0.027219
2 0.273950 0.930178 0.025210 0.018935
2 0.635294 0.174556 0.023529 0.017751
2 0.069748 0.212426 0.011765 0.027219
1 0.376050 0.908876 0.034454 0.063905
4 0.110084 0.878698 0.016807 0.024852
3 0.689076 0.774556 0.011765 0.031953
26 0.526471 0.579882 0.032773 0.049704
4 0.093697 0.881065 0.015966 0.024852
2 0.715126 0.174556 0.025210 0.020118
24 0.322689 0.706509 0.127731 0.061538
24 0.516387 0.674556 0.026050 0.049704
1 0.714706 0.657396 0.049580 0.084024
2 0.541176 0.171598 0.013445 0.028402
1 0.501261 0.910651 0.036134 0.065089
3 0.215546 0.428994 0.012605 0.039053
1 0.438655 0.910651 0.033613 0.065089
2 0.634034 0.671006 0.021008 0.018935
0 0.068487 0.176923 0.009244 0.015385
2 0.682353 0.610059 0.013445 0.029586
2 0.169748 0.460355 0.015126 0.028402
2 0.044118 0.904734 0.010924 0.027219
6 0.131092 0.856805 0.030252 0.014201
3 0.466387 0.726627 0.010084 0.030769
3 0.575630 0.804142 0.025210 0.015385
3 0.753782 0.633136 0.015126 0.035503
2 0.069748 0.094675 0.010084 0.026036
2 0.616807 0.472781 0.013445 0.029586
3 0.307983 0.856213 0.032773 0.013018
3 0.722689 0.773964 0.011765 0.033136
2 0.178151 0.844379 0.013445 0.024852
2 0.258824 0.212426 0.013445 0.027219
4 0.467227 0.821302 0.015126 0.023669
4 0.651261 0.052071 0.013445 0.023669
2 0.373950 0.257396 0.021849 0.020118
4 0.453782 0.353846 0.018487 0.018935
2 0.870588 0.636095 0.021849 0.017751
3 0.353782 0.407692 0.026891 0.015385
3 0.580252 0.085207 0.012605 0.028402
2 0.956723 0.146746 0.010924 0.026036
4 0.403361 0.821302 0.016807 0.021302
4 0.172269 0.895266 0.013445 0.027219
3 0.576471 0.827219 0.025210 0.014201
26 0.563866 0.118343 0.023529 0.047337
3 0.448739 0.704142 0.023529 0.014201
2 0.945378 0.605917 0.023529 0.018935
4 0.530252 0.820710 0.016807 0.024852
3 0.407143 0.537870 0.014286 0.031953
29 0.353361 0.607692 0.046218 0.031953
4 0.077311 0.879290 0.016807 0.023669
2 0.228151 0.765680 0.022689 0.016568
2 0.094118 0.632544 0.013445 0.024852
4 0.584034 0.313018 0.015126 0.017751
4 0.744118 0.714201 0.010924 0.024852
2 0.772269 0.715385 0.011765 0.027219
4 0.173109 0.868047 0.016807 0.020118
4 0.706303 0.803550 0.014286 0.021302
2 0.492017 0.765680 0.022689 0.016568
4 0.706723 0.400592 0.015126 0.017751
2 0.315966 0.514201 0.013445 0.027219
2 0.317227 0.602959 0.012605 0.027219
3 0.723109 0.378107 0.021008 0.015385
2 0.560504 0.402959 0.011765 0.027219
3 0.589496 0.401775 0.022689 0.015385
4 0.842437 0.811243 0.019328 0.017751
2 0.206723 0.114201 0.018487 0.020118
2 0.207563 0.192308 0.018487 0.017751
4 0.425210 0.537278 0.015126 0.018935
2 0.594118 0.125444 0.011765 0.026036
2 0.258824 0.094083 0.010084 0.024852
0 0.037815 0.102367 0.013445 0.013018
3 0.860084 0.572189 0.012605 0.027219
2 0.634874 0.770414 0.019328 0.018935
3 0.942437 0.815976 0.009244 0.036686
2 0.438655 0.231953 0.013445 0.026036
2 0.425630 0.575740 0.021008 0.017751
8 0.490756 0.704734 0.023529 0.031953
4 0.870588 0.595266 0.015126 0.016568
4 0.173109 0.913018 0.015126 0.027219
2 0.396218 0.192899 0.019328 0.016568
3 0.706303 0.833136 0.022689 0.018935
0 0.550840 0.792899 0.012605 0.011834
3 0.353782 0.462130 0.028571 0.020118
2 0.852941 0.540237 0.018487 0.017751
0 0.703361 0.230178 0.013445 0.017751
2 0.305042 0.319527 0.011765 0.023669
0 0.484454 0.668639 0.009244 0.016568
4 0.255462 0.802959 0.020168 0.024852
2 0.454622 0.392308 0.023529 0.017751
11 0.382353 0.407692 0.015126 0.034320
2 0.517227 0.511834 0.024370 0.020118
0 0.047059 0.856805 0.008403 0.018935
4 0.823109 0.808876 0.017647 0.017751
0 0.582353 0.054438 0.011765 0.011834
2 0.395798 0.114201 0.020168 0.020118
3 0.073529 0.459763 0.029412 0.020118
3 0.199160 0.461538 0.026891 0.018935
3 0.786134 0.307692 0.024370 0.011834
3 0.705882 0.856213 0.023529 0.017751
3 0.302941 0.212426 0.024370 0.017751
4 0.633613 0.851479 0.015126 0.022485
0 0.037395 0.169822 0.014286 0.013018
3 0.590336 0.388757 0.024370 0.010651
0 0.746218 0.378107 0.008403 0.017751
3 0.749160 0.633136 0.014286 0.035503
2 0.668487 0.067456 0.017647 0.018935
4 0.089916 0.774556 0.015126 0.024852
11 0.836134 0.619527 0.016807 0.020118
22 0.588655 0.472781 0.019328 0.022485
22 0.088235 0.702367 0.020168 0.024852
3 0.697059 0.100592 0.024370 0.014201
6 0.102941 0.724260 0.010924 0.035503
3 0.273529 0.892899 0.014286 0.031953
3 0.588235 0.379290 0.023529 0.015385
2 0.655882 0.788757 0.017647 0.020118
22 0.588655 0.472781 0.019328 0.022485
2 0.814706 0.833136 0.014286 0.021302
4 0.632773 0.824260 0.016807 0.022485
0 0.188655 0.947337 0.015966 0.013018
7 0.588235 0.561538 0.023529 0.015385
0 0.728151 0.737278 0.012605 0.014201
3 0.113025 0.213018 0.024370 0.018935
22 0.037815 0.136686 0.018487 0.024852
24 0.900840 0.483432 0.154622 0.074556
2 0.802101 0.608284 0.021008 0.021302
15 0.642437 0.230178 0.024370 0.036686
36 0.634454 0.102367 0.047059 0.055621
4 0.090756 0.749704 0.015126 0.024852
5 0.059664 0.882249 0.018487 0.024852
2 0.156303 0.939053 0.025210 0.020118
3 0.307983 0.871598 0.032773 0.013018
3 0.577311 0.852071 0.025210 0.014201
23 0.126471 0.657396 0.017647 0.020118
3 0.949580 0.816568 0.011765 0.030769
11 0.102521 0.505325 0.018487 0.030769
3 0.080252 0.501183 0.015966 0.013018
3 0.088235 0.517160 0.010084 0.016568
3 0.205462 0.502959 0.014286 0.009467
3 0.214286 0.515976 0.008403 0.016568
11 0.226471 0.504734 0.017647 0.031953
11 0.382773 0.459763 0.019328 0.029586
29 0.353361 0.520118 0.046218 0.031953
16 0.522269 0.475148 0.054622 0.034320
2 0.547059 0.514201 0.015126 0.024852
23 0.557983 0.540237 0.021849 0.024852
7 0.588235 0.578107 0.023529 0.015385
0 0.624790 0.571006 0.010924 0.015385
2 0.612185 0.585207 0.015966 0.027219
3 0.088655 0.431361 0.010924 0.031953
8 0.105882 0.410059 0.026891 0.036686
8 0.228992 0.407692 0.022689 0.039053
3 0.112185 0.094675 0.024370 0.018935
3 0.302101 0.091124 0.024370 0.018935
2 0.437395 0.098225 0.014286 0.026036
0 0.254622 0.176923 0.008403 0.015385
0 0.114286 0.773964 0.006723 0.016568
0 0.097479 0.682249 0.010084 0.015385
3 0.826891 0.602959 0.015126 0.010651
3 0.835714 0.592899 0.010924 0.021302
3 0.786975 0.320710 0.024370 0.011834
2 0.773950 0.163314 0.013445 0.018935
0 0.771849 0.179290 0.009244 0.015385
0 0.460084 0.295266 0.009244 0.015385
0 0.460924 0.330769 0.009244 0.015385
4 0.633613 0.805325 0.016807 0.022485
4 0.110084 0.656213 0.015126 0.024852
0 0.752521 0.670414 0.010924 0.015385
0 0.813866 0.784024 0.010924 0.015385
0 0.886134 0.573373 0.010924 0.015385
0 0.625210 0.053846 0.013445 0.017751
0 0.440336 0.214793 0.013445 0.017751
0 0.944958 0.780473 0.010924 0.015385
0 0.332353 0.856213 0.010924 0.015385
0 0.333193 0.870414 0.010924 0.015385
