1 0.278571 0.368639 0.093277 0.216568
4 0.189916 0.471598 0.016807 0.022485
1 0.400420 0.631953 0.110084 0.089941
4 0.357143 0.466272 0.018487 0.016568
3 0.492017 0.677515 0.012605 0.039053
2 0.334874 0.448521 0.012605 0.026036
3 0.357563 0.426036 0.012605 0.035503
2 0.463025 0.669822 0.021849 0.018935
3 0.508824 0.610059 0.022689 0.017751
2 0.335714 0.271006 0.012605 0.023669
2 0.219328 0.424852 0.013445 0.028402
2 0.336555 0.670414 0.021008 0.017751
4 0.541597 0.605325 0.015966 0.027219
3 0.525630 0.424852 0.014286 0.035503
4 0.541597 0.583432 0.012605 0.028402
2 0.578571 0.597041 0.010924 0.024852
4 0.425210 0.428402 0.020168 0.023669
4 0.509244 0.654438 0.015126 0.023669
4 0.171429 0.472189 0.016807 0.021302
3 0.526050 0.678698 0.013445 0.036686
2 0.363445 0.366864 0.014286 0.026036
2 0.335714 0.592308 0.019328 0.020118
4 0.340756 0.378698 0.017647 0.023669
4 0.406723 0.429586 0.015126 0.026036
2 0.358403 0.500000 0.024370 0.017751
23 0.207143 0.471006 0.017647 0.026036
4 0.215126 0.494675 0.013445 0.028402
6 0.374370 0.398817 0.022689 0.014201
23 0.391176 0.429586 0.017647 0.026036
8 0.525630 0.526036 0.027731 0.034320
4 0.323529 0.639053 0.015126 0.023669
2 0.435294 0.462130 0.016807 0.027219
0 0.364706 0.342012 0.010084 0.016568
