3 0.247899 0.695858 0.013445 0.033136
1 0.160504 0.214201 0.094118 0.222485
1 0.527311 0.136686 0.115126 0.088757
1 0.160504 0.628402 0.094118 0.222485
1 0.526891 0.549704 0.109244 0.091124
4 0.432353 0.807692 0.017647 0.022485
24 0.844958 0.756213 0.049580 0.165680
1 0.656303 0.698817 0.075630 0.076923
1 0.529412 0.767456 0.062185 0.062722
3 0.831513 0.177515 0.010924 0.028402
4 0.945378 0.176923 0.018487 0.017751
2 0.303361 0.724260 0.023529 0.018935
2 0.831933 0.404734 0.023529 0.018935
4 0.247479 0.737278 0.017647 0.021302
2 0.945798 0.403550 0.024370 0.018935
1 0.530672 0.353846 0.061345 0.066272
2 0.563445 0.847337 0.024370 0.018935
2 0.217227 0.295266 0.012605 0.027219
2 0.462605 0.191716 0.022689 0.018935
4 0.428151 0.296450 0.014286 0.027219
4 0.410924 0.099408 0.016807 0.021302
2 0.255042 0.118343 0.012605 0.028402
4 0.429412 0.731361 0.013445 0.026036
2 0.727311 0.385799 0.024370 0.018935
2 0.217227 0.707692 0.012605 0.030769
4 0.429412 0.099408 0.016807 0.023669
2 0.727311 0.173964 0.024370 0.016568
2 0.865966 0.215385 0.024370 0.018935
23 0.097479 0.317751 0.018487 0.027219
2 0.945378 0.215385 0.025210 0.018935
4 0.415126 0.808876 0.020168 0.022485
2 0.249160 0.770414 0.024370 0.018935
2 0.255042 0.531953 0.012605 0.027219
2 0.495378 0.715976 0.021008 0.018935
2 0.865966 0.403550 0.022689 0.018935
2 0.831933 0.215385 0.023529 0.018935
4 0.411765 0.513018 0.020168 0.024852
4 0.445798 0.511243 0.015966 0.021302
2 0.495798 0.302959 0.021849 0.016568
3 0.411345 0.223077 0.014286 0.031953
4 0.430252 0.317160 0.015126 0.026036
4 0.945378 0.365089 0.016807 0.017751
4 0.247479 0.323669 0.017647 0.020118
2 0.302521 0.310651 0.023529 0.017751
4 0.427731 0.511834 0.016807 0.022485
3 0.412185 0.637278 0.014286 0.036686
2 0.563445 0.433728 0.024370 0.017751
3 0.247479 0.284024 0.012605 0.033136
3 0.411345 0.682840 0.014286 0.028402
4 0.063445 0.731361 0.017647 0.021302
4 0.080252 0.730769 0.019328 0.022485
4 0.428571 0.708876 0.015126 0.021302
2 0.254622 0.626036 0.015126 0.023669
3 0.814706 0.153846 0.024370 0.016568
24 0.751681 0.085207 0.024370 0.052071
2 0.052521 0.343195 0.012605 0.026036
0 0.671849 0.616568 0.012605 0.009467
4 0.080252 0.318343 0.019328 0.023669
3 0.831933 0.368047 0.011765 0.028402
4 0.428992 0.614201 0.014286 0.021302
2 0.248739 0.356805 0.025210 0.020118
4 0.063866 0.318935 0.018487 0.022485
2 0.598739 0.150296 0.012605 0.023669
4 0.428992 0.200000 0.014286 0.023669
4 0.445798 0.100592 0.017647 0.023669
2 0.463025 0.605917 0.021849 0.018935
4 0.433193 0.394675 0.017647 0.022485
4 0.415126 0.395266 0.020168 0.021302
3 0.927731 0.331361 0.025210 0.016568
4 0.227311 0.224260 0.015966 0.024852
4 0.226471 0.637278 0.015966 0.024852
3 0.700840 0.136095 0.011765 0.028402
4 0.301681 0.272781 0.013445 0.027219
4 0.428151 0.590533 0.014286 0.023669
4 0.688655 0.649704 0.012605 0.026036
4 0.450420 0.808876 0.021849 0.022485
4 0.302941 0.684024 0.015966 0.026036
0 0.054202 0.295266 0.010924 0.020118
3 0.411345 0.269231 0.014286 0.029586
2 0.102521 0.685207 0.013445 0.026036
2 0.598739 0.562722 0.012605 0.027219
4 0.681513 0.753846 0.011765 0.018935
4 0.689076 0.625444 0.011765 0.024852
0 0.252101 0.601775 0.013445 0.015385
2 0.656303 0.646154 0.018487 0.016568
3 0.928571 0.142604 0.025210 0.017751
2 0.254202 0.212426 0.014286 0.022485
4 0.682353 0.778698 0.015126 0.021302
6 0.266807 0.245562 0.032773 0.015385
2 0.900000 0.296450 0.018487 0.020118
0 0.055042 0.708876 0.010924 0.021302
2 0.898319 0.107692 0.020168 0.021302
3 0.813866 0.343195 0.024370 0.016568
2 0.102101 0.273373 0.012605 0.023669
2 0.710924 0.824260 0.018487 0.017751
0 0.251261 0.188757 0.013445 0.015385
23 0.281933 0.270414 0.017647 0.027219
8 0.410924 0.342012 0.030252 0.035503
2 0.463445 0.475148 0.015966 0.020118
4 0.449160 0.395266 0.024370 0.021302
4 0.428571 0.171598 0.015126 0.026036
2 0.464286 0.062130 0.015966 0.015385
4 0.414706 0.395266 0.021008 0.021302
4 0.882773 0.283432 0.015966 0.022485
11 0.723950 0.325444 0.019328 0.033136
23 0.281513 0.684024 0.016807 0.030769
4 0.882773 0.095266 0.014286 0.022485
4 0.226471 0.637870 0.015966 0.026036
5 0.680252 0.802367 0.015966 0.021302
0 0.720588 0.077515 0.009244 0.017751
36 0.865966 0.144970 0.049580 0.060355
3 0.701681 0.324260 0.018487 0.011834
3 0.710504 0.336686 0.007563 0.017751
0 0.858403 0.282840 0.007563 0.021302
36 0.862185 0.328402 0.045378 0.065089
8 0.727311 0.230178 0.024370 0.036686
3 0.710084 0.253846 0.011765 0.031953
3 0.685294 0.112426 0.022689 0.016568
8 0.726891 0.113018 0.025210 0.034320
0 0.857983 0.094675 0.008403 0.018935
6 0.264706 0.657988 0.036975 0.014201
4 0.319748 0.685207 0.015966 0.026036
15 0.412185 0.566272 0.024370 0.034320
2 0.050840 0.758580 0.017647 0.026036
8 0.411345 0.758580 0.029412 0.033136
23 0.096639 0.736686 0.018487 0.027219
4 0.319748 0.269822 0.015966 0.030769
15 0.410084 0.155030 0.030252 0.035503
8 0.726050 0.230178 0.025210 0.036686
