1 0.059371 0.551257 0.078684 0.127660
24 0.208155 0.237911 0.038627 0.069632
2 0.178827 0.531915 0.028612 0.023211
2 0.801860 0.674081 0.035765 0.029014
6 0.434907 0.206963 0.054363 0.019342
24 0.901288 0.451644 0.057225 0.052224
2 0.586552 0.053191 0.037196 0.029014
4 0.486409 0.556093 0.031474 0.032882
35 0.412732 0.472921 0.044349 0.052224
4 0.715308 0.555126 0.031474 0.046422
4 0.801860 0.547389 0.027182 0.054159
0 0.178827 0.165377 0.025751 0.021277
1 0.613734 0.338491 0.197425 0.174081
4 0.180258 0.412959 0.025751 0.036750
4 0.142346 0.411992 0.027182 0.050290
3 0.800429 0.404255 0.021459 0.069632
2 0.643777 0.712766 0.037196 0.029014
4 0.426323 0.143133 0.037196 0.038685
3 0.329041 0.480658 0.048641 0.032882
35 0.412732 0.405222 0.044349 0.052224
3 0.330472 0.409091 0.048641 0.032882
3 0.713877 0.645068 0.048641 0.032882
3 0.565093 0.209865 0.048641 0.032882
21 0.663805 0.211799 0.051502 0.036750
24 0.207439 0.486460 0.040057 0.067698
