1 0.454925 0.313866 0.071642 0.142017
24 0.433731 0.515546 0.032836 0.029412
4 0.540000 0.366807 0.014925 0.017647
3 0.579104 0.411765 0.008358 0.030252
24 0.635821 0.331092 0.028657 0.033613
4 0.378806 0.382773 0.013731 0.026050
4 0.393134 0.221429 0.008955 0.017647
3 0.579104 0.362185 0.010746 0.030252
3 0.603881 0.362605 0.011343 0.029412
4 0.441493 0.417647 0.013731 0.018487
3 0.603284 0.463025 0.012537 0.026891
0 0.300896 0.277731 0.013134 0.012605
4 0.554328 0.403361 0.012537 0.011765
3 0.602687 0.411345 0.010149 0.026050
4 0.319104 0.359244 0.013731 0.019328
3 0.390448 0.292017 0.022687 0.014286
3 0.603582 0.515546 0.010746 0.027731
3 0.340000 0.292857 0.019701 0.012605
4 0.621194 0.397059 0.013731 0.015966
4 0.513433 0.431513 0.013134 0.024370
2 0.366866 0.484454 0.014925 0.012605
4 0.302090 0.376050 0.014328 0.019328
4 0.337612 0.364286 0.013731 0.019328
4 0.375821 0.301681 0.007761 0.016807
3 0.514627 0.333613 0.010746 0.030252
3 0.513433 0.386555 0.010746 0.030252
4 0.567463 0.403361 0.012537 0.011765
24 0.509254 0.251681 0.017910 0.032773
24 0.289552 0.312185 0.017910 0.032773
4 0.396119 0.319328 0.007761 0.016807
