1 0.365373 0.249371 0.053731 0.104778
1 0.204478 0.099749 0.048358 0.117351
3 0.083284 0.266136 0.019701 0.012573
1 0.349851 0.103521 0.053731 0.079631
1 0.088060 0.430847 0.056716 0.060352
3 0.065672 0.060352 0.008358 0.023470
3 0.224776 0.300084 0.020896 0.011735
3 0.098806 0.104778 0.010149 0.025147
1 0.164478 0.493294 0.030448 0.041073
3 0.125075 0.038977 0.018507 0.012573
3 0.065373 0.245180 0.008955 0.024308
1 0.086567 0.493713 0.038209 0.040235
2 0.081194 0.188181 0.016716 0.014250
3 0.125970 0.225063 0.020299 0.012573
3 0.143582 0.160520 0.011343 0.025985
4 0.080896 0.332775 0.013731 0.013412
3 0.239104 0.119866 0.018507 0.011735
4 0.116119 0.161358 0.012537 0.012573
3 0.142985 0.270746 0.010149 0.025147
3 0.223881 0.249790 0.019104 0.011735
2 0.194925 0.347024 0.013731 0.011735
4 0.116119 0.345767 0.011343 0.012573
2 0.081194 0.373847 0.017910 0.013412
0 0.065373 0.032691 0.008955 0.010059
3 0.032836 0.510478 0.015522 0.016764
3 0.143284 0.344510 0.010746 0.023470
3 0.401791 0.083403 0.014328 0.012573
3 0.224776 0.224225 0.019701 0.012573
3 0.158209 0.428751 0.017910 0.010897
3 0.239701 0.069573 0.017313 0.011735
4 0.283881 0.278709 0.013731 0.015926
3 0.398507 0.106873 0.012537 0.014250
4 0.259403 0.135792 0.010149 0.016764
3 0.083582 0.080889 0.017910 0.014250
0 0.193731 0.196563 0.010149 0.009220
29 0.406567 0.325650 0.020299 0.034367
4 0.080597 0.151299 0.014328 0.015926
22 0.047761 0.081308 0.014328 0.018441
22 0.048358 0.265717 0.014328 0.018441
35 0.130448 0.425398 0.018507 0.020956
35 0.130448 0.438810 0.018507 0.020956
3 0.223582 0.324392 0.020896 0.011735
29 0.334328 0.327326 0.020299 0.034367
3 0.224776 0.274099 0.020896 0.011735
3 0.305075 0.072506 0.016716 0.010897
11 0.101194 0.146270 0.013731 0.025985
10 0.098806 0.228416 0.022090 0.020956
3 0.142985 0.085918 0.011343 0.025985
11 0.420000 0.070830 0.013731 0.025985
11 0.420000 0.113579 0.013731 0.025985
3 0.030448 0.430008 0.015522 0.016764
4 0.030149 0.492456 0.006567 0.019279
3 0.098806 0.290025 0.010149 0.025147
10 0.099403 0.042330 0.022090 0.020956
11 0.101194 0.331517 0.013731 0.025985
4 0.265970 0.325650 0.013731 0.015926
29 0.042090 0.121542 0.028060 0.030176
29 0.042090 0.305951 0.028060 0.030176
0 0.065373 0.215423 0.008955 0.010059
3 0.303881 0.079212 0.016716 0.010897
3 0.304478 0.088433 0.016716 0.010897
3 0.305672 0.097653 0.016716 0.010897
4 0.304478 0.108550 0.010746 0.020956
3 0.158806 0.439648 0.017910 0.010897
