1 0.826775 0.189467 0.047049 0.066586
3 0.911035 0.170097 0.013687 0.032688
3 0.860137 0.538741 0.012831 0.033898
1 0.184773 0.429782 0.082121 0.121065
46 0.157399 0.753027 0.138580 0.433414
3 0.817365 0.478208 0.012831 0.031477
4 0.885800 0.539346 0.017964 0.015738
3 0.735672 0.219734 0.011976 0.032688
2 0.266895 0.830508 0.013687 0.024213
1 0.825492 0.329298 0.047904 0.067797
2 0.227117 0.492131 0.021386 0.018160
3 0.629170 0.279056 0.023097 0.018160
2 0.530368 0.755448 0.022241 0.019370
2 0.140719 0.492131 0.021386 0.018160
4 0.192472 0.230630 0.017109 0.015738
2 0.106929 0.492736 0.020530 0.019370
2 0.261762 0.491525 0.020530 0.019370
2 0.915740 0.585351 0.023097 0.020581
23 0.043627 0.227603 0.020530 0.024213
4 0.068862 0.230630 0.017964 0.015738
0 0.057314 0.750605 0.011976 0.016949
3 0.881095 0.448547 0.025663 0.018160
4 0.235672 0.230024 0.017964 0.014528
2 0.054748 0.667070 0.013687 0.024213
3 0.859709 0.479419 0.011976 0.033898
3 0.859709 0.370460 0.022241 0.014528
3 0.860137 0.382567 0.021386 0.016949
2 0.068007 0.492131 0.019675 0.018160
3 0.466638 0.271792 0.012831 0.032688
3 0.714713 0.089588 0.012831 0.033898
4 0.304534 0.116828 0.017109 0.015738
2 0.576561 0.677966 0.013687 0.026634
3 0.530796 0.394673 0.014542 0.033898
4 0.213858 0.230630 0.018820 0.015738
0 0.057742 0.823850 0.012831 0.018160
2 0.911463 0.222760 0.021386 0.019370
4 0.330197 0.116828 0.018820 0.015738
4 0.119760 0.231840 0.018820 0.015738
4 0.094098 0.230630 0.018820 0.015738
0 0.057742 0.774818 0.012831 0.016949
2 0.183918 0.345036 0.020530 0.016949
2 0.256630 0.280266 0.020530 0.018160
4 0.260479 0.430387 0.021386 0.023002
4 0.145423 0.230630 0.018820 0.015738
4 0.257485 0.230630 0.018820 0.015738
71 0.038494 0.441889 0.023952 0.036320
2 0.530368 0.501211 0.022241 0.019370
3 0.414885 0.261501 0.011976 0.031477
0 0.041916 0.184625 0.017109 0.015738
2 0.329341 0.161017 0.018820 0.016949
0 0.843028 0.099879 0.012831 0.013317
4 0.560308 0.756659 0.018820 0.019370
0 0.722412 0.698547 0.014542 0.014528
3 0.064585 0.072639 0.023097 0.016949
3 0.714713 0.217312 0.014542 0.035109
0 0.192472 0.185230 0.015398 0.014528
8 0.559880 0.394673 0.026518 0.031477
4 0.230967 0.103511 0.018820 0.015738
2 0.312233 0.517554 0.020530 0.020581
3 0.915740 0.478208 0.016253 0.036320
3 0.363986 0.472760 0.012831 0.035109
2 0.757913 0.270581 0.022241 0.018160
15 0.560308 0.709443 0.027374 0.036320
2 0.304106 0.161017 0.017964 0.016949
2 0.577417 0.425545 0.013687 0.027845
0 0.846022 0.507869 0.011976 0.013317
0 0.630026 0.202785 0.012831 0.013317
2 0.376390 0.161017 0.018820 0.016949
0 0.803251 0.509685 0.011976 0.014528
3 0.529940 0.455206 0.014542 0.033898
0 0.757057 0.064165 0.013687 0.012107
2 0.240376 0.562954 0.011976 0.021792
0 0.230967 0.373487 0.013687 0.015738
0 0.646279 0.684625 0.009410 0.018160
3 0.530368 0.708232 0.013687 0.031477
3 0.727545 0.357748 0.011121 0.035109
4 0.825492 0.261501 0.015398 0.021792
2 0.885800 0.585351 0.021386 0.020581
3 0.628743 0.146489 0.022241 0.016949
0 0.067579 0.425545 0.015398 0.015738
4 0.935415 0.449153 0.014542 0.021792
2 0.817365 0.585351 0.021386 0.020581
21 0.475620 0.109564 0.013687 0.032688
42 0.067579 0.109564 0.022241 0.018160
0 0.792130 0.260896 0.010265 0.018160
2 0.142429 0.110775 0.012831 0.023002
0 0.057742 0.884988 0.014542 0.016949
0 0.961506 0.141646 0.011976 0.019370
0 0.630026 0.069613 0.012831 0.013317
0 0.529940 0.608959 0.014542 0.014528
0 0.415740 0.303874 0.013687 0.012107
15 0.560308 0.455206 0.027374 0.033898
8 0.713430 0.157990 0.025663 0.032688
2 0.335757 0.517554 0.017964 0.018160
3 0.444825 0.109564 0.013687 0.035109
2 0.363986 0.516344 0.019675 0.018160
0 0.239093 0.587167 0.012831 0.019370
3 0.867836 0.180387 0.011121 0.029056
0 0.881523 0.156780 0.012831 0.013317
4 0.559880 0.504843 0.017964 0.021792
3 0.376390 0.108959 0.013687 0.033898
0 0.055175 0.848063 0.011121 0.015738
0 0.964927 0.449758 0.013687 0.018160
29 0.108640 0.081719 0.029085 0.037530
35 0.110778 0.115617 0.023097 0.030266
35 0.303251 0.333535 0.023097 0.030266
35 0.332335 0.321429 0.023097 0.030266
35 0.346878 0.334746 0.023097 0.030266
35 0.375107 0.322639 0.023097 0.030266
42 0.393499 0.322034 0.010265 0.046005
42 0.402053 0.323245 0.010265 0.046005
42 0.466638 0.334746 0.012831 0.032688
3 0.334046 0.470339 0.012831 0.035109
17 0.387511 0.262107 0.042772 0.025424
2 0.444825 0.162228 0.018820 0.016949
21 0.402908 0.109564 0.013687 0.032688
2 0.269033 0.094431 0.017964 0.016949
22 0.251497 0.075061 0.017109 0.024213
6 0.209581 0.072034 0.034217 0.018160
0 0.192044 0.056295 0.011121 0.008475
0 0.087254 0.055690 0.015398 0.014528
0 0.135158 0.369855 0.017109 0.015738
25 0.107784 0.444310 0.018820 0.031477
0 0.518392 0.069613 0.013687 0.015738
66 0.541061 0.091404 0.024808 0.049637
54 0.604363 0.090194 0.024808 0.049637
0 0.701027 0.062349 0.012831 0.015738
0 0.516681 0.200363 0.013687 0.015738
46 0.311805 0.473366 0.012831 0.038741
3 0.560736 0.251211 0.012831 0.032688
66 0.540205 0.224576 0.024808 0.049637
54 0.606074 0.225787 0.024808 0.049637
46 0.586399 0.254237 0.021386 0.024213
42 0.583832 0.322034 0.031651 0.021792
4 0.561591 0.345036 0.017964 0.021792
0 0.531223 0.351695 0.013687 0.015738
42 0.581266 0.527845 0.031651 0.021792
42 0.632592 0.338983 0.014542 0.041162
42 0.633447 0.521792 0.014542 0.041162
8 0.757057 0.153148 0.025663 0.032688
42 0.756630 0.338983 0.014542 0.041162
0 0.726262 0.318402 0.013687 0.012107
42 0.739521 0.429782 0.014542 0.041162
46 0.688195 0.403148 0.012831 0.038741
22 0.631737 0.397094 0.017964 0.029056
22 0.631737 0.463680 0.017964 0.029056
0 0.645851 0.432203 0.011976 0.016949
35 0.734388 0.494552 0.023097 0.030266
35 0.752352 0.494552 0.023097 0.030266
2 0.756202 0.545400 0.022241 0.018160
8 0.756202 0.403148 0.027374 0.038741
8 0.734816 0.121671 0.027374 0.032688
0 0.801112 0.080508 0.009410 0.015738
46 0.802823 0.123487 0.012831 0.038741
46 0.820787 0.112591 0.012831 0.038741
46 0.866980 0.110169 0.012831 0.038741
4 0.881523 0.110775 0.016253 0.018160
4 0.897776 0.111985 0.016253 0.018160
3 0.932849 0.142252 0.023097 0.018160
3 0.932849 0.200363 0.023097 0.018160
0 0.963216 0.198547 0.011976 0.019370
3 0.842601 0.140436 0.022241 0.014528
0 0.893926 0.369249 0.011976 0.019370
0 0.893926 0.386199 0.011976 0.019370
0 0.846022 0.248184 0.011976 0.019370
0 0.859709 0.260291 0.011976 0.019370
0 0.868263 0.223971 0.011976 0.019370
22 0.837468 0.449758 0.015398 0.023002
0 0.803251 0.450363 0.011976 0.019370
22 0.816082 0.540557 0.015398 0.023002
22 0.829769 0.541768 0.015398 0.023002
0 0.842601 0.571429 0.011976 0.014528
4 0.902908 0.478814 0.017964 0.015738
46 0.692044 0.620460 0.020530 0.030266
0 0.722840 0.599274 0.011976 0.019370
46 0.692900 0.719734 0.020530 0.030266
22 0.633020 0.656780 0.015398 0.023002
22 0.632164 0.713680 0.015398 0.023002
42 0.633447 0.594431 0.014542 0.041162
42 0.633447 0.777240 0.014542 0.041162
42 0.581266 0.576271 0.031651 0.021792
42 0.582977 0.783293 0.031651 0.021792
8 0.561163 0.646489 0.027374 0.036320
22 0.529512 0.648305 0.015398 0.023002
4 0.559880 0.600484 0.017964 0.021792
46 0.692044 0.829903 0.020530 0.030266
42 0.754919 0.830508 0.031651 0.021792
46 0.606501 0.854116 0.020530 0.030266
46 0.593242 0.830508 0.029940 0.021792
71 0.580838 0.854722 0.022241 0.031477
0 0.539778 0.854722 0.008554 0.016949
0 0.649273 0.854722 0.008554 0.016949
0 0.238238 0.818402 0.014542 0.019370
4 0.068435 0.859564 0.010265 0.026634
46 0.037639 0.473971 0.025663 0.027845
46 0.050898 0.364407 0.038494 0.053269
0 0.789991 0.153148 0.009410 0.015738
2 0.859281 0.587772 0.021386 0.020581
2 0.183490 0.344431 0.021386 0.018160
2 0.144140 0.280266 0.021386 0.018160
