1 0.378842 0.460133 0.112293 0.093023
1 0.248818 0.219269 0.091017 0.119601
3 0.532506 0.493355 0.017730 0.046512
4 0.591017 0.534884 0.026005 0.036545
3 0.455083 0.169435 0.016548 0.049834
2 0.591017 0.620432 0.035461 0.028239
2 0.384161 0.612957 0.035461 0.029900
2 0.691489 0.620432 0.030733 0.028239
3 0.396572 0.170266 0.017730 0.051495
2 0.532506 0.621262 0.034279 0.026578
2 0.703901 0.222591 0.031915 0.026578
2 0.579787 0.224252 0.031915 0.029900
2 0.113475 0.611296 0.035461 0.029900
4 0.532506 0.573920 0.027187 0.034884
2 0.330969 0.313123 0.035461 0.028239
2 0.112884 0.313953 0.034279 0.029900
2 0.732861 0.621262 0.030733 0.026578
2 0.667849 0.223422 0.028369 0.028239
0 0.656619 0.389535 0.022459 0.018272
2 0.774232 0.621262 0.030733 0.026578
2 0.455674 0.313123 0.034279 0.031561
24 0.557920 0.162791 0.037825 0.056478
3 0.455083 0.526578 0.018913 0.053156
2 0.396572 0.313123 0.034279 0.028239
4 0.733452 0.557309 0.024823 0.021595
4 0.691489 0.558140 0.026005 0.023256
2 0.815603 0.620432 0.033097 0.028239
0 0.815012 0.389535 0.020095 0.018272
0 0.130615 0.074751 0.020095 0.016611
2 0.322104 0.376246 0.020095 0.041528
0 0.111702 0.397841 0.022459 0.018272
3 0.230496 0.517442 0.042553 0.021595
4 0.774232 0.556478 0.023641 0.019934
18 0.732270 0.306478 0.027187 0.048173
4 0.815603 0.557309 0.026005 0.021595
4 0.112884 0.524086 0.027187 0.044850
0 0.703901 0.058140 0.017730 0.016611
18 0.679669 0.306478 0.028369 0.048173
0 0.668440 0.057309 0.017730 0.014950
2 0.180260 0.476744 0.024823 0.033223
27 0.417849 0.564784 0.067376 0.029900
0 0.184988 0.517442 0.015366 0.024917
0 0.608747 0.058140 0.018913 0.016611
18 0.797872 0.305648 0.026005 0.046512
35 0.230496 0.468439 0.033097 0.039867
6 0.490544 0.449336 0.044917 0.014950
24 0.643026 0.161130 0.037825 0.056478
24 0.744681 0.136213 0.037825 0.056478
