2 0.135158 0.828692 0.018820 0.030266
3 0.086399 0.720339 0.013687 0.036320
1 0.152267 0.210654 0.083832 0.099274
3 0.086399 0.798426 0.013687 0.037530
1 0.563730 0.277240 0.083832 0.099274
1 0.168092 0.744552 0.076133 0.053269
2 0.578700 0.426150 0.026518 0.021792
3 0.210009 0.792978 0.012831 0.038741
2 0.166809 0.347458 0.025663 0.019370
4 0.166809 0.296610 0.017109 0.026634
4 0.165954 0.695521 0.020530 0.023002
4 0.253208 0.791162 0.018820 0.020581
4 0.277588 0.790557 0.019675 0.016949
3 0.064585 0.205206 0.012831 0.035109
0 0.292985 0.830508 0.011121 0.019370
0 0.167237 0.101695 0.016253 0.014528
2 0.253636 0.623487 0.017964 0.029056
3 0.064157 0.151937 0.011976 0.035109
2 0.064585 0.346852 0.026518 0.020581
2 0.298118 0.756659 0.017964 0.029056
4 0.063730 0.279661 0.017964 0.033898
0 0.085543 0.669492 0.015398 0.014528
4 0.577417 0.369249 0.017109 0.021792
51 0.723695 0.302058 0.032506 0.020581
2 0.307956 0.499395 0.025663 0.020581
0 0.576989 0.185835 0.014542 0.013317
4 0.273311 0.660412 0.017964 0.023002
4 0.299401 0.659201 0.018820 0.020581
3 0.295552 0.273608 0.029940 0.014528
0 0.210009 0.856538 0.016253 0.015738
0 0.314799 0.697942 0.010265 0.020581
3 0.256202 0.418281 0.028229 0.015738
35 0.305817 0.449758 0.026518 0.027845
35 0.330624 0.448547 0.026518 0.027845
35 0.356287 0.448547 0.026518 0.027845
35 0.377673 0.447337 0.026518 0.027845
35 0.399059 0.448547 0.026518 0.027845
35 0.420445 0.447337 0.026518 0.027845
35 0.440975 0.447337 0.026518 0.027845
35 0.464927 0.447337 0.026518 0.027845
6 0.246364 0.696126 0.034217 0.014528
20 0.658683 0.277845 0.027374 0.039952
51 0.635586 0.165254 0.032506 0.020581
51 0.349016 0.273002 0.032506 0.020581
