3 0.054202 0.773964 0.012605 0.033136
1 0.135294 0.797041 0.063866 0.057988
1 0.070588 0.208284 0.062185 0.085207
3 0.235714 0.862722 0.012605 0.030769
1 0.202941 0.201775 0.079832 0.076923
1 0.875210 0.496450 0.096639 0.088757
2 0.080672 0.859763 0.023529 0.017751
1 0.659664 0.520710 0.058824 0.089941
3 0.197059 0.507692 0.012605 0.030769
3 0.235294 0.791124 0.011765 0.034320
1 0.107563 0.568639 0.065546 0.076923
2 0.252101 0.149704 0.023529 0.020118
24 0.784874 0.271006 0.026891 0.030769
1 0.911765 0.651479 0.047059 0.079290
2 0.944958 0.421893 0.022689 0.020118
2 0.462605 0.244379 0.024370 0.020118
2 0.723529 0.291124 0.025210 0.018935
3 0.689496 0.240828 0.012605 0.034320
2 0.945798 0.699408 0.024370 0.018935
2 0.652101 0.369231 0.023529 0.018935
2 0.265546 0.813609 0.023529 0.017751
2 0.054202 0.860947 0.021008 0.017751
4 0.265126 0.772189 0.019328 0.017751
4 0.080252 0.821302 0.017647 0.018935
2 0.202101 0.813018 0.022689 0.016568
2 0.558403 0.369822 0.021008 0.017751
4 0.138655 0.237870 0.018487 0.021302
2 0.374370 0.713018 0.022689 0.017751
2 0.236555 0.901183 0.026050 0.020118
3 0.722689 0.241420 0.015126 0.035503
2 0.689496 0.291124 0.024370 0.018935
2 0.400000 0.233728 0.025210 0.017751
4 0.945378 0.459763 0.016807 0.017751
24 0.582353 0.230769 0.030252 0.066272
2 0.697899 0.450888 0.022689 0.018935
3 0.731513 0.489349 0.012605 0.034320
2 0.109664 0.262130 0.022689 0.017751
2 0.551261 0.281065 0.023529 0.017751
2 0.186975 0.325444 0.014286 0.028402
3 0.946218 0.502959 0.013445 0.030769
2 0.618067 0.451479 0.022689 0.020118
3 0.760504 0.479882 0.011765 0.034320
4 0.197899 0.585799 0.017647 0.018935
3 0.357143 0.092899 0.010084 0.029586
0 0.722689 0.139053 0.013445 0.013018
28 0.232773 0.484615 0.045378 0.039053
3 0.864706 0.650888 0.026891 0.014201
4 0.184874 0.750296 0.015126 0.026036
2 0.071008 0.618935 0.021008 0.016568
4 0.222269 0.325444 0.017647 0.023669
2 0.109664 0.150888 0.022689 0.020118
3 0.866387 0.684615 0.026891 0.015385
0 0.704622 0.537870 0.009244 0.015385
20 0.400000 0.194083 0.016807 0.033136
0 0.054202 0.741420 0.012605 0.010651
0 0.263866 0.741420 0.013445 0.010651
3 0.188655 0.265680 0.027731 0.015385
22 0.357143 0.192308 0.023529 0.041420
46 0.373950 0.620710 0.021849 0.138462
3 0.398739 0.141420 0.010924 0.031953
2 0.197479 0.618343 0.021849 0.017751
2 0.697899 0.586982 0.024370 0.018935
0 0.079412 0.740237 0.012605 0.010651
46 0.470588 0.592308 0.035294 0.053254
0 0.461345 0.125444 0.013445 0.011834
2 0.357143 0.234911 0.023529 0.017751
3 0.865546 0.669231 0.026891 0.015385
4 0.198319 0.550296 0.016807 0.016568
0 0.555462 0.331361 0.010084 0.018935
3 0.138655 0.202959 0.025210 0.015385
35 0.051261 0.827811 0.023529 0.031953
8 0.721429 0.182840 0.026050 0.031953
0 0.760504 0.443195 0.015126 0.013018
26 0.135714 0.485207 0.021008 0.033136
35 0.238235 0.249704 0.022689 0.037870
35 0.250840 0.271006 0.022689 0.037870
46 0.472269 0.652663 0.035294 0.053254
0 0.706303 0.500592 0.007563 0.021302
0 0.878151 0.601183 0.013445 0.014201
0 0.944538 0.602367 0.015126 0.018935
0 0.650840 0.309467 0.009244 0.015385
0 0.527731 0.216568 0.018487 0.018935
3 0.521429 0.182840 0.027731 0.015385
24 0.585714 0.327811 0.030252 0.066272
24 0.628571 0.333728 0.030252 0.066272
24 0.782353 0.152663 0.026891 0.030769
22 0.218908 0.749112 0.019328 0.030769
6 0.152941 0.746746 0.035294 0.023669
6 0.201681 0.774556 0.011765 0.053254
36 0.459664 0.184024 0.042017 0.057988
36 0.445378 0.298817 0.042017 0.057988
0 0.357143 0.060355 0.013445 0.011834
0 0.550420 0.242012 0.016807 0.017751
0 0.945378 0.536095 0.015126 0.018935
