3 0.954202 0.578107 0.012605 0.031953
3 0.054202 0.773964 0.012605 0.033136
1 0.135294 0.797041 0.063866 0.057988
1 0.071008 0.184024 0.066387 0.088757
1 0.202101 0.178107 0.079832 0.074556
3 0.235294 0.862722 0.010084 0.030769
1 0.666807 0.595858 0.064706 0.091124
3 0.197899 0.460355 0.012605 0.030769
2 0.080672 0.859172 0.023529 0.018935
1 0.105882 0.521893 0.065546 0.073373
3 0.235294 0.791124 0.011765 0.034320
2 0.626471 0.527219 0.024370 0.022485
2 0.705882 0.663314 0.025210 0.020118
3 0.739076 0.565680 0.012605 0.033136
2 0.400000 0.286391 0.025210 0.018935
24 0.784874 0.207101 0.026891 0.028402
1 0.882773 0.572781 0.098319 0.087574
3 0.689496 0.294083 0.012605 0.034320
2 0.723529 0.344379 0.025210 0.018935
2 0.236555 0.900592 0.026050 0.021302
2 0.462605 0.297633 0.024370 0.020118
2 0.252101 0.126036 0.021849 0.022485
4 0.080252 0.820710 0.017647 0.020118
2 0.054202 0.860355 0.022689 0.018935
24 0.785294 0.324852 0.027731 0.027219
2 0.265546 0.813609 0.023529 0.017751
2 0.109664 0.127219 0.021008 0.020118
2 0.651261 0.421893 0.023529 0.020118
2 0.689496 0.344970 0.024370 0.020118
2 0.202101 0.813018 0.022689 0.016568
3 0.722269 0.293491 0.014286 0.035503
4 0.265126 0.772781 0.019328 0.016568
4 0.953782 0.536686 0.018487 0.017751
2 0.558403 0.421893 0.022689 0.017751
3 0.356723 0.145562 0.010924 0.030769
2 0.706303 0.527219 0.022689 0.020118
3 0.805882 0.544379 0.026891 0.014201
2 0.551261 0.332544 0.023529 0.018935
24 0.583613 0.385207 0.026050 0.055621
24 0.582773 0.283432 0.031092 0.067456
3 0.138655 0.178107 0.026891 0.013018
4 0.223529 0.302367 0.018487 0.024852
24 0.628151 0.384024 0.024370 0.053254
4 0.138235 0.213609 0.019328 0.022485
2 0.187395 0.301183 0.015126 0.029586
28 0.232353 0.435503 0.046218 0.037870
2 0.109664 0.238462 0.022689 0.017751
0 0.722689 0.191716 0.013445 0.011834
2 0.357143 0.286982 0.023529 0.017751
2 0.071429 0.571006 0.023529 0.017751
3 0.189076 0.240828 0.026891 0.015385
2 0.953782 0.497633 0.021849 0.017751
3 0.806303 0.578698 0.026050 0.014201
4 0.197059 0.537870 0.017647 0.015385
4 0.184874 0.750296 0.015126 0.026036
0 0.054202 0.740828 0.012605 0.011834
0 0.953782 0.611243 0.016807 0.013018
2 0.197059 0.571006 0.022689 0.017751
36 0.458403 0.233728 0.054622 0.065089
0 0.263866 0.741420 0.013445 0.010651
0 0.079412 0.740237 0.012605 0.010651
3 0.399160 0.194675 0.011765 0.034320
8 0.721849 0.236095 0.028571 0.034320
0 0.783193 0.578107 0.008403 0.020118
35 0.237815 0.224852 0.023529 0.030769
22 0.218908 0.750296 0.019328 0.021302
0 0.462605 0.178107 0.015966 0.013018
0 0.650840 0.363314 0.012605 0.011834
35 0.051261 0.827219 0.023529 0.033136
0 0.555042 0.384615 0.010924 0.018935
22 0.357143 0.247337 0.026891 0.037870
4 0.197479 0.502367 0.016807 0.015385
26 0.135714 0.440237 0.019328 0.047337
35 0.251681 0.250888 0.022689 0.035503
6 0.152521 0.749704 0.034454 0.013018
6 0.200420 0.774556 0.009244 0.050888
0 0.357563 0.114201 0.015966 0.013018
20 0.401681 0.248521 0.031933 0.033136
0 0.523950 0.271598 0.015966 0.013018
3 0.521849 0.235503 0.028571 0.023669
36 0.462605 0.382840 0.054622 0.065089
0 0.715126 0.578698 0.013445 0.016568
0 0.715126 0.615385 0.013445 0.016568
