1 0.428992 0.634320 0.076471 0.085207
1 0.538235 0.332544 0.063025 0.068639
1 0.762185 0.154438 0.070588 0.062722
3 0.331513 0.600000 0.010924 0.037870
4 0.765126 0.212426 0.017647 0.022485
2 0.177311 0.721302 0.025210 0.024852
3 0.457143 0.337870 0.010084 0.034320
3 0.471429 0.373373 0.011765 0.031953
26 0.338655 0.237870 0.028571 0.040237
2 0.478992 0.644379 0.023529 0.022485
1 0.146639 0.640237 0.047899 0.059172
3 0.491597 0.372189 0.011765 0.034320
3 0.355462 0.600000 0.011765 0.037870
2 0.109244 0.661538 0.020168 0.021302
2 0.384454 0.695266 0.022689 0.022485
3 0.223529 0.597041 0.011765 0.036686
0 0.318908 0.546154 0.014286 0.013018
3 0.185294 0.241420 0.012605 0.035503
3 0.223529 0.676331 0.011765 0.034320
42 0.090756 0.203550 0.031933 0.021302
3 0.820588 0.186391 0.012605 0.034320
7 0.144538 0.203550 0.023529 0.014201
2 0.847479 0.253846 0.024370 0.020118
0 0.178151 0.546154 0.016807 0.013018
3 0.256723 0.675148 0.010924 0.036686
3 0.823109 0.136686 0.026050 0.015385
3 0.256723 0.595858 0.010924 0.036686
3 0.404202 0.231953 0.026891 0.014201
3 0.457143 0.289941 0.010084 0.033136
3 0.667647 0.157988 0.012605 0.034320
2 0.376050 0.414201 0.024370 0.021302
32 0.635294 0.211834 0.050420 0.113609
0 0.217227 0.191716 0.010924 0.009467
23 0.375630 0.305917 0.025210 0.027219
0 0.375630 0.152071 0.015126 0.013018
4 0.875210 0.181657 0.021008 0.020118
4 0.537395 0.189349 0.015966 0.028402
5 0.439916 0.265680 0.017647 0.022485
3 0.534874 0.209467 0.027731 0.018935
42 0.090756 0.274556 0.031933 0.021302
21 0.162605 0.237870 0.019328 0.040237
21 0.137395 0.275148 0.034454 0.029586
0 0.217227 0.286391 0.010924 0.009467
4 0.217227 0.235503 0.019328 0.016568
31 0.279832 0.239053 0.060504 0.073373
23 0.423529 0.301183 0.025210 0.027219
4 0.666807 0.343195 0.015966 0.028402
4 0.691597 0.167456 0.025210 0.027219
23 0.845378 0.212426 0.025210 0.027219
0 0.458824 0.255030 0.015126 0.013018
0 0.425210 0.217160 0.015126 0.013018
5 0.573529 0.210059 0.017647 0.022485
0 0.593277 0.195858 0.015126 0.013018
79 0.696639 0.317751 0.028571 0.057988
79 0.278151 0.291716 0.025210 0.024852
79 0.278151 0.172189 0.025210 0.024852
