2 0.256303 0.458580 0.025210 0.022485
3 0.668487 0.401183 0.026050 0.016568
8 0.255042 0.401183 0.032773 0.042604
2 0.379412 0.532544 0.017647 0.021302
2 0.908824 0.240828 0.014286 0.022485
3 0.668487 0.460947 0.024370 0.015385
3 0.534034 0.460355 0.010924 0.035503
3 0.668487 0.436686 0.024370 0.016568
2 0.418487 0.584024 0.016807 0.024852
2 0.213866 0.743195 0.021008 0.021302
3 0.277311 0.347337 0.026891 0.017751
2 0.810924 0.404142 0.021849 0.020118
0 0.545798 0.423077 0.014286 0.013018
3 0.353361 0.395266 0.029412 0.016568
2 0.415546 0.411834 0.022689 0.021302
2 0.378151 0.237278 0.020168 0.020118
2 0.811345 0.566272 0.022689 0.020118
3 0.278571 0.295858 0.026050 0.016568
24 0.350000 0.642012 0.056303 0.207101
3 0.693277 0.490533 0.026891 0.015385
2 0.824370 0.097041 0.016807 0.018935
2 0.724790 0.455030 0.014286 0.024852
3 0.278992 0.318935 0.025210 0.017751
2 0.415546 0.203550 0.021008 0.023669
2 0.898319 0.063905 0.016807 0.018935
2 0.213025 0.533136 0.017647 0.020118
0 0.460924 0.598225 0.010924 0.020118
24 0.819328 0.487574 0.040336 0.101775
3 0.693697 0.502367 0.027731 0.015385
3 0.563445 0.459763 0.012605 0.034320
24 0.872269 0.163905 0.045378 0.197633
0 0.814286 0.121302 0.010084 0.015385
0 0.333613 0.324852 0.013445 0.017751
0 0.327731 0.265680 0.013445 0.015385
24 0.246218 0.639645 0.053782 0.204734
24 0.404622 0.309467 0.039496 0.169231
3 0.278571 0.273373 0.026050 0.016568
2 0.377731 0.743195 0.017647 0.021302
0 0.747899 0.513018 0.010084 0.022485
