1 0.828880 0.321770 0.031807 0.061005
1 0.208015 0.696770 0.029262 0.056220
3 0.519932 0.476077 0.014419 0.008373
3 0.583121 0.476675 0.012723 0.009569
3 0.710984 0.476974 0.014843 0.008971
3 0.773325 0.476376 0.014843 0.008971
2 0.317854 0.471292 0.008906 0.016746
4 0.301527 0.470096 0.014419 0.013158
2 0.192748 0.735646 0.008906 0.011962
3 0.237913 0.401615 0.013571 0.008971
2 0.248516 0.541268 0.011874 0.011962
3 0.647371 0.476974 0.014843 0.010167
2 0.684266 0.595096 0.011450 0.011962
3 0.334818 0.629187 0.014843 0.009569
2 0.260178 0.461423 0.010602 0.012560
2 0.481128 0.439892 0.012299 0.011364
3 0.202926 0.419557 0.013147 0.007775
2 0.885920 0.302632 0.011026 0.013158
3 0.629771 0.452751 0.011874 0.009569
24 0.655216 0.653409 0.033927 0.024522
3 0.693172 0.453050 0.013147 0.008971
8 0.684902 0.476376 0.013571 0.017344
2 0.735793 0.440789 0.011026 0.009569
3 0.837998 0.476376 0.014419 0.008971
2 0.560008 0.595993 0.012299 0.014952
4 0.872349 0.302632 0.010178 0.013158
3 0.203138 0.450060 0.011874 0.010167
3 0.203138 0.484749 0.011874 0.010167
3 0.203138 0.515251 0.011874 0.010167
3 0.236641 0.519438 0.011874 0.010167
3 0.237065 0.481160 0.011874 0.010167
3 0.237489 0.462620 0.011874 0.010167
2 0.261026 0.518840 0.010602 0.012560
3 0.314461 0.606459 0.014843 0.009569
3 0.314461 0.593301 0.014843 0.009569
3 0.335242 0.566388 0.012299 0.009569
2 0.208015 0.605263 0.008906 0.011962
2 0.353690 0.629486 0.009330 0.014952
0 0.152248 0.414175 0.007634 0.005383
0 0.152248 0.442883 0.007634 0.005383
0 0.152672 0.506280 0.007634 0.005383
36 0.250848 0.434211 0.022477 0.031100
36 0.252120 0.498804 0.022477 0.028708
36 0.352205 0.598684 0.022477 0.028708
36 0.224979 0.590909 0.022477 0.028708
0 0.224343 0.670754 0.007634 0.005383
4 0.237913 0.676734 0.007634 0.013756
2 0.253605 0.677931 0.009330 0.014952
0 0.284563 0.459629 0.007634 0.005383
2 0.544317 0.439892 0.012299 0.011364
2 0.607506 0.440490 0.012299 0.011364
2 0.671544 0.441687 0.012299 0.011364
2 0.799194 0.440490 0.012299 0.011364
3 0.757634 0.452452 0.013147 0.008971
3 0.821671 0.452452 0.013147 0.008971
3 0.502969 0.453349 0.012723 0.009569
3 0.566582 0.453349 0.014419 0.008373
3 0.494487 0.429127 0.005937 0.017344
11 0.479856 0.419258 0.010602 0.019139
11 0.542621 0.419856 0.010602 0.019139
11 0.606234 0.418062 0.010602 0.019139
11 0.670271 0.419258 0.010602 0.019139
11 0.734309 0.419258 0.010602 0.019139
11 0.797074 0.418062 0.010602 0.019139
3 0.557676 0.429725 0.005937 0.017344
3 0.620441 0.429127 0.005937 0.017344
3 0.684902 0.429127 0.005937 0.017344
3 0.747668 0.428529 0.005937 0.017344
3 0.811705 0.429127 0.005937 0.017344
8 0.621713 0.477572 0.013571 0.017344
8 0.557252 0.476376 0.013571 0.017344
8 0.494063 0.476376 0.013571 0.017344
8 0.749364 0.476376 0.013571 0.017344
8 0.812129 0.476376 0.013571 0.017344
3 0.559796 0.533792 0.005937 0.017344
3 0.464377 0.561902 0.005937 0.017344
22 0.463953 0.589713 0.011874 0.015550
2 0.464377 0.610945 0.012723 0.012560
2 0.623198 0.596591 0.012299 0.014952
2 0.747880 0.595993 0.012299 0.014952
2 0.811917 0.595395 0.012299 0.014952
3 0.559372 0.576256 0.005937 0.017344
3 0.623410 0.574462 0.005937 0.017344
3 0.684478 0.575658 0.005937 0.017344
3 0.748092 0.575658 0.005937 0.017344
3 0.812129 0.575060 0.005937 0.017344
3 0.812553 0.533792 0.005937 0.017344
3 0.748516 0.533194 0.005937 0.017344
3 0.684478 0.534988 0.005937 0.017344
3 0.622986 0.534390 0.005937 0.017344
0 0.486005 0.502990 0.008482 0.009569
0 0.525869 0.528708 0.008482 0.009569
0 0.591603 0.528708 0.008482 0.009569
0 0.654368 0.529904 0.008482 0.009569
0 0.719254 0.531699 0.008482 0.009569
0 0.782867 0.531699 0.008482 0.009569
0 0.846056 0.529904 0.008482 0.009569
2 0.798346 0.353768 0.012299 0.011364
2 0.846480 0.288876 0.011026 0.013158
2 0.852417 0.321770 0.010178 0.015550
0 0.858991 0.296053 0.006361 0.008373
0 0.851357 0.338816 0.006361 0.010167
