1 0.731513 0.482840 0.064706 0.052071
1 0.222689 0.774556 0.092437 0.065089
1 0.731513 0.619527 0.063025 0.050888
1 0.730672 0.169822 0.054622 0.050888
4 0.286134 0.826036 0.019328 0.030769
3 0.092437 0.276923 0.013445 0.035503
2 0.655882 0.666272 0.026050 0.026036
2 0.656303 0.528994 0.025210 0.023669
2 0.798739 0.546746 0.026050 0.023669
2 0.286134 0.865680 0.024370 0.024852
2 0.857983 0.677515 0.026891 0.024852
2 0.134454 0.327811 0.023529 0.023669
2 0.865966 0.546746 0.026050 0.023669
2 0.328571 0.901183 0.025210 0.024852
2 0.092857 0.327811 0.024370 0.023669
4 0.192437 0.171006 0.023529 0.022485
1 0.193697 0.230178 0.054622 0.050888
2 0.798739 0.682249 0.026050 0.024852
2 0.282353 0.327811 0.025210 0.023669
2 0.239916 0.327811 0.024370 0.023669
2 0.357983 0.327219 0.026891 0.024852
2 0.110504 0.837870 0.026050 0.021302
4 0.327731 0.861538 0.020168 0.026036
4 0.873529 0.229586 0.019328 0.030769
2 0.404202 0.328402 0.025210 0.024852
2 0.563445 0.280473 0.026050 0.026036
3 0.327731 0.808876 0.013445 0.034320
23 0.404202 0.276331 0.018487 0.036686
4 0.655462 0.619527 0.020168 0.024852
4 0.798739 0.635503 0.019328 0.026036
2 0.484034 0.280473 0.026891 0.026036
2 0.875210 0.269231 0.026050 0.024852
3 0.092437 0.212426 0.013445 0.034320
4 0.655882 0.484024 0.019328 0.021302
2 0.280252 0.766864 0.014286 0.023669
4 0.239916 0.275740 0.019328 0.033136
4 0.563866 0.205917 0.020168 0.033136
4 0.109244 0.795858 0.020168 0.024852
0 0.916387 0.173964 0.014286 0.014201
2 0.873950 0.049704 0.021849 0.021302
4 0.357983 0.277515 0.018487 0.039053
3 0.874370 0.153846 0.012605 0.033136
3 0.873529 0.094083 0.012605 0.036686
4 0.799160 0.500000 0.018487 0.024852
0 0.314706 0.174556 0.012605 0.013018
0 0.799160 0.458580 0.013445 0.013018
6 0.730672 0.239645 0.036134 0.015385
0 0.798739 0.593491 0.014286 0.010651
0 0.655042 0.452071 0.014286 0.011834
0 0.109244 0.758580 0.015126 0.011834
22 0.281513 0.276923 0.016807 0.037870
23 0.865546 0.494083 0.018487 0.036686
23 0.858824 0.631361 0.018487 0.036686
0 0.655882 0.585799 0.014286 0.011834
22 0.484034 0.222485 0.016807 0.037870
22 0.284874 0.185799 0.016807 0.037870
22 0.833613 0.178698 0.016807 0.037870
0 0.483613 0.159172 0.012605 0.013018
0 0.564286 0.159172 0.012605 0.013018
6 0.318067 0.215976 0.036134 0.015385
