1 0.111323 0.382306 0.064037 0.076139
1 0.103902 0.894638 0.063613 0.075603
3 0.828668 0.662735 0.007634 0.017158
3 0.419423 0.312332 0.007634 0.018767
3 0.829092 0.631635 0.007634 0.018231
1 0.924088 0.458981 0.041561 0.030027
36 0.732612 0.702145 0.028414 0.021984
1 0.789440 0.811796 0.040288 0.033244
4 0.905852 0.508847 0.011026 0.012869
26 0.040288 0.154960 0.020356 0.020375
2 0.829941 0.682306 0.011874 0.009115
3 0.423664 0.745308 0.014419 0.008579
2 0.807252 0.173458 0.008906 0.013405
0 0.170271 0.427882 0.008906 0.011796
2 0.906064 0.527882 0.013995 0.011260
2 0.028202 0.424933 0.012299 0.011260
3 0.790288 0.318231 0.014843 0.008043
3 0.790712 0.174531 0.016539 0.009115
2 0.657973 0.221984 0.008906 0.008579
3 0.233885 0.318499 0.008058 0.017158
3 0.746819 0.318767 0.014419 0.009115
4 0.180874 0.180965 0.007209 0.014477
2 0.723282 0.845576 0.013147 0.012869
2 0.672392 0.745845 0.010602 0.010724
4 0.146522 0.181501 0.008058 0.014477
0 0.027990 0.381769 0.009330 0.010724
36 0.782655 0.224665 0.024173 0.023592
2 0.504665 0.304826 0.013571 0.010188
2 0.801527 0.255496 0.012723 0.009115
4 0.860687 0.465147 0.010602 0.012332
2 0.091179 0.332440 0.008482 0.013941
2 0.337786 0.794906 0.013147 0.011260
1 0.789440 0.811796 0.040288 0.033244
0 0.058948 0.145845 0.007634 0.006434
3 0.745971 0.175871 0.016115 0.008579
4 0.133376 0.181501 0.008058 0.014477
2 0.860899 0.489276 0.011026 0.010188
3 0.409881 0.288204 0.014843 0.009115
4 0.228159 0.441823 0.011874 0.010724
0 0.860051 0.447185 0.009330 0.008579
3 0.247031 0.775871 0.008058 0.020375
23 0.129771 0.643968 0.009330 0.018231
2 0.657337 0.265952 0.011874 0.010724
22 0.182994 0.414477 0.013147 0.010724
4 0.502969 0.661126 0.006785 0.011796
66 0.093299 0.221180 0.021204 0.026273
3 0.598388 0.632440 0.015267 0.008043
3 0.225827 0.288472 0.013147 0.009651
2 0.890585 0.859786 0.011026 0.011260
3 0.239610 0.750134 0.015267 0.008579
26 0.652036 0.242895 0.020780 0.024665
23 0.110475 0.181769 0.009754 0.015013
3 0.597964 0.173995 0.016115 0.009115
2 0.768872 0.876408 0.012723 0.012332
2 0.036260 0.134048 0.012299 0.011796
2 0.035835 0.176139 0.012299 0.011260
0 0.076336 0.181769 0.007634 0.006434
3 0.084818 0.187399 0.011026 0.006971
3 0.109839 0.200268 0.011026 0.006971
4 0.155428 0.181501 0.008058 0.014477
4 0.162638 0.182038 0.008058 0.014477
4 0.171968 0.180429 0.008058 0.014477
54 0.266327 0.198660 0.021204 0.026273
54 0.266327 0.292493 0.021204 0.026273
3 0.223070 0.198123 0.011026 0.006971
3 0.237489 0.231099 0.006785 0.013941
6 0.348388 0.241555 0.066582 0.015550
4 0.200806 0.175067 0.008058 0.012332
4 0.213953 0.173458 0.008058 0.012332
4 0.222858 0.174531 0.008058 0.012332
4 0.230068 0.174531 0.008058 0.012332
4 0.238974 0.174531 0.008058 0.012332
4 0.248304 0.173995 0.008058 0.012332
54 0.438931 0.287131 0.021204 0.026273
3 0.413910 0.190617 0.007634 0.018767
54 0.451654 0.173458 0.021204 0.026273
3 0.403520 0.142359 0.014843 0.009115
41 0.610687 0.169169 0.003393 0.011260
25 0.614080 0.244504 0.009330 0.015013
54 0.569975 0.289812 0.021204 0.026273
3 0.547286 0.267828 0.014843 0.009115
3 0.581637 0.268901 0.014843 0.009115
4 0.475191 0.201609 0.008058 0.007507
4 0.487913 0.202681 0.008058 0.007507
4 0.495547 0.204290 0.008058 0.007507
4 0.504453 0.203217 0.008058 0.007507
4 0.512511 0.203753 0.008058 0.007507
4 0.521841 0.203753 0.008058 0.007507
4 0.530322 0.203217 0.008058 0.007507
3 0.538804 0.202681 0.007209 0.013941
4 0.557040 0.203217 0.008058 0.007507
4 0.566370 0.202681 0.008058 0.007507
4 0.574852 0.202681 0.008058 0.007507
4 0.583333 0.202681 0.008058 0.007507
0 0.657337 0.168633 0.006785 0.005898
41 0.672180 0.174263 0.009330 0.008579
2 0.784563 0.190885 0.009330 0.009651
0 0.790076 0.253351 0.006785 0.005898
2 0.784775 0.302413 0.009754 0.010724
4 0.784987 0.283914 0.010178 0.009115
0 0.124258 0.605094 0.008482 0.008043
4 0.148643 0.640751 0.011450 0.009651
2 0.161154 0.671850 0.012723 0.011796
66 0.119169 0.683110 0.022901 0.025737
54 0.280746 0.657373 0.022901 0.025737
54 0.281170 0.750670 0.022901 0.025737
3 0.251696 0.689544 0.008058 0.020375
3 0.238762 0.656300 0.015267 0.008579
4 0.160517 0.640751 0.011450 0.009651
4 0.169847 0.641287 0.011450 0.009651
4 0.177057 0.642359 0.011450 0.009651
4 0.185963 0.641823 0.011450 0.009651
4 0.195293 0.641287 0.011450 0.009651
6 0.363020 0.697855 0.064461 0.011260
3 0.551527 0.661394 0.005513 0.016622
3 0.416879 0.601609 0.014419 0.008579
3 0.434902 0.773190 0.008058 0.020375
54 0.454623 0.745308 0.022901 0.025737
54 0.466921 0.631635 0.022901 0.025737
3 0.427693 0.649866 0.008058 0.020375
4 0.511026 0.661662 0.006785 0.011796
4 0.519084 0.660590 0.006785 0.011796
4 0.527142 0.661662 0.006785 0.011796
4 0.536047 0.661662 0.006785 0.011796
4 0.544105 0.661126 0.006785 0.011796
4 0.489822 0.667560 0.006785 0.011796
3 0.515691 0.733512 0.014419 0.008579
54 0.532655 0.755496 0.022901 0.025737
3 0.543681 0.735121 0.014419 0.008579
4 0.568490 0.661930 0.007209 0.005898
4 0.576972 0.662466 0.007209 0.005898
4 0.585454 0.661930 0.007209 0.005898
4 0.594360 0.662466 0.007209 0.005898
41 0.583333 0.627346 0.004665 0.008579
41 0.612171 0.628418 0.004665 0.008579
25 0.625954 0.701609 0.008482 0.019839
26 0.667303 0.702949 0.016539 0.031099
3 0.701866 0.755764 0.015267 0.008043
3 0.702290 0.659249 0.015267 0.008043
0 0.655216 0.626273 0.005937 0.006434
3 0.727735 0.755764 0.015267 0.008043
3 0.729008 0.659249 0.015267 0.008043
2 0.759754 0.659517 0.010602 0.010724
0 0.829092 0.602145 0.005937 0.006434
4 0.847964 0.664611 0.007209 0.005898
2 0.815946 0.804021 0.005937 0.012332
4 0.723707 0.823592 0.009754 0.009651
4 0.768660 0.860054 0.009754 0.009651
2 0.758482 0.814477 0.013147 0.012869
0 0.722222 0.797855 0.005937 0.006434
0 0.891009 0.785523 0.005937 0.006434
3 0.891433 0.802145 0.007634 0.018231
3 0.891009 0.835389 0.007634 0.018231
2 0.085454 0.844772 0.010602 0.013405
2 0.020144 0.958445 0.010602 0.013405
4 0.020568 0.920107 0.011450 0.009651
4 0.235793 0.893566 0.012723 0.014477
4 0.237065 0.918231 0.012723 0.014477
22 0.203138 0.891957 0.011026 0.014477
22 0.204835 0.918767 0.011026 0.014477
0 0.022053 0.896247 0.005937 0.008043
0 0.191052 0.905630 0.008058 0.008579
4 0.228159 0.413405 0.011874 0.010724
22 0.183418 0.442359 0.013147 0.010724
4 0.027778 0.407239 0.010602 0.011260
2 0.896947 0.460054 0.008482 0.012869
3 0.905004 0.483110 0.005937 0.013941
2 0.948049 0.443700 0.008058 0.009115
