24 0.966709 0.227871 0.012299 0.025120
1 0.221374 0.729067 0.030534 0.056220
3 0.243851 0.544856 0.014419 0.009569
1 0.797286 0.281699 0.032231 0.062201
2 0.767176 0.312201 0.011026 0.011962
4 0.920059 0.228768 0.008906 0.014952
3 0.277566 0.628289 0.013147 0.011364
3 0.694232 0.176734 0.011874 0.008971
2 0.302799 0.629486 0.011026 0.014952
3 0.383800 0.701555 0.014419 0.009569
3 0.244063 0.610945 0.013995 0.008971
0 0.359415 0.546053 0.008906 0.008373
3 0.629347 0.176435 0.013571 0.008373
0 0.203350 0.510167 0.009754 0.009569
2 0.621501 0.318780 0.013147 0.009569
2 0.684690 0.319378 0.012299 0.010766
3 0.684266 0.152213 0.008058 0.018541
3 0.430874 0.153110 0.007634 0.019139
3 0.620441 0.298744 0.007634 0.017344
3 0.243427 0.580742 0.011026 0.009569
2 0.337150 0.328349 0.013571 0.013158
36 0.286896 0.529007 0.023325 0.031699
3 0.374046 0.177033 0.015267 0.009569
2 0.495971 0.319079 0.013147 0.010167
3 0.438295 0.176734 0.013995 0.008971
8 0.911154 0.271531 0.016539 0.022727
3 0.503181 0.176734 0.013995 0.008971
3 0.684690 0.298744 0.008906 0.018541
0 0.357930 0.229366 0.008482 0.010167
3 0.620653 0.152512 0.007209 0.017943
3 0.393554 0.201555 0.015267 0.009569
3 0.456319 0.202153 0.015267 0.009569
3 0.519932 0.202751 0.015267 0.009569
3 0.565310 0.178230 0.015267 0.009569
3 0.583121 0.200359 0.015267 0.009569
3 0.645462 0.202153 0.015267 0.009569
3 0.709924 0.202153 0.015267 0.009569
2 0.557464 0.319079 0.013147 0.010167
2 0.432994 0.320275 0.013571 0.010167
22 0.336302 0.309510 0.009330 0.013756
0 0.401187 0.253289 0.008482 0.010167
0 0.464377 0.255682 0.008482 0.010167
0 0.527566 0.256280 0.008482 0.010167
0 0.590331 0.256878 0.008482 0.010167
0 0.656064 0.255682 0.008482 0.010167
0 0.719254 0.255084 0.008482 0.010167
11 0.351781 0.144438 0.009754 0.018541
11 0.415818 0.144438 0.009754 0.018541
11 0.479008 0.144438 0.009754 0.018541
11 0.543045 0.144438 0.009754 0.018541
11 0.607082 0.144438 0.009754 0.018541
11 0.669423 0.145036 0.009754 0.018541
2 0.353478 0.165371 0.013995 0.011364
2 0.417091 0.164773 0.013995 0.011364
2 0.481552 0.165969 0.013995 0.011364
2 0.544317 0.164175 0.013995 0.011364
2 0.607082 0.165371 0.013995 0.011364
2 0.671120 0.165969 0.013995 0.011364
3 0.366836 0.153708 0.007634 0.019139
3 0.494487 0.153708 0.007634 0.019139
3 0.558100 0.153110 0.007634 0.019139
8 0.366624 0.202452 0.017388 0.019737
8 0.429813 0.202452 0.017388 0.019737
8 0.492154 0.202452 0.017388 0.019737
8 0.556192 0.201256 0.017388 0.019737
8 0.619805 0.201256 0.017388 0.019737
8 0.684266 0.201854 0.017388 0.019737
24 0.527566 0.377093 0.041561 0.024522
3 0.243427 0.515550 0.014419 0.009569
3 0.279050 0.497608 0.014419 0.009569
3 0.278202 0.569976 0.014419 0.009569
3 0.277354 0.551435 0.014419 0.009569
36 0.423028 0.569677 0.023325 0.031699
2 0.301103 0.551136 0.011026 0.014952
2 0.322731 0.554725 0.011026 0.014952
4 0.343723 0.554426 0.008906 0.011962
4 0.274173 0.709928 0.008906 0.011962
2 0.288804 0.709629 0.011026 0.014952
0 0.202926 0.539474 0.009754 0.009569
0 0.202078 0.602871 0.009754 0.009569
3 0.343299 0.726974 0.013147 0.011364
3 0.354326 0.740730 0.013147 0.011364
3 0.383164 0.762859 0.013147 0.011364
2 0.402036 0.764653 0.011026 0.014952
36 0.402248 0.731758 0.023325 0.031699
36 0.291561 0.594199 0.023325 0.031699
2 0.205683 0.770036 0.011026 0.014952
0 0.826548 0.257476 0.008482 0.005383
0 0.911790 0.210825 0.008482 0.005383
22 0.888465 0.228170 0.007634 0.010167
4 0.840331 0.262859 0.008906 0.014952
2 0.821459 0.281998 0.011026 0.012560
2 0.814461 0.250598 0.009754 0.013158
2 0.854962 0.263457 0.009330 0.013756
0 0.819338 0.299043 0.005937 0.009569
3 0.558100 0.301136 0.007634 0.017344
3 0.496607 0.299342 0.007634 0.017344
3 0.432570 0.301734 0.007634 0.017344
3 0.337574 0.280203 0.007634 0.017344
3 0.432570 0.259270 0.007634 0.017344
3 0.497031 0.256878 0.007634 0.017344
3 0.557676 0.259270 0.007634 0.017344
3 0.685115 0.259270 0.008906 0.018541
3 0.621713 0.258672 0.007634 0.017344
2 0.407337 0.583134 0.014843 0.014354
2 0.912214 0.289773 0.011026 0.012560
