1 0.383284 0.476050 0.122985 0.289916
2 0.379701 0.692437 0.017910 0.015126
4 0.254030 0.665546 0.013731 0.016807
2 0.114925 0.354622 0.011343 0.018487
4 0.135224 0.413025 0.014925 0.015966
2 0.114925 0.413445 0.012537 0.018487
2 0.302687 0.565546 0.011940 0.016807
4 0.134328 0.355042 0.016716 0.015966
14 0.167164 0.384034 0.031045 0.048739
4 0.348955 0.660924 0.013731 0.017647
2 0.114627 0.447059 0.011940 0.018487
2 0.769552 0.452101 0.011940 0.018487
3 0.453134 0.375210 0.019104 0.014286
0 0.305970 0.606303 0.010149 0.017647
4 0.393134 0.661765 0.012537 0.012605
4 0.408657 0.660924 0.011343 0.012605
0 0.265672 0.349160 0.011940 0.017647
4 0.379403 0.661765 0.012537 0.014286
2 0.317313 0.598739 0.012537 0.017647
0 0.461791 0.481933 0.010149 0.019328
2 0.253731 0.693697 0.017910 0.017647
2 0.698507 0.339496 0.011940 0.016807
2 0.761791 0.316387 0.014328 0.021008
4 0.361194 0.660924 0.017910 0.017647
4 0.134030 0.444538 0.016119 0.021849
6 0.234627 0.647059 0.022687 0.010084
2 0.317612 0.466387 0.011940 0.016807
0 0.300896 0.476050 0.011940 0.017647
0 0.215522 0.644118 0.011940 0.017647
2 0.446866 0.490336 0.013731 0.021008
2 0.474328 0.374790 0.013731 0.021849
0 0.461194 0.348739 0.010149 0.020168
2 0.446269 0.356303 0.013731 0.021849
24 0.738507 0.387815 0.031045 0.152101
0 0.688657 0.362185 0.010149 0.020168
