1 0.181352 0.625908 0.063302 0.094431
1 0.562874 0.417070 0.184773 0.526634
1 0.176219 0.815981 0.054748 0.062954
1 0.180924 0.455206 0.062447 0.096852
3 0.705731 0.279661 0.025663 0.014528
1 0.168092 0.233051 0.052181 0.163438
3 0.689050 0.400726 0.028229 0.016949
70 0.765184 0.450969 0.084688 0.136804
4 0.342173 0.549637 0.015398 0.016949
2 0.244226 0.311743 0.023097 0.018160
3 0.676219 0.594431 0.026518 0.016949
2 0.736955 0.788741 0.023097 0.018160
2 0.559880 0.120460 0.023097 0.018160
2 0.130881 0.264528 0.020530 0.018160
3 0.247648 0.805690 0.024808 0.015738
4 0.223695 0.823850 0.016253 0.018160
0 0.736099 0.669492 0.014542 0.012107
2 0.327630 0.375908 0.011976 0.025424
4 0.372541 0.550242 0.014542 0.018160
2 0.145423 0.855327 0.020530 0.015738
2 0.706587 0.624697 0.010265 0.024213
4 0.372113 0.357748 0.015398 0.018160
23 0.603935 0.759080 0.018820 0.021792
4 0.516253 0.762107 0.021386 0.015738
2 0.397348 0.690678 0.021386 0.018160
4 0.676219 0.654358 0.017964 0.023002
4 0.342173 0.355932 0.017109 0.016949
2 0.244654 0.417070 0.018820 0.015738
4 0.401625 0.466102 0.016253 0.019370
4 0.372113 0.465496 0.015398 0.018160
4 0.342173 0.463075 0.013687 0.018160
2 0.517964 0.802058 0.021386 0.015738
4 0.402481 0.550847 0.016253 0.019370
4 0.402053 0.357748 0.017109 0.020581
6 0.606074 0.711259 0.011121 0.044794
4 0.579983 0.761501 0.020530 0.014528
4 0.559880 0.761501 0.019675 0.014528
5 0.735672 0.702179 0.015398 0.029056
4 0.346022 0.638620 0.016253 0.018160
4 0.390932 0.639225 0.017109 0.016949
4 0.431565 0.637409 0.012831 0.020581
4 0.538494 0.762107 0.019675 0.015738
4 0.323781 0.642252 0.017964 0.018160
4 0.411035 0.638620 0.014542 0.018160
2 0.779726 0.279661 0.011121 0.026634
3 0.689050 0.424334 0.028229 0.018160
4 0.455090 0.642252 0.017109 0.027845
28 0.740804 0.169492 0.044482 0.048426
4 0.367836 0.643462 0.017109 0.020581
2 0.244226 0.586562 0.017964 0.015738
3 0.684773 0.184019 0.024808 0.019370
3 0.689050 0.450363 0.028229 0.016949
3 0.689050 0.473366 0.028229 0.016949
3 0.688195 0.496368 0.028229 0.016949
4 0.551754 0.690678 0.017109 0.027845
2 0.327630 0.484867 0.011976 0.025424
2 0.331908 0.572034 0.011976 0.025424
5 0.735672 0.754237 0.015398 0.029056
0 0.397348 0.605327 0.014542 0.012107
