1 0.241493 0.188655 0.102090 0.242857
1 0.593134 0.136555 0.043582 0.111765
4 0.620896 0.563866 0.010746 0.020168
2 0.125672 0.116807 0.014925 0.013445
2 0.378806 0.260084 0.011343 0.021008
1 0.188060 0.564706 0.046567 0.036975
42 0.172537 0.176050 0.020299 0.010924
4 0.594627 0.563866 0.011940 0.018487
4 0.227164 0.581933 0.012537 0.017647
2 0.314030 0.599580 0.016716 0.012605
1 0.400597 0.543697 0.054925 0.038655
4 0.646866 0.563866 0.011343 0.021849
4 0.113433 0.588655 0.013134 0.017647
2 0.594925 0.595378 0.016119 0.012605
2 0.275224 0.350840 0.016716 0.014286
42 0.140299 0.187395 0.009552 0.030252
2 0.227463 0.611765 0.016716 0.013445
2 0.566567 0.194118 0.016716 0.011765
2 0.360000 0.200420 0.010746 0.021008
4 0.257612 0.580672 0.012537 0.015126
2 0.561493 0.628571 0.016119 0.013445
2 0.113731 0.620168 0.017313 0.011765
4 0.525672 0.563866 0.012537 0.015126
3 0.531045 0.436975 0.019701 0.011765
4 0.125970 0.140336 0.013134 0.015126
2 0.363881 0.522689 0.014925 0.013445
2 0.626866 0.089916 0.009552 0.021849
2 0.177313 0.148319 0.010746 0.021008
4 0.143284 0.589076 0.013134 0.018487
2 0.626866 0.182353 0.009552 0.020168
3 0.560597 0.597899 0.010746 0.024370
2 0.157910 0.546218 0.012537 0.013445
2 0.302090 0.138235 0.010746 0.019328
0 0.658209 0.548739 0.006567 0.016807
3 0.560896 0.564706 0.010149 0.025210
6 0.507463 0.545798 0.021493 0.010924
3 0.531343 0.403361 0.021493 0.011765
2 0.487761 0.118487 0.010746 0.020168
0 0.090746 0.158403 0.007164 0.015966
27 0.348657 0.258824 0.025075 0.013445
3 0.110149 0.166807 0.016119 0.012605
3 0.315522 0.200420 0.016119 0.012605
35 0.342388 0.204202 0.016119 0.025210
3 0.310149 0.260084 0.016119 0.012605
3 0.274627 0.324370 0.010746 0.023529
42 0.298507 0.281513 0.009552 0.030252
42 0.171940 0.184454 0.020299 0.010924
42 0.173134 0.192857 0.020299 0.010924
42 0.173134 0.226471 0.020299 0.010924
42 0.172537 0.235714 0.020299 0.010924
42 0.172537 0.244118 0.020299 0.010924
42 0.171940 0.251681 0.020299 0.010924
42 0.173134 0.260084 0.020299 0.010924
42 0.303881 0.226471 0.020299 0.010924
42 0.305075 0.234874 0.020299 0.010924
42 0.305075 0.243277 0.020299 0.010924
42 0.305075 0.251681 0.020299 0.010924
42 0.305075 0.184454 0.020299 0.010924
42 0.305075 0.176891 0.020299 0.010924
42 0.303881 0.168487 0.020299 0.010924
4 0.313433 0.570588 0.013134 0.018487
4 0.340896 0.570588 0.013134 0.018487
42 0.098507 0.575210 0.020299 0.010924
0 0.262985 0.565966 0.006567 0.012605
4 0.442388 0.537815 0.013134 0.018487
42 0.355224 0.546639 0.020299 0.010924
42 0.474030 0.550840 0.020299 0.010924
0 0.307164 0.553361 0.006567 0.012605
0 0.560896 0.419328 0.006567 0.016807
42 0.504478 0.436555 0.020299 0.010924
42 0.504478 0.403782 0.020299 0.010924
2 0.487164 0.168908 0.010746 0.020168
3 0.508060 0.116387 0.021493 0.012605
3 0.508657 0.167647 0.021493 0.012605
42 0.552239 0.101261 0.020299 0.010924
42 0.552239 0.125630 0.020299 0.010924
42 0.552239 0.134034 0.020299 0.010924
42 0.552239 0.142437 0.020299 0.010924
42 0.552239 0.151681 0.020299 0.010924
42 0.552239 0.176891 0.020299 0.010924
2 0.566567 0.080252 0.013134 0.014286
