24 0.235268 0.159244 0.027679 0.029412
1 0.732589 0.126471 0.070536 0.056303
4 0.325893 0.817647 0.019643 0.021849
3 0.375446 0.591597 0.015179 0.025210
1 0.607143 0.437815 0.085714 0.082353
1 0.275446 0.652521 0.127679 0.170588
4 0.749554 0.667647 0.018750 0.019328
2 0.280804 0.846218 0.025893 0.013445
2 0.416518 0.204202 0.024107 0.013445
4 0.281250 0.817647 0.019643 0.018487
4 0.679018 0.566387 0.018750 0.026891
2 0.652232 0.695378 0.025893 0.012605
4 0.723214 0.567227 0.017857 0.023529
24 0.108482 0.097899 0.050893 0.039496
4 0.441964 0.667647 0.019643 0.017647
2 0.325893 0.845798 0.025000 0.014286
2 0.063839 0.164286 0.015179 0.021008
2 0.375446 0.559664 0.024107 0.013445
4 0.700893 0.663866 0.019643 0.016807
4 0.638839 0.565546 0.020536 0.025210
2 0.174107 0.585714 0.025000 0.013445
2 0.647321 0.602101 0.026786 0.012605
3 0.415625 0.138235 0.013393 0.022689
3 0.272768 0.423950 0.013393 0.026050
2 0.545982 0.406723 0.016964 0.020168
2 0.312054 0.363866 0.025893 0.015126
2 0.545982 0.467227 0.016964 0.018487
42 0.183036 0.088235 0.032143 0.013445
4 0.090179 0.634034 0.017857 0.017647
2 0.271429 0.363866 0.025000 0.015126
2 0.630357 0.126471 0.014286 0.017647
2 0.833036 0.126050 0.014286 0.020168
4 0.272768 0.470588 0.020536 0.016807
23 0.764286 0.566387 0.017857 0.021849
2 0.063393 0.634454 0.014286 0.020168
4 0.250446 0.436134 0.020536 0.013445
0 0.241518 0.188655 0.009821 0.012605
4 0.795536 0.668067 0.019643 0.016807
35 0.410714 0.174790 0.028571 0.025210
2 0.504911 0.736975 0.025893 0.013445
4 0.088839 0.671849 0.020536 0.017647
66 0.503571 0.595798 0.041071 0.040336
3 0.821875 0.650840 0.025893 0.012605
0 0.210268 0.155882 0.008036 0.012605
41 0.222768 0.187395 0.013393 0.010084
25 0.553125 0.633613 0.016964 0.025210
21 0.313393 0.424790 0.017857 0.026050
41 0.218304 0.124370 0.013393 0.010084
24 0.295089 0.159244 0.027679 0.029412
42 0.185714 0.126050 0.032143 0.013445
42 0.250000 0.124370 0.032143 0.013445
42 0.288393 0.078992 0.032143 0.013445
42 0.287500 0.088235 0.032143 0.013445
24 0.236161 0.082773 0.050893 0.039496
24 0.108482 0.162605 0.050893 0.039496
42 0.196429 0.164706 0.032143 0.013445
42 0.191071 0.189916 0.032143 0.013445
42 0.192857 0.233613 0.032143 0.013445
42 0.192857 0.243697 0.032143 0.013445
42 0.254464 0.233613 0.032143 0.013445
42 0.255357 0.244538 0.032143 0.013445
41 0.222768 0.233613 0.013393 0.010084
41 0.222768 0.242857 0.013393 0.010084
42 0.414732 0.099160 0.013393 0.028571
0 0.067411 0.096218 0.008036 0.012605
66 0.503571 0.684034 0.041071 0.040336
25 0.606696 0.632773 0.016964 0.025210
6 0.579464 0.648739 0.039286 0.010084
54 0.872321 0.649580 0.041071 0.040336
23 0.651786 0.667227 0.017857 0.021849
42 0.672768 0.108403 0.031250 0.011765
42 0.672768 0.117647 0.031250 0.011765
42 0.672768 0.134454 0.031250 0.011765
42 0.673661 0.142857 0.031250 0.011765
42 0.789732 0.109244 0.031250 0.011765
42 0.790625 0.117647 0.031250 0.011765
42 0.791518 0.134454 0.031250 0.011765
42 0.790625 0.142857 0.031250 0.011765
42 0.669196 0.415126 0.031250 0.011765
42 0.669196 0.431933 0.031250 0.011765
42 0.668304 0.441176 0.031250 0.011765
42 0.670089 0.449580 0.031250 0.011765
42 0.670089 0.457983 0.031250 0.011765
42 0.544196 0.415126 0.031250 0.011765
42 0.543304 0.424370 0.031250 0.011765
42 0.542411 0.432773 0.031250 0.011765
42 0.543304 0.441176 0.031250 0.011765
42 0.543304 0.457143 0.031250 0.011765
42 0.762946 0.520168 0.013393 0.028571
42 0.553125 0.596639 0.031250 0.011765
42 0.803125 0.630252 0.013393 0.028571
42 0.838839 0.630252 0.013393 0.028571
42 0.914732 0.651261 0.031250 0.011765
42 0.866518 0.698319 0.013393 0.028571
42 0.553125 0.684874 0.031250 0.011765
42 0.297321 0.540336 0.014286 0.028571
42 0.262500 0.781513 0.014286 0.028571
42 0.379018 0.658824 0.031250 0.011765
42 0.378125 0.668067 0.031250 0.011765
42 0.178125 0.642017 0.031250 0.011765
42 0.178125 0.650420 0.031250 0.011765
42 0.178125 0.667227 0.031250 0.011765
42 0.177232 0.676471 0.031250 0.011765
42 0.119643 0.612605 0.014286 0.028571
42 0.119643 0.680672 0.014286 0.028571
