1 0.289524 0.476050 0.179048 0.160504
3 0.431905 0.655462 0.014286 0.025210
1 0.733333 0.581933 0.087619 0.083193
1 0.742857 0.100840 0.070476 0.057143
2 0.849524 0.100840 0.015238 0.020168
3 0.122381 0.655462 0.014286 0.025210
2 0.537143 0.691597 0.026667 0.013445
3 0.418095 0.722689 0.030476 0.010084
75 0.119524 0.093277 0.052381 0.038655
4 0.170000 0.461765 0.018095 0.017647
24 0.254762 0.154622 0.029524 0.028571
2 0.141429 0.526891 0.027619 0.013445
2 0.075238 0.690336 0.028571 0.014286
2 0.317143 0.754622 0.024762 0.011765
2 0.442381 0.196218 0.027619 0.012605
2 0.397143 0.756723 0.019048 0.019328
4 0.432857 0.616387 0.018095 0.014286
4 0.480000 0.655042 0.020952 0.010924
3 0.184286 0.723109 0.031429 0.010924
3 0.203810 0.806303 0.030476 0.010924
2 0.071905 0.159244 0.014286 0.021008
4 0.317143 0.730252 0.020952 0.011765
3 0.370476 0.806723 0.032381 0.011765
2 0.633333 0.100420 0.015238 0.019328
35 0.438571 0.166387 0.029524 0.025210
4 0.260476 0.730252 0.020000 0.010084
4 0.171429 0.486975 0.017143 0.014286
0 0.537143 0.581513 0.015238 0.008403
42 0.198095 0.084454 0.036190 0.012605
3 0.456190 0.655882 0.015238 0.024370
2 0.260952 0.754622 0.024762 0.011765
3 0.443333 0.129832 0.014286 0.024370
3 0.316667 0.695378 0.014286 0.024370
4 0.099048 0.653782 0.019048 0.013445
4 0.245714 0.638235 0.020952 0.014286
4 0.332381 0.638235 0.019048 0.014286
4 0.508095 0.654202 0.021905 0.010924
0 0.075714 0.580672 0.016190 0.008403
4 0.148095 0.616807 0.020000 0.015126
3 0.260000 0.694538 0.013333 0.024370
2 0.181905 0.755462 0.019048 0.020168
2 0.288571 0.636134 0.020952 0.013445
3 0.147143 0.654622 0.014286 0.025210
41 0.236190 0.121429 0.015238 0.009244
41 0.242857 0.186134 0.015238 0.009244
41 0.242857 0.231513 0.015238 0.009244
41 0.242857 0.239076 0.015238 0.009244
42 0.205714 0.122269 0.036190 0.012605
42 0.211429 0.159244 0.036190 0.012605
42 0.207619 0.185294 0.036190 0.012605
42 0.208571 0.230672 0.036190 0.012605
42 0.208571 0.240756 0.036190 0.012605
42 0.275238 0.231513 0.036190 0.012605
42 0.274286 0.239916 0.036190 0.012605
24 0.316667 0.156303 0.029524 0.028571
42 0.270476 0.121429 0.036190 0.012605
42 0.315238 0.075210 0.036190 0.012605
42 0.313333 0.084454 0.036190 0.012605
75 0.123333 0.159664 0.052381 0.038655
24 0.256667 0.078151 0.052381 0.038655
0 0.075238 0.091176 0.009524 0.012605
0 0.228571 0.150000 0.009524 0.012605
0 0.260952 0.183613 0.009524 0.012605
42 0.442381 0.093277 0.016190 0.030252
42 0.273810 0.372269 0.016190 0.030252
42 0.284286 0.372269 0.016190 0.030252
42 0.294762 0.372269 0.016190 0.030252
42 0.302381 0.373109 0.016190 0.030252
42 0.455714 0.552941 0.016190 0.030252
42 0.406667 0.478571 0.036190 0.012605
42 0.254762 0.578151 0.016190 0.030252
42 0.273810 0.575210 0.014286 0.027731
42 0.284286 0.576050 0.014286 0.027731
42 0.295714 0.576050 0.014286 0.027731
42 0.303333 0.576050 0.014286 0.027731
42 0.322381 0.575210 0.014286 0.027731
23 0.537143 0.652941 0.019048 0.016807
23 0.075238 0.651261 0.019048 0.016807
42 0.373333 0.655882 0.036190 0.012605
42 0.209048 0.655042 0.037143 0.012605
42 0.133810 0.723109 0.037143 0.012605
42 0.466667 0.722269 0.036190 0.012605
42 0.481429 0.693697 0.037143 0.012605
41 0.456190 0.583193 0.011429 0.010084
41 0.458095 0.684034 0.011429 0.010084
25 0.267143 0.655462 0.025714 0.018487
25 0.312857 0.655462 0.025714 0.018487
66 0.349524 0.689496 0.040000 0.034454
54 0.356190 0.751681 0.040000 0.034454
54 0.233333 0.688655 0.040000 0.034454
66 0.220952 0.752521 0.040000 0.034454
2 0.679048 0.548319 0.019048 0.019328
2 0.679048 0.608824 0.019048 0.019328
2 0.792381 0.608824 0.019048 0.019328
2 0.787619 0.550000 0.019048 0.019328
42 0.668571 0.558403 0.036190 0.012605
42 0.667619 0.567647 0.036190 0.012605
42 0.667619 0.576891 0.036190 0.012605
42 0.667619 0.584454 0.036190 0.012605
42 0.666667 0.600420 0.036190 0.012605
42 0.800952 0.559244 0.036190 0.012605
42 0.798095 0.575210 0.036190 0.012605
42 0.798095 0.585294 0.036190 0.012605
42 0.800000 0.592017 0.036190 0.012605
42 0.799048 0.599580 0.036190 0.012605
42 0.681905 0.083613 0.036190 0.012605
42 0.681905 0.092857 0.036190 0.012605
42 0.682857 0.108824 0.036190 0.012605
42 0.680000 0.117227 0.036190 0.012605
42 0.803810 0.082773 0.036190 0.012605
42 0.802857 0.092017 0.036190 0.012605
42 0.804762 0.108824 0.036190 0.012605
42 0.803810 0.118067 0.036190 0.012605
42 0.157619 0.807143 0.037143 0.012605
42 0.417619 0.806303 0.037143 0.012605
