3 0.785672 0.294538 0.010746 0.024370
1 0.854328 0.247059 0.065672 0.109244
2 0.072239 0.438655 0.016716 0.018487
2 0.785373 0.321849 0.016119 0.011765
2 0.448955 0.440336 0.020299 0.016807
1 0.263582 0.720168 0.111642 0.157983
2 0.046269 0.139916 0.008955 0.021008
3 0.391343 0.462605 0.020896 0.010924
4 0.206269 0.573529 0.011343 0.021008
75 0.077313 0.075210 0.034030 0.041176
2 0.872239 0.174370 0.017910 0.012605
4 0.483881 0.407983 0.011343 0.021008
1 0.579403 0.870168 0.050746 0.096639
24 0.160597 0.138235 0.019104 0.034454
4 0.331343 0.750840 0.014328 0.012605
3 0.194030 0.534874 0.009552 0.024370
1 0.432836 0.165546 0.046567 0.058824
2 0.328358 0.487395 0.017910 0.015126
2 0.882090 0.314286 0.014925 0.015126
2 0.300896 0.893277 0.014328 0.015126
2 0.307761 0.200000 0.017313 0.015126
4 0.814328 0.174370 0.014328 0.021008
4 0.373134 0.715966 0.013134 0.016807
4 0.143284 0.409244 0.011940 0.018487
3 0.266269 0.461765 0.017910 0.010924
2 0.331940 0.779412 0.016716 0.014286
3 0.218209 0.534454 0.010149 0.026891
4 0.870746 0.144538 0.012537 0.016807
4 0.172836 0.409664 0.011343 0.019328
23 0.072836 0.408403 0.010746 0.018487
2 0.541493 0.666387 0.009552 0.020168
4 0.513731 0.408824 0.011343 0.019328
2 0.343582 0.353361 0.018507 0.014286
4 0.576119 0.408824 0.011940 0.021008
3 0.278209 0.820168 0.008358 0.023529
4 0.552239 0.407563 0.010746 0.018487
4 0.113731 0.409244 0.011343 0.018487
4 0.235224 0.585714 0.011940 0.013445
4 0.332239 0.673109 0.010149 0.016807
4 0.745672 0.253782 0.013134 0.018487
2 0.236119 0.558403 0.013731 0.012605
3 0.778209 0.259664 0.020896 0.010084
2 0.365672 0.165966 0.010149 0.021008
3 0.575522 0.666807 0.015522 0.010924
5 0.253731 0.539076 0.011940 0.017647
2 0.596418 0.664706 0.008358 0.018487
2 0.331642 0.647059 0.013731 0.013445
2 0.501493 0.166387 0.010746 0.020168
23 0.448657 0.408403 0.011343 0.020168
4 0.794030 0.199160 0.013134 0.018487
3 0.391045 0.411345 0.017910 0.012605
2 0.174030 0.750840 0.011343 0.022689
75 0.077313 0.144118 0.034030 0.041176
0 0.047463 0.076471 0.006567 0.015126
24 0.163881 0.065966 0.034030 0.041176
24 0.198806 0.137395 0.019104 0.034454
42 0.125373 0.071008 0.021493 0.014286
42 0.127761 0.104622 0.021493 0.014286
42 0.133731 0.141597 0.021493 0.014286
42 0.130746 0.166807 0.021493 0.014286
42 0.199403 0.061765 0.021493 0.014286
42 0.199403 0.070168 0.021493 0.014286
42 0.169552 0.103782 0.021493 0.014286
41 0.152239 0.167227 0.007164 0.008403
41 0.148657 0.103361 0.007164 0.008403
0 0.143582 0.134454 0.006567 0.015126
42 0.307463 0.134874 0.010746 0.032773
42 0.394030 0.150000 0.021493 0.014286
42 0.393433 0.159244 0.021493 0.014286
42 0.393433 0.174370 0.021493 0.014286
42 0.393433 0.183613 0.021493 0.014286
42 0.472239 0.150000 0.021493 0.014286
42 0.472239 0.158403 0.021493 0.014286
42 0.469851 0.175210 0.021493 0.014286
42 0.471045 0.183613 0.021493 0.014286
22 0.307463 0.171429 0.016716 0.021849
42 0.054925 0.394538 0.021493 0.014286
42 0.194030 0.371008 0.010746 0.032773
42 0.216716 0.371849 0.010746 0.032773
42 0.237612 0.410504 0.021493 0.014286
42 0.237612 0.462605 0.021493 0.014286
42 0.278209 0.428151 0.021493 0.014286
2 0.313134 0.353361 0.018507 0.014286
3 0.205970 0.395378 0.017910 0.010924
41 0.187463 0.392857 0.008358 0.010924
41 0.223284 0.393697 0.008358 0.010924
3 0.266269 0.412185 0.017910 0.010924
54 0.297313 0.415546 0.022687 0.029412
66 0.358806 0.415546 0.022687 0.029412
42 0.376119 0.428151 0.021493 0.014286
66 0.358806 0.466387 0.025075 0.030252
54 0.297910 0.466387 0.025075 0.030252
25 0.308358 0.445378 0.017313 0.013445
25 0.347761 0.445378 0.017313 0.013445
42 0.264478 0.621429 0.010746 0.032773
42 0.276418 0.623109 0.010746 0.032773
42 0.292537 0.570168 0.021493 0.014286
42 0.220299 0.603782 0.021493 0.014286
2 0.197313 0.638235 0.011343 0.024370
2 0.173433 0.692017 0.011343 0.024370
3 0.193731 0.752941 0.019701 0.011765
42 0.334328 0.702101 0.021493 0.014286
42 0.333731 0.717227 0.021493 0.014286
42 0.373134 0.679412 0.010746 0.032773
42 0.357612 0.755882 0.010746 0.032773
3 0.301493 0.831092 0.008358 0.023529
3 0.300896 0.866387 0.008358 0.023529
2 0.271642 0.874790 0.014328 0.015126
2 0.253134 0.872269 0.014328 0.015126
4 0.277015 0.847059 0.011940 0.013445
42 0.317015 0.815546 0.021493 0.014286
42 0.315224 0.848319 0.021493 0.014286
0 0.426269 0.734034 0.004776 0.015966
0 0.198806 0.711345 0.004776 0.015966
5 0.408955 0.736134 0.013134 0.018487
2 0.300000 0.641597 0.011343 0.024370
0 0.254328 0.515546 0.013134 0.009244
42 0.418507 0.410504 0.021493 0.014286
42 0.417910 0.460084 0.021493 0.014286
4 0.343582 0.379412 0.012537 0.017647
4 0.313134 0.376050 0.012537 0.017647
42 0.626866 0.393697 0.021493 0.014286
42 0.562388 0.628992 0.010746 0.032773
42 0.587463 0.628992 0.010746 0.032773
42 0.588060 0.734874 0.010746 0.032773
42 0.564179 0.734874 0.010746 0.032773
41 0.557612 0.666807 0.008358 0.010924
41 0.564179 0.659244 0.008358 0.010924
41 0.587463 0.697059 0.008358 0.010924
41 0.587463 0.657563 0.008358 0.010924
4 0.267164 0.571849 0.011343 0.021008
42 0.535224 0.844118 0.020896 0.010924
42 0.535224 0.852521 0.020896 0.010924
42 0.537015 0.860924 0.020896 0.010924
42 0.535224 0.869328 0.020896 0.010924
42 0.536418 0.885294 0.020896 0.010924
42 0.620597 0.844118 0.020896 0.010924
42 0.621194 0.860084 0.020896 0.010924
42 0.621194 0.868487 0.020896 0.010924
42 0.620597 0.877731 0.020896 0.010924
42 0.621194 0.886134 0.020896 0.010924
2 0.538507 0.836134 0.009552 0.020168
2 0.537910 0.894958 0.009552 0.020168
42 0.717612 0.271849 0.021493 0.014286
42 0.752239 0.149160 0.021493 0.014286
42 0.906269 0.128992 0.021493 0.014286
42 0.901493 0.216387 0.021493 0.014286
42 0.901493 0.225630 0.021493 0.014286
42 0.844478 0.326891 0.007761 0.028571
42 0.851045 0.327731 0.007761 0.028571
42 0.856418 0.326050 0.007761 0.028571
42 0.862388 0.327731 0.007761 0.028571
21 0.812537 0.294538 0.013134 0.026050
3 0.779701 0.247479 0.016716 0.014286
2 0.785970 0.176050 0.011343 0.022689
2 0.812239 0.244118 0.011343 0.022689
54 0.847164 0.127311 0.022687 0.029412
3 0.342090 0.411345 0.010746 0.024370
3 0.313433 0.411345 0.010746 0.024370
