2 0.228723 0.236711 0.017730 0.038206
2 0.078605 0.236711 0.017730 0.038206
49 0.111702 0.191860 0.050827 0.071429
2 0.804374 0.249169 0.031915 0.023256
2 0.066785 0.168605 0.017730 0.038206
2 0.878842 0.451827 0.017730 0.039867
2 0.497045 0.489203 0.034279 0.028239
24 0.419622 0.202658 0.040189 0.089701
2 0.241135 0.169435 0.018913 0.036545
2 0.816194 0.572259 0.031915 0.024917
3 0.426123 0.377076 0.039007 0.019934
2 0.867612 0.127907 0.018913 0.039867
2 0.108747 0.427741 0.018913 0.041528
2 0.154255 0.147010 0.027187 0.024917
4 0.841608 0.450997 0.021277 0.034884
2 0.187352 0.426910 0.017730 0.039867
2 0.346336 0.213455 0.016548 0.028239
4 0.828605 0.126246 0.021277 0.033223
42 0.473404 0.251661 0.043735 0.024917
3 0.147754 0.427741 0.035461 0.021595
0 0.816194 0.439369 0.017730 0.021595
36 0.800827 0.180233 0.079196 0.078073
11 0.490544 0.379568 0.026005 0.058140
0 0.118203 0.258306 0.018913 0.014950
49 0.194444 0.190199 0.050827 0.071429
0 0.189125 0.261628 0.018913 0.014950
75 0.456265 0.127907 0.033097 0.046512
42 0.365839 0.176910 0.043735 0.024917
42 0.365839 0.193522 0.043735 0.024917
42 0.367021 0.251661 0.043735 0.024917
42 0.473404 0.211794 0.043735 0.024917
42 0.473404 0.195183 0.043735 0.024917
0 0.491726 0.175249 0.011820 0.021595
42 0.468676 0.294850 0.043735 0.024917
42 0.361111 0.376246 0.043735 0.024917
42 0.680260 0.161960 0.043735 0.024917
42 0.888298 0.178571 0.043735 0.024917
0 0.802600 0.111296 0.018913 0.019934
42 0.692080 0.484219 0.043735 0.024917
36 0.815012 0.502492 0.079196 0.078073
42 0.898936 0.500831 0.043735 0.024917
