75 0.057774 0.430303 0.015124 0.078788
2 0.096340 0.538636 0.006957 0.040909
2 0.047641 0.282576 0.009377 0.025758
75 0.058076 0.554545 0.015124 0.078788
42 0.018905 0.228030 0.011797 0.019697
3 0.031912 0.228030 0.009377 0.022727
42 0.078494 0.431061 0.011797 0.019697
42 0.106322 0.415909 0.011797 0.019697
42 0.106019 0.431061 0.011797 0.019697
42 0.108742 0.190152 0.011797 0.019697
42 0.150181 0.188636 0.011797 0.019697
3 0.093920 0.135606 0.009377 0.022727
0 0.068209 0.121212 0.004537 0.018182
0 0.084543 0.115152 0.004537 0.018182
42 0.088022 0.294697 0.005445 0.062121
42 0.219298 0.259848 0.005445 0.062121
75 0.187840 0.440909 0.015124 0.078788
24 0.092559 0.421212 0.010284 0.063636
24 0.227163 0.439394 0.010284 0.063636
24 0.228070 0.539394 0.010284 0.063636
24 0.106171 0.536364 0.010284 0.063636
2 0.218240 0.547727 0.006957 0.040909
0 0.042952 0.430303 0.003630 0.024242
0 0.042952 0.554545 0.003630 0.024242
0 0.172414 0.439394 0.003630 0.024242
0 0.173019 0.560606 0.003630 0.024242
42 0.213400 0.446212 0.011797 0.019697
42 0.240623 0.431061 0.011797 0.019697
42 0.240623 0.446212 0.011797 0.019697
42 0.240321 0.152273 0.011797 0.019697
3 0.225802 0.099242 0.009377 0.022727
3 0.199637 0.127273 0.005445 0.039394
3 0.199637 0.186364 0.005445 0.039394
3 0.163491 0.188636 0.009377 0.022727
3 0.068361 0.168182 0.005445 0.039394
3 0.068361 0.227273 0.005445 0.039394
11 0.045977 0.229545 0.006655 0.050000
11 0.176951 0.193182 0.006655 0.050000
22 0.056110 0.222727 0.006957 0.042424
22 0.187387 0.186364 0.006957 0.042424
2 0.178615 0.241667 0.009377 0.025758
2 0.102087 0.323485 0.009377 0.025758
22 0.101785 0.237879 0.006957 0.042424
22 0.232456 0.198485 0.006957 0.042424
2 0.233364 0.250758 0.009377 0.025758
75 0.187235 0.559091 0.015124 0.078788
54 0.217786 0.168182 0.012099 0.060606
54 0.085602 0.206061 0.012099 0.060606
0 0.199788 0.081818 0.004537 0.018182
0 0.216425 0.077273 0.004537 0.018182
24 0.108288 0.143939 0.010284 0.063636
24 0.238657 0.103030 0.010284 0.063636
75 0.310345 0.443939 0.015124 0.078788
75 0.310345 0.557576 0.015124 0.078788
42 0.280551 0.196212 0.011797 0.019697
42 0.335602 0.447727 0.011797 0.019697
42 0.362523 0.431061 0.011797 0.019697
42 0.362523 0.446212 0.011797 0.019697
24 0.348760 0.440909 0.010284 0.063636
24 0.353297 0.543939 0.010284 0.063636
2 0.343164 0.544697 0.006957 0.040909
2 0.309286 0.247727 0.009377 0.025758
2 0.363128 0.256818 0.009377 0.025758
42 0.370387 0.159848 0.011797 0.019697
24 0.369631 0.110606 0.010284 0.063636
3 0.292952 0.196212 0.009377 0.022727
54 0.347247 0.171212 0.012099 0.060606
3 0.330006 0.137879 0.005445 0.039394
3 0.330006 0.196970 0.005445 0.039394
3 0.355566 0.108333 0.009377 0.022727
0 0.330157 0.090909 0.004537 0.018182
0 0.346794 0.083333 0.004537 0.018182
22 0.317151 0.195455 0.006957 0.042424
22 0.363430 0.207576 0.006957 0.042424
42 0.349062 0.264394 0.005445 0.062121
11 0.306413 0.196212 0.006655 0.050000
0 0.295221 0.439394 0.003630 0.024242
0 0.294616 0.559091 0.003630 0.024242
