4 0.520000 0.192424 0.014328 0.015152
4 0.528358 0.654167 0.010746 0.015909
4 0.528358 0.401136 0.010746 0.015909
2 0.519701 0.473485 0.017313 0.012121
4 0.689552 0.660227 0.011940 0.015909
2 0.519701 0.727652 0.017313 0.012879
3 0.519104 0.426894 0.008955 0.025000
4 0.689552 0.406061 0.011940 0.016667
3 0.519104 0.680303 0.008955 0.024242
1 0.612239 0.643561 0.060299 0.050758
1 0.612239 0.390530 0.060299 0.050758
23 0.717015 0.660985 0.010746 0.018939
2 0.376716 0.190530 0.016716 0.012879
1 0.904179 0.143939 0.045970 0.042424
2 0.942388 0.139015 0.008955 0.017424
24 0.157612 0.158712 0.020299 0.026515
1 0.611940 0.129924 0.060896 0.052273
1 0.125970 0.593182 0.047761 0.053030
1 0.122985 0.354924 0.048955 0.053788
4 0.690149 0.146970 0.011940 0.016667
1 0.904776 0.404167 0.047164 0.043182
1 0.122388 0.464394 0.048955 0.054545
2 0.154328 0.480303 0.007761 0.018182
2 0.451343 0.682576 0.016716 0.012121
2 0.716716 0.171970 0.016119 0.012121
2 0.451045 0.428788 0.017313 0.012121
2 0.749552 0.171591 0.016119 0.011364
2 0.477612 0.428788 0.016716 0.012121
1 0.904776 0.670455 0.047164 0.043939
2 0.043284 0.162879 0.008955 0.016667
2 0.612239 0.682576 0.018507 0.010606
2 0.612239 0.429167 0.018507 0.011364
3 0.518806 0.165909 0.008358 0.022727
2 0.477910 0.682576 0.016119 0.012121
2 0.154627 0.370833 0.008358 0.017424
24 0.158209 0.090909 0.032239 0.027273
2 0.942687 0.396970 0.009552 0.016667
3 0.281194 0.124242 0.008358 0.019697
4 0.528358 0.139015 0.010746 0.015909
2 0.689851 0.171970 0.017313 0.012121
2 0.749552 0.432576 0.016119 0.012121
2 0.749552 0.686742 0.016119 0.012879
2 0.689552 0.685985 0.016716 0.012879
2 0.877015 0.426515 0.014328 0.010606
2 0.716418 0.432576 0.016716 0.012121
2 0.716716 0.686364 0.016119 0.012121
42 0.122090 0.094318 0.020896 0.011364
2 0.689552 0.432197 0.016716 0.012879
4 0.451343 0.142424 0.013134 0.018182
2 0.939403 0.666288 0.010149 0.021970
3 0.377313 0.425758 0.009552 0.021212
3 0.377313 0.679545 0.009552 0.022727
4 0.520000 0.707576 0.013134 0.015152
4 0.451045 0.403788 0.012537 0.018182
2 0.478209 0.168939 0.016716 0.012121
4 0.451343 0.657955 0.011940 0.017424
2 0.091642 0.480303 0.010149 0.016667
6 0.515821 0.365909 0.021493 0.010606
2 0.157910 0.609091 0.007761 0.016667
35 0.278507 0.157576 0.018507 0.021212
4 0.519701 0.453788 0.012537 0.015152
3 0.377015 0.165530 0.010149 0.020455
6 0.515821 0.619318 0.020299 0.009848
2 0.092836 0.607576 0.010149 0.016667
42 0.376119 0.131818 0.013134 0.025758
2 0.450746 0.168561 0.016716 0.012879
2 0.612537 0.168939 0.016716 0.012121
2 0.091343 0.368939 0.009552 0.016667
75 0.074925 0.102273 0.031642 0.040909
75 0.074627 0.163258 0.028657 0.037121
0 0.045075 0.102273 0.006567 0.013636
0 0.141194 0.154545 0.006567 0.013636
24 0.195821 0.159470 0.020299 0.026515
0 0.160896 0.186364 0.006567 0.013636
42 0.131642 0.163258 0.020896 0.011364
42 0.127463 0.185985 0.020896 0.011364
42 0.193731 0.085985 0.020896 0.011364
42 0.194328 0.095833 0.020896 0.011364
41 0.149552 0.185606 0.006567 0.010606
42 0.280597 0.090909 0.011940 0.028788
42 0.376119 0.392803 0.011940 0.031061
42 0.376119 0.648864 0.011940 0.031061
42 0.162687 0.340530 0.020896 0.011364
42 0.427463 0.125000 0.025075 0.012121
42 0.422687 0.387121 0.025075 0.012121
42 0.426866 0.640152 0.025075 0.012121
42 0.162090 0.348106 0.020896 0.011364
42 0.086269 0.579167 0.020896 0.011364
42 0.162090 0.458712 0.020896 0.011364
42 0.082090 0.449621 0.020896 0.011364
42 0.082687 0.459470 0.020896 0.011364
42 0.162090 0.450379 0.020896 0.011364
42 0.085672 0.588258 0.020896 0.011364
42 0.164478 0.578409 0.020896 0.011364
42 0.164478 0.588258 0.020896 0.011364
42 0.082687 0.340530 0.020896 0.011364
42 0.082090 0.349621 0.020896 0.011364
42 0.657313 0.393182 0.025075 0.012121
42 0.657910 0.403030 0.025075 0.012121
42 0.658507 0.647727 0.025075 0.012121
42 0.658507 0.655303 0.025075 0.012121
42 0.765373 0.639394 0.025075 0.012121
42 0.765373 0.387121 0.025075 0.012121
42 0.860299 0.393182 0.025075 0.012121
42 0.861493 0.401515 0.025075 0.012121
42 0.860896 0.408333 0.025075 0.012121
42 0.860299 0.659091 0.025075 0.012121
42 0.860299 0.666667 0.025075 0.012121
42 0.862090 0.674242 0.025075 0.012121
23 0.748955 0.660985 0.013731 0.018939
23 0.749552 0.409470 0.013731 0.018939
23 0.716119 0.408712 0.013731 0.018939
6 0.514627 0.103409 0.027463 0.009848
42 0.656119 0.130303 0.025075 0.012121
42 0.657313 0.140152 0.025075 0.012121
42 0.763582 0.125758 0.025075 0.012121
42 0.862687 0.131818 0.025075 0.012121
42 0.862090 0.140152 0.025075 0.012121
42 0.862090 0.146970 0.025075 0.012121
23 0.477313 0.404924 0.013731 0.018939
23 0.477910 0.144318 0.013731 0.018939
23 0.748358 0.148106 0.013731 0.018939
23 0.715522 0.145833 0.013731 0.018939
23 0.477910 0.657197 0.013731 0.018939
2 0.281194 0.183712 0.016716 0.012879
2 0.377910 0.451894 0.016716 0.012879
2 0.375522 0.708712 0.016716 0.012879
2 0.520000 0.216288 0.016716 0.012879
2 0.877612 0.167045 0.016716 0.012879
2 0.878507 0.694318 0.016119 0.012879
