2 0.307273 0.390351 0.008182 0.019298
2 0.229318 0.851316 0.009545 0.020175
1 0.327273 0.840351 0.038182 0.057895
1 0.327955 0.604386 0.041364 0.057895
1 0.079773 0.840351 0.038636 0.061404
1 0.080227 0.605263 0.037727 0.059649
1 0.074545 0.384211 0.037273 0.059649
1 0.250000 0.378947 0.038182 0.064912
2 0.229318 0.615789 0.007727 0.021053
1 0.404545 0.370175 0.039091 0.061404
2 0.383182 0.613158 0.007273 0.021053
2 0.383182 0.849561 0.007273 0.023684
2 0.135455 0.615351 0.010000 0.020175
2 0.136136 0.850877 0.011364 0.019298
2 0.131591 0.395175 0.007727 0.016667
4 0.352500 0.875877 0.009545 0.018421
2 0.057045 0.577632 0.010455 0.018421
0 0.181818 0.614912 0.006364 0.017544
4 0.104318 0.876316 0.010455 0.015789
2 0.430000 0.436842 0.012727 0.012281
42 0.041364 0.367105 0.015455 0.011404
42 0.040909 0.393421 0.015455 0.011404
42 0.040909 0.403070 0.015455 0.011404
2 0.047045 0.376754 0.007727 0.016667
42 0.109545 0.376754 0.015455 0.011404
42 0.109091 0.367982 0.015455 0.011404
42 0.109545 0.385526 0.015455 0.011404
42 0.215909 0.363596 0.015455 0.011404
42 0.215909 0.389912 0.015455 0.011404
42 0.215909 0.398684 0.015455 0.011404
42 0.285455 0.363596 0.015455 0.011404
42 0.284091 0.372368 0.015455 0.011404
42 0.284545 0.382018 0.015455 0.011404
0 0.223409 0.372807 0.005000 0.010526
0 0.286136 0.398246 0.005000 0.010526
4 0.104545 0.639912 0.010000 0.009649
4 0.275000 0.416228 0.010000 0.009649
4 0.100000 0.420614 0.010000 0.009649
0 0.111136 0.402632 0.005000 0.010526
42 0.113636 0.587281 0.015455 0.011404
42 0.113182 0.596930 0.015455 0.011404
42 0.045000 0.596053 0.015455 0.011404
42 0.045455 0.613596 0.015455 0.011404
42 0.045455 0.623246 0.015455 0.011404
42 0.195682 0.592105 0.006818 0.031579
42 0.213409 0.592105 0.006818 0.031579
3 0.204545 0.613596 0.012727 0.014912
41 0.190682 0.613596 0.006818 0.011404
41 0.218409 0.612719 0.006818 0.011404
2 0.100455 0.451754 0.013636 0.019298
2 0.105909 0.666667 0.013636 0.019298
2 0.275455 0.444737 0.013636 0.019298
4 0.430455 0.407456 0.010000 0.009649
0 0.441136 0.388596 0.005000 0.010526
2 0.460000 0.381579 0.008182 0.019298
42 0.370000 0.354825 0.015455 0.011404
42 0.370455 0.364474 0.015455 0.011404
42 0.292727 0.586404 0.015455 0.011404
42 0.369545 0.379386 0.015455 0.011404
42 0.370455 0.389912 0.015455 0.011404
42 0.438636 0.354825 0.015455 0.011404
42 0.439091 0.363596 0.015455 0.011404
42 0.439091 0.372368 0.015455 0.011404
42 0.292727 0.596053 0.015455 0.011404
42 0.293182 0.613596 0.015455 0.011404
42 0.293182 0.622368 0.015455 0.011404
42 0.362273 0.587281 0.015455 0.011404
42 0.361818 0.596053 0.015455 0.011404
42 0.361364 0.604825 0.015455 0.011404
4 0.352273 0.640789 0.010000 0.009649
3 0.452727 0.612719 0.012727 0.014912
3 0.452273 0.644298 0.012727 0.014912
42 0.443409 0.591228 0.006818 0.031579
42 0.461591 0.592105 0.006818 0.031579
41 0.438409 0.613596 0.006818 0.011404
41 0.465682 0.612719 0.006818 0.011404
2 0.352273 0.670175 0.012727 0.012281
2 0.056591 0.810088 0.010455 0.018421
42 0.045000 0.850439 0.015455 0.011404
42 0.045455 0.859211 0.015455 0.011404
42 0.114091 0.832895 0.015455 0.011404
42 0.113636 0.824123 0.015455 0.011404
42 0.195682 0.828947 0.006818 0.031579
42 0.213864 0.828947 0.006818 0.031579
41 0.218864 0.849561 0.006818 0.011404
41 0.190682 0.850439 0.006818 0.011404
0 0.181364 0.850000 0.006364 0.017544
3 0.204545 0.849561 0.012727 0.014912
2 0.104545 0.902632 0.013636 0.019298
42 0.293182 0.850439 0.015455 0.011404
42 0.292727 0.860088 0.015455 0.011404
2 0.305000 0.812281 0.012727 0.012281
42 0.361818 0.823246 0.015455 0.011404
42 0.361818 0.832895 0.015455 0.011404
2 0.352273 0.906140 0.012727 0.012281
3 0.451818 0.850439 0.012727 0.014912
41 0.438864 0.849561 0.006818 0.011404
41 0.466136 0.850439 0.006818 0.011404
42 0.443409 0.829825 0.006818 0.031579
42 0.461136 0.830702 0.006818 0.031579
2 0.476818 0.851754 0.007273 0.021053
0 0.115909 0.621053 0.003636 0.014035
0 0.115909 0.860526 0.003636 0.014035
0 0.364091 0.621930 0.003636 0.014035
0 0.430000 0.614035 0.003636 0.014035
0 0.474545 0.611404 0.003636 0.014035
0 0.430000 0.850000 0.003636 0.014035
0 0.363636 0.859649 0.003636 0.014035
0 0.300000 0.834211 0.003636 0.014035
