1 0.894538 0.124306 0.052941 0.084722
4 0.806723 0.534028 0.018487 0.026389
2 0.807143 0.579167 0.024370 0.022222
4 0.794958 0.124306 0.018487 0.026389
2 0.849580 0.225000 0.025210 0.022222
2 0.873950 0.579167 0.025210 0.022222
24 0.250000 0.368056 0.052941 0.466667
26 0.550420 0.200694 0.026891 0.045833
2 0.940336 0.124306 0.013445 0.031944
2 0.207563 0.331944 0.013445 0.030556
2 0.169748 0.552083 0.013445 0.029167
4 0.848739 0.180556 0.018487 0.027778
2 0.794118 0.172222 0.023529 0.027778
2 0.289076 0.331250 0.013445 0.037500
2 0.531933 0.227083 0.018487 0.018056
2 0.637815 0.226389 0.020168 0.019444
36 0.871008 0.520139 0.044538 0.068056
0 0.630252 0.191667 0.010084 0.022222
42 0.306723 0.581944 0.028571 0.019444
42 0.307143 0.554861 0.029412 0.015278
42 0.307143 0.540972 0.029412 0.015278
42 0.195378 0.567361 0.029412 0.015278
42 0.196218 0.582639 0.029412 0.015278
0 0.302101 0.527083 0.007563 0.018056
0 0.284454 0.150694 0.007563 0.018056
0 0.210504 0.152083 0.007563 0.018056
24 0.605462 0.534028 0.027731 0.084722
0 0.526471 0.192361 0.009244 0.023611
26 0.655462 0.200000 0.026891 0.044444
42 0.566387 0.511111 0.028571 0.019444
42 0.566387 0.529167 0.028571 0.019444
42 0.567227 0.554167 0.028571 0.019444
42 0.644538 0.526389 0.028571 0.019444
42 0.645378 0.554167 0.028571 0.019444
0 0.657143 0.508333 0.010084 0.022222
42 0.785714 0.506944 0.028571 0.019444
42 0.934454 0.519444 0.028571 0.019444
0 0.785714 0.094444 0.010084 0.022222
0 0.835294 0.150000 0.010084 0.022222
0 0.874370 0.465972 0.014286 0.020833
