1 0.126378 0.536483 0.040712 0.090909
1 0.083969 0.162679 0.058524 0.221292
1 0.094360 0.872010 0.038592 0.081340
1 0.761662 0.805323 0.044105 0.031699
2 0.152884 0.211124 0.012299 0.010766
1 0.715437 0.171352 0.042409 0.044856
1 0.375106 0.624103 0.047922 0.061603
1 0.712044 0.463218 0.039864 0.047249
1 0.082697 0.316687 0.044105 0.060407
2 0.318490 0.401615 0.012723 0.011364
1 0.277354 0.377691 0.042409 0.031699
3 0.055344 0.862141 0.016539 0.011364
1 0.104114 0.697069 0.041985 0.030502
1 0.410093 0.083433 0.037320 0.040072
2 0.768024 0.402512 0.012723 0.009569
2 0.144402 0.401914 0.011450 0.009569
4 0.318702 0.382775 0.009754 0.010766
2 0.053223 0.723684 0.011450 0.010766
2 0.858991 0.117524 0.012299 0.010167
24 0.390797 0.375598 0.012299 0.021531
2 0.722858 0.830144 0.012299 0.008373
2 0.144614 0.723385 0.011874 0.010167
2 0.371289 0.666567 0.010602 0.011364
3 0.122986 0.880981 0.016964 0.008373
2 0.454411 0.136364 0.012299 0.009569
0 0.145250 0.687500 0.007209 0.008971
4 0.768024 0.383074 0.010178 0.012560
2 0.791773 0.829246 0.013571 0.010167
14 0.140585 0.198266 0.016539 0.024522
4 0.857294 0.390251 0.009754 0.012560
4 0.858567 0.098684 0.008058 0.013158
2 0.839695 0.117524 0.011874 0.010167
0 0.318278 0.366627 0.008058 0.008373
3 0.905216 0.127093 0.007209 0.023325
2 0.160941 0.723684 0.011450 0.009569
4 0.144614 0.704844 0.008482 0.010167
3 0.768236 0.453349 0.014843 0.008373
4 0.068914 0.387261 0.008058 0.011364
6 0.345208 0.579844 0.016964 0.011364
0 0.858355 0.084031 0.006785 0.006579
2 0.389313 0.124701 0.012723 0.010167
3 0.758906 0.469498 0.014843 0.011962
4 0.078880 0.386663 0.009330 0.010167
2 0.282443 0.869318 0.007634 0.017344
2 0.529474 0.374701 0.007209 0.014952
2 0.346056 0.680622 0.011026 0.010766
2 0.669423 0.478170 0.010602 0.012560
53 0.309584 0.869318 0.032231 0.041268
4 0.056828 0.387859 0.009330 0.011364
0 0.758906 0.630682 0.010602 0.007775
2 0.319338 0.901615 0.011026 0.011364
0 0.033079 0.669557 0.007634 0.012560
0 0.453350 0.366029 0.007634 0.007177
2 0.434902 0.169258 0.012299 0.010766
10 0.379347 0.400419 0.008906 0.018541
4 0.471162 0.063995 0.009330 0.011962
2 0.814037 0.210526 0.013995 0.011962
29 0.686599 0.654605 0.019508 0.042464
4 0.413910 0.648923 0.011026 0.010766
42 0.050679 0.060407 0.009754 0.009569
42 0.050679 0.066986 0.009754 0.009569
42 0.050254 0.072967 0.009754 0.009569
42 0.050254 0.078947 0.009754 0.009569
42 0.050254 0.084928 0.009754 0.009569
42 0.119381 0.060407 0.009754 0.009569
42 0.118533 0.066388 0.009754 0.009569
42 0.119381 0.126794 0.009754 0.009569
42 0.118957 0.132775 0.009754 0.009569
42 0.118957 0.144139 0.009754 0.009569
42 0.118745 0.156100 0.011026 0.009569
42 0.050466 0.144139 0.011026 0.009569
42 0.050466 0.150718 0.011026 0.009569
42 0.050891 0.102273 0.011026 0.009569
42 0.119169 0.235048 0.011026 0.009569
2 0.120017 0.222488 0.006785 0.013158
2 0.114080 0.312201 0.006785 0.013158
2 0.113656 0.336722 0.006785 0.013158
4 0.124894 0.192584 0.008906 0.008373
4 0.152460 0.192584 0.008906 0.008373
2 0.136980 0.174641 0.006785 0.013158
2 0.321459 0.087919 0.006785 0.013158
2 0.321459 0.075957 0.006785 0.013158
0 0.053435 0.314593 0.004241 0.010766
0 0.053435 0.336722 0.004241 0.010766
0 0.074427 0.369019 0.008906 0.008373
4 0.089483 0.387859 0.009330 0.010167
2 0.074427 0.406100 0.011450 0.009569
42 0.138677 0.372608 0.011026 0.009569
3 0.144614 0.360347 0.006785 0.018541
0 0.145250 0.342703 0.008906 0.008373
4 0.144614 0.384270 0.009330 0.010167
4 0.237489 0.396232 0.009330 0.010167
0 0.236853 0.366029 0.008906 0.008373
2 0.251484 0.377392 0.006785 0.013158
42 0.345632 0.401316 0.011026 0.009569
3 0.358779 0.402213 0.015267 0.010167
3 0.367048 0.414175 0.005513 0.019737
3 0.451866 0.384270 0.005513 0.019737
24 0.520992 0.398923 0.012299 0.040670
2 0.365988 0.433313 0.012723 0.011364
2 0.381255 0.433313 0.012723 0.011364
2 0.438931 0.426136 0.012723 0.011364
2 0.452502 0.424940 0.012723 0.011364
2 0.529474 0.423146 0.007209 0.014952
2 0.493427 0.392644 0.007209 0.014952
0 0.509118 0.386364 0.003817 0.010766
42 0.434690 0.395933 0.011026 0.009569
42 0.508906 0.398923 0.011026 0.009569
42 0.508482 0.405502 0.011026 0.009569
42 0.508482 0.410885 0.011026 0.009569
21 0.452078 0.407895 0.008482 0.016746
4 0.438719 0.407895 0.009754 0.010766
24 0.519720 0.225478 0.012299 0.021531
2 0.510178 0.236543 0.012723 0.011364
0 0.508270 0.221890 0.006361 0.011962
2 0.471798 0.113636 0.012299 0.010766
2 0.487489 0.114234 0.012299 0.010766
2 0.504877 0.114234 0.012299 0.010766
4 0.470526 0.093900 0.009754 0.010766
4 0.488126 0.063995 0.009330 0.011962
4 0.487701 0.093900 0.009330 0.011962
4 0.504665 0.094498 0.009330 0.011962
4 0.453986 0.117225 0.009754 0.010766
3 0.453774 0.094498 0.007634 0.022727
6 0.445505 0.080742 0.017388 0.008373
2 0.434266 0.070574 0.006785 0.013158
2 0.470950 0.045455 0.012299 0.010766
2 0.487913 0.044856 0.012299 0.010766
3 0.362383 0.075957 0.016539 0.009569
3 0.361959 0.087919 0.016539 0.009569
3 0.379771 0.081938 0.016539 0.009569
35 0.333969 0.078947 0.011450 0.016746
35 0.333545 0.090909 0.011450 0.016746
0 0.513147 0.082237 0.005089 0.014952
2 0.097116 0.504187 0.006785 0.013158
2 0.097540 0.527512 0.006785 0.013158
2 0.097540 0.540670 0.006785 0.013158
2 0.097116 0.568780 0.006785 0.013158
2 0.047922 0.543660 0.006785 0.013158
4 0.061069 0.542165 0.006785 0.013756
3 0.074640 0.557715 0.015267 0.010167
0 0.061917 0.551435 0.005089 0.009569
0 0.061917 0.558014 0.005089 0.009569
42 0.097964 0.509569 0.011026 0.009569
42 0.097540 0.516148 0.011026 0.009569
42 0.097540 0.520933 0.011026 0.009569
42 0.098388 0.532895 0.011026 0.009569
0 0.033079 0.691089 0.007634 0.012560
0 0.162426 0.661782 0.008482 0.008971
3 0.161790 0.680622 0.008058 0.020335
35 0.163062 0.706938 0.013995 0.019139
2 0.078456 0.697967 0.006785 0.013158
4 0.052587 0.704844 0.008482 0.010167
22 0.044741 0.668959 0.008906 0.013756
22 0.045165 0.692883 0.008906 0.013756
0 0.276506 0.573864 0.008482 0.008971
4 0.276081 0.593600 0.008482 0.010167
2 0.276293 0.613038 0.011450 0.009569
3 0.305131 0.607656 0.008058 0.020335
3 0.319975 0.650120 0.008058 0.020335
3 0.319975 0.674641 0.008058 0.020335
4 0.332909 0.662380 0.008482 0.010167
4 0.346056 0.662380 0.008482 0.010167
2 0.333333 0.680622 0.011026 0.010766
2 0.321035 0.693182 0.011026 0.010766
2 0.120017 0.820574 0.006785 0.013158
2 0.041561 0.863038 0.006785 0.013158
0 0.072095 0.855562 0.007634 0.012560
0 0.072943 0.887261 0.007634 0.012560
2 0.119169 0.921651 0.006785 0.013158
2 0.137405 0.879785 0.006785 0.013158
0 0.120017 0.857955 0.007634 0.012560
2 0.237701 0.415670 0.011450 0.009569
3 0.434266 0.150120 0.007634 0.022727
3 0.390161 0.107656 0.007634 0.022727
4 0.373410 0.581041 0.007209 0.016148
2 0.401399 0.652213 0.010602 0.011364
3 0.413698 0.674043 0.008058 0.020335
2 0.413486 0.693780 0.011026 0.010766
3 0.428117 0.644139 0.008058 0.020335
3 0.428965 0.620813 0.008058 0.020335
4 0.443172 0.620813 0.011026 0.010766
4 0.488126 0.619617 0.011026 0.010766
2 0.427905 0.663876 0.011026 0.010766
2 0.443172 0.639354 0.011026 0.010766
2 0.487277 0.639354 0.011026 0.010766
0 0.487913 0.602871 0.007209 0.005981
2 0.338422 0.869318 0.007634 0.017344
2 0.376590 0.871112 0.007634 0.017344
2 0.433418 0.871112 0.007634 0.017344
2 0.414334 0.906998 0.011026 0.011364
42 0.309372 0.910885 0.007209 0.022727
42 0.405216 0.913278 0.007209 0.022727
0 0.300679 0.901615 0.006785 0.006579
0 0.396522 0.904007 0.006785 0.006579
3 0.717133 0.659091 0.016115 0.010766
3 0.748940 0.659689 0.016115 0.010766
3 0.824852 0.653409 0.006785 0.022129
3 0.824852 0.677931 0.006785 0.022129
4 0.723070 0.811603 0.009330 0.008373
4 0.846480 0.677632 0.009330 0.008373
4 0.790925 0.811005 0.009330 0.008373
0 0.723494 0.793959 0.007634 0.006579
0 0.797286 0.799342 0.005937 0.011364
2 0.735369 0.805921 0.006785 0.013756
2 0.705471 0.641447 0.007209 0.014952
2 0.693172 0.623505 0.007209 0.014952
2 0.824640 0.696770 0.012299 0.008373
2 0.845844 0.696172 0.012299 0.008373
42 0.814249 0.665072 0.015267 0.010766
42 0.888889 0.665072 0.015267 0.010766
3 0.899491 0.652213 0.006785 0.022129
3 0.899067 0.676734 0.006785 0.022129
4 0.920271 0.677033 0.009330 0.008373
2 0.899279 0.696770 0.012299 0.008373
2 0.920271 0.696471 0.011026 0.010167
15 0.761026 0.650419 0.016539 0.020933
53 0.406277 0.874103 0.032231 0.041268
24 0.917091 0.090909 0.012299 0.021531
23 0.840543 0.098385 0.012723 0.016148
22 0.823579 0.085227 0.008482 0.016148
6 0.790500 0.081639 0.016964 0.006579
4 0.771628 0.094498 0.008058 0.013158
0 0.755725 0.076256 0.006785 0.006579
3 0.771841 0.162380 0.016964 0.011364
3 0.762935 0.179725 0.016964 0.011364
3 0.748516 0.222189 0.016964 0.011364
3 0.732400 0.222787 0.016964 0.011364
2 0.717769 0.221591 0.007209 0.012560
2 0.671544 0.186304 0.007209 0.012560
2 0.658821 0.168959 0.007209 0.012560
2 0.659245 0.161184 0.007209 0.012560
2 0.622349 0.179725 0.007209 0.012560
3 0.636556 0.173146 0.016964 0.011364
4 0.685115 0.163278 0.007209 0.015550
4 0.685539 0.185407 0.007209 0.015550
4 0.637193 0.179426 0.007209 0.015550
42 0.610687 0.175239 0.011026 0.009569
3 0.814461 0.192883 0.007209 0.023325
54 0.819975 0.160885 0.027566 0.032297
2 0.741094 0.156400 0.007209 0.012560
2 0.772689 0.112141 0.011874 0.010167
0 0.740882 0.168062 0.007634 0.009569
3 0.672180 0.166567 0.016964 0.011364
2 0.905216 0.146232 0.012299 0.010167
0 0.751060 0.365730 0.006785 0.006579
6 0.787108 0.370514 0.016964 0.006579
22 0.819763 0.378289 0.008482 0.016148
23 0.835878 0.387261 0.012723 0.016148
24 0.913698 0.380383 0.012299 0.021531
3 0.901399 0.417763 0.007209 0.023325
2 0.900975 0.438098 0.012299 0.010167
2 0.856870 0.408194 0.012299 0.010167
2 0.836514 0.408194 0.012299 0.010167
2 0.809372 0.501495 0.012299 0.010167
3 0.745547 0.512261 0.016964 0.011364
3 0.727735 0.511065 0.016964 0.011364
3 0.667939 0.457237 0.016964 0.011364
2 0.653732 0.460227 0.007209 0.012560
2 0.653732 0.451854 0.007209 0.012560
2 0.621077 0.470395 0.007209 0.012560
42 0.611111 0.464115 0.011026 0.009569
4 0.634648 0.470096 0.007209 0.015550
3 0.633164 0.463816 0.016964 0.011364
4 0.680450 0.449761 0.007209 0.015550
4 0.680874 0.477273 0.007209 0.015550
2 0.737277 0.445873 0.007209 0.012560
0 0.736217 0.458134 0.007634 0.009569
2 0.714801 0.512261 0.007209 0.012560
0 0.757422 0.511962 0.007634 0.009569
0 0.761238 0.223086 0.007634 0.009569
54 0.815734 0.451555 0.027566 0.032297
3 0.810645 0.483553 0.007209 0.023325
0 0.763147 0.664773 0.010602 0.007775
0 0.825064 0.634868 0.010602 0.007775
0 0.899279 0.635467 0.010602 0.007775
