3 0.733105 0.703995 0.022241 0.018160
3 0.651839 0.702785 0.023952 0.015738
3 0.608640 0.703390 0.023097 0.016949
3 0.771600 0.702785 0.022241 0.018160
3 0.693755 0.703995 0.025663 0.018160
3 0.654833 0.219128 0.024808 0.016949
3 0.770317 0.218523 0.023097 0.018160
3 0.612489 0.219128 0.025663 0.016949
0 0.792130 0.210048 0.011976 0.013317
0 0.213858 0.190073 0.013687 0.012107
3 0.693328 0.218523 0.024808 0.018160
35 0.333191 0.229419 0.023097 0.035109
35 0.130453 0.231840 0.029940 0.037530
35 0.131737 0.277845 0.025663 0.035109
35 0.132592 0.327482 0.025663 0.035109
35 0.132592 0.373487 0.025663 0.035109
35 0.131737 0.423123 0.025663 0.035109
35 0.130881 0.472760 0.025663 0.035109
35 0.130881 0.518765 0.025663 0.035109
35 0.130881 0.570823 0.025663 0.035109
35 0.130881 0.615617 0.025663 0.035109
35 0.132592 0.665254 0.025663 0.035109
35 0.174080 0.231840 0.029940 0.037530
35 0.174080 0.276634 0.029940 0.037530
35 0.174936 0.326271 0.029940 0.037530
35 0.172370 0.378329 0.029940 0.037530
35 0.175791 0.424334 0.029940 0.037530
35 0.174936 0.472760 0.029940 0.037530
35 0.174080 0.523608 0.029940 0.037530
35 0.174936 0.568402 0.029940 0.037530
35 0.174936 0.616828 0.029940 0.037530
35 0.174936 0.665254 0.029940 0.037530
35 0.216852 0.230630 0.029940 0.037530
35 0.216852 0.280266 0.029940 0.037530
35 0.217707 0.329903 0.029940 0.037530
35 0.216852 0.375908 0.029940 0.037530
35 0.217707 0.424334 0.029940 0.037530
35 0.216852 0.472760 0.029940 0.037530
35 0.215141 0.521186 0.029940 0.037530
35 0.218563 0.568402 0.029940 0.037530
35 0.217707 0.615617 0.029940 0.037530
35 0.216852 0.665254 0.029940 0.037530
35 0.254919 0.231840 0.029085 0.037530
35 0.254919 0.276634 0.029085 0.037530
35 0.257485 0.329903 0.029085 0.037530
35 0.256630 0.377119 0.029085 0.037530
35 0.255774 0.423123 0.029085 0.037530
35 0.256630 0.472760 0.029085 0.037530
35 0.256630 0.523608 0.029085 0.037530
35 0.255774 0.569613 0.029085 0.037530
35 0.256630 0.618039 0.029085 0.037530
35 0.256630 0.666465 0.029085 0.037530
35 0.295124 0.231840 0.029085 0.037530
35 0.294269 0.281477 0.029085 0.037530
35 0.294269 0.327482 0.029085 0.037530
35 0.294269 0.377119 0.029085 0.037530
35 0.294269 0.424334 0.029085 0.037530
35 0.294269 0.470339 0.029085 0.037530
35 0.294269 0.519976 0.029085 0.037530
35 0.295979 0.569613 0.029085 0.037530
35 0.296835 0.619249 0.029085 0.037530
35 0.295124 0.664044 0.029085 0.037530
35 0.332763 0.280266 0.029085 0.037530
35 0.331908 0.326271 0.029085 0.037530
35 0.333618 0.375908 0.029085 0.037530
35 0.331908 0.424334 0.029085 0.037530
35 0.332763 0.472760 0.029085 0.037530
35 0.332763 0.522397 0.029085 0.037530
35 0.333618 0.572034 0.029085 0.037530
35 0.331908 0.620460 0.029085 0.037530
35 0.334474 0.666465 0.029085 0.037530
35 0.593670 0.252421 0.029085 0.037530
35 0.593670 0.297215 0.029085 0.037530
35 0.594525 0.345642 0.029085 0.037530
35 0.593670 0.394068 0.029085 0.037530
35 0.594525 0.441283 0.029085 0.037530
35 0.594525 0.490920 0.029085 0.037530
35 0.594525 0.538136 0.029085 0.037530
35 0.595381 0.586562 0.029085 0.037530
35 0.592814 0.636199 0.029085 0.037530
35 0.596236 0.684625 0.029085 0.037530
35 0.637297 0.247579 0.029085 0.037530
35 0.637297 0.298426 0.029085 0.037530
35 0.637297 0.346852 0.029085 0.037530
35 0.636441 0.396489 0.029085 0.037530
35 0.636441 0.444915 0.029085 0.037530
35 0.639008 0.493341 0.029085 0.037530
35 0.639863 0.541768 0.029085 0.037530
35 0.637297 0.585351 0.029085 0.037530
35 0.639008 0.684625 0.029085 0.037530
35 0.679213 0.250000 0.029085 0.037530
35 0.635586 0.636199 0.029085 0.037530
35 0.679213 0.300847 0.029085 0.037530
35 0.680924 0.346852 0.029085 0.037530
35 0.679213 0.395278 0.029085 0.037530
35 0.679213 0.444915 0.029085 0.037530
35 0.680068 0.493341 0.029085 0.037530
35 0.679213 0.542978 0.029085 0.037530
35 0.679213 0.588983 0.029085 0.037530
35 0.680924 0.638620 0.029085 0.037530
35 0.680068 0.679782 0.029085 0.037530
35 0.718563 0.683414 0.029085 0.037530
35 0.757057 0.682203 0.029085 0.037530
35 0.795552 0.684625 0.029085 0.037530
35 0.718563 0.250000 0.029085 0.037530
35 0.716852 0.297215 0.029085 0.037530
35 0.719418 0.345642 0.029085 0.037530
35 0.717707 0.396489 0.029085 0.037530
35 0.718563 0.442494 0.029085 0.037530
35 0.719418 0.494552 0.029085 0.037530
35 0.718563 0.538136 0.029085 0.037530
35 0.716852 0.588983 0.029085 0.037530
35 0.716852 0.637409 0.029085 0.037530
3 0.732678 0.218523 0.024808 0.018160
35 0.754491 0.252421 0.029085 0.037530
35 0.756202 0.294794 0.029085 0.037530
35 0.756202 0.345642 0.029085 0.037530
35 0.756202 0.392857 0.029085 0.037530
35 0.758768 0.443705 0.029085 0.037530
35 0.758768 0.489709 0.029085 0.037530
35 0.757913 0.541768 0.029085 0.037530
35 0.756202 0.586562 0.029085 0.037530
35 0.756202 0.637409 0.029085 0.037530
35 0.795552 0.636199 0.029085 0.037530
35 0.793841 0.590194 0.029085 0.037530
35 0.792985 0.541768 0.029085 0.037530
35 0.796407 0.492131 0.029085 0.037530
35 0.794696 0.442494 0.029085 0.037530
35 0.793841 0.395278 0.029085 0.037530
35 0.793841 0.348063 0.029085 0.037530
35 0.794696 0.251211 0.029085 0.037530
35 0.792985 0.298426 0.029085 0.037530
0 0.215569 0.697337 0.013687 0.012107
0 0.792130 0.715496 0.013687 0.012107
