1 0.555882 0.595266 0.088235 0.054438
2 0.390756 0.208876 0.025210 0.020118
1 0.567647 0.231361 0.136975 0.226036
2 0.432773 0.210059 0.023529 0.022485
24 0.919328 0.443787 0.036975 0.092308
4 0.390756 0.171006 0.020168 0.024852
3 0.239496 0.141420 0.026891 0.013018
2 0.476050 0.581657 0.022689 0.020118
2 0.390336 0.368639 0.026050 0.024852
4 0.475210 0.543787 0.019328 0.024852
24 0.118487 0.341420 0.047059 0.495858
4 0.391176 0.330769 0.017647 0.020118
2 0.130252 0.606509 0.023529 0.020118
4 0.433193 0.171598 0.017647 0.026036
2 0.644538 0.119527 0.018487 0.021302
2 0.494538 0.119527 0.017647 0.023669
2 0.567647 0.096450 0.021008 0.020118
3 0.710084 0.590533 0.011765 0.033136
4 0.672269 0.542012 0.018487 0.023669
4 0.710924 0.542012 0.016807 0.021302
3 0.390336 0.282249 0.014286 0.034320
41 0.794538 0.259763 0.019328 0.010651
2 0.688655 0.582840 0.017647 0.020118
2 0.130252 0.066864 0.020168 0.020118
3 0.390336 0.586982 0.014286 0.044970
22 0.629832 0.520710 0.022689 0.023669
47 0.373950 0.611243 0.025210 0.017751
6 0.554202 0.518935 0.032773 0.020118
43 0.680252 0.488757 0.021008 0.030769
47 0.857983 0.475148 0.025210 0.017751
24 0.921429 0.261538 0.037815 0.125444
43 0.669328 0.276923 0.021008 0.030769
43 0.870168 0.110059 0.024370 0.040237
41 0.243277 0.206509 0.019328 0.010651
41 0.244118 0.219527 0.019328 0.010651
41 0.243277 0.231361 0.019328 0.010651
41 0.244118 0.242012 0.019328 0.010651
41 0.244118 0.253846 0.019328 0.010651
41 0.244118 0.265680 0.019328 0.010651
41 0.243277 0.278698 0.019328 0.010651
41 0.227311 0.289349 0.019328 0.010651
41 0.243277 0.302367 0.019328 0.010651
41 0.244118 0.313018 0.019328 0.010651
41 0.244958 0.324852 0.019328 0.010651
41 0.244118 0.336686 0.019328 0.010651
41 0.244118 0.348521 0.019328 0.010651
41 0.244118 0.361538 0.019328 0.010651
41 0.244118 0.373373 0.019328 0.010651
41 0.244118 0.384024 0.019328 0.010651
41 0.243277 0.395858 0.019328 0.010651
41 0.244958 0.408876 0.019328 0.010651
41 0.245798 0.419527 0.019328 0.010651
41 0.226471 0.431361 0.019328 0.010651
41 0.244958 0.444379 0.019328 0.010651
41 0.244118 0.456213 0.019328 0.010651
41 0.244118 0.466864 0.019328 0.010651
41 0.243277 0.478698 0.019328 0.010651
41 0.243277 0.490533 0.019328 0.010651
41 0.795378 0.224260 0.019328 0.010651
41 0.794538 0.237278 0.019328 0.010651
41 0.794538 0.247929 0.019328 0.010651
41 0.794538 0.272781 0.019328 0.010651
41 0.794538 0.283432 0.019328 0.010651
41 0.795378 0.295266 0.019328 0.010651
41 0.795378 0.308284 0.019328 0.010651
