2 0.723109 0.275148 0.022689 0.024852
1 0.847479 0.527219 0.063025 0.095858
2 0.374790 0.547337 0.025210 0.022485
1 0.166387 0.334911 0.152941 0.201183
2 0.724370 0.565089 0.023529 0.024852
3 0.306723 0.159763 0.013445 0.033136
4 0.096218 0.602367 0.022689 0.026036
4 0.095378 0.666864 0.021008 0.024852
1 0.850000 0.265680 0.068067 0.155030
49 0.373950 0.466864 0.062185 0.100592
24 0.520588 0.643787 0.039496 0.073373
2 0.814706 0.595266 0.026050 0.023669
2 0.860924 0.595266 0.024370 0.021302
2 0.139076 0.682840 0.022689 0.021302
4 0.723109 0.524852 0.019328 0.024852
2 0.164286 0.163905 0.024370 0.024852
4 0.433193 0.153254 0.015966 0.029586
2 0.814286 0.171598 0.021849 0.023669
4 0.500420 0.406509 0.015966 0.024852
2 0.466807 0.517160 0.026050 0.023669
2 0.861345 0.456213 0.023529 0.022485
4 0.722269 0.235503 0.019328 0.021302
4 0.538655 0.408876 0.016807 0.029586
4 0.268908 0.181657 0.018487 0.034320
3 0.613445 0.524260 0.026891 0.014201
2 0.470588 0.113018 0.021849 0.020118
49 0.373950 0.292899 0.060504 0.105325
2 0.887395 0.172189 0.021849 0.022485
4 0.307983 0.200000 0.017647 0.023669
4 0.390756 0.153846 0.018487 0.028402
2 0.887815 0.358580 0.022689 0.021302
6 0.440336 0.382840 0.033613 0.015385
2 0.307143 0.120118 0.021008 0.022485
23 0.467227 0.405917 0.016807 0.026036
4 0.113025 0.147337 0.021008 0.022485
4 0.302101 0.419527 0.024370 0.024852
2 0.814706 0.357988 0.022689 0.022485
2 0.323950 0.327811 0.019328 0.023669
23 0.470168 0.153846 0.014286 0.028402
21 0.298319 0.314793 0.028571 0.021302
3 0.613025 0.236686 0.026050 0.016568
43 0.048739 0.395266 0.023529 0.028402
7 0.533193 0.177515 0.046218 0.021302
0 0.576050 0.168047 0.014286 0.014201
41 0.571008 0.234911 0.010924 0.017751
8 0.671008 0.518343 0.036134 0.049704
8 0.669328 0.229586 0.036134 0.049704
4 0.114286 0.102367 0.021849 0.022485
