3 0.029851 0.119328 0.009552 0.026891
1 0.277910 0.607563 0.053134 0.080672
1 0.463582 0.107563 0.061493 0.115966
3 0.295522 0.119748 0.009552 0.029412
1 0.791940 0.384454 0.032836 0.036134
1 0.791045 0.266387 0.056119 0.043697
1 0.206269 0.841176 0.059104 0.042017
1 0.070149 0.615546 0.047164 0.110084
4 0.304478 0.560924 0.013134 0.014286
1 0.174328 0.387395 0.041791 0.073950
24 0.839403 0.079412 0.028657 0.059664
3 0.116418 0.119328 0.009552 0.028571
24 0.903582 0.451261 0.017313 0.031933
24 0.398806 0.799580 0.027463 0.068067
24 0.746269 0.079412 0.027463 0.059664
26 0.041791 0.254202 0.026269 0.036134
3 0.143582 0.728992 0.010149 0.026050
3 0.259701 0.119748 0.009552 0.029412
24 0.839701 0.138235 0.028060 0.051261
2 0.520000 0.349160 0.016716 0.014286
24 0.630448 0.102941 0.029851 0.086555
3 0.835522 0.386134 0.018507 0.014286
25 0.206269 0.594958 0.011343 0.025210
3 0.798806 0.473950 0.016716 0.015126
2 0.397015 0.367227 0.017910 0.015126
3 0.554030 0.340756 0.010746 0.031092
3 0.319104 0.119328 0.008955 0.030252
1 0.459403 0.308403 0.038806 0.040336
3 0.234925 0.455882 0.018507 0.012605
2 0.206567 0.663866 0.017910 0.015126
24 0.746866 0.136555 0.026269 0.056303
3 0.119403 0.728992 0.010746 0.024370
2 0.555821 0.371849 0.016716 0.014286
4 0.630149 0.282353 0.012537 0.013445
2 0.131642 0.758403 0.017313 0.014286
3 0.140597 0.119328 0.008955 0.030252
3 0.235224 0.120168 0.009552 0.028571
3 0.165373 0.208824 0.022687 0.010924
4 0.558507 0.082773 0.014925 0.019328
4 0.376418 0.334454 0.014925 0.013445
4 0.397612 0.330252 0.013134 0.016807
4 0.608657 0.281513 0.011343 0.015126
2 0.610448 0.332353 0.019701 0.019328
3 0.397015 0.628571 0.019104 0.013445
2 0.227761 0.317227 0.010149 0.019328
0 0.098507 0.826891 0.010746 0.008403
3 0.421194 0.333613 0.010149 0.028571
3 0.053433 0.118067 0.008955 0.027731
2 0.036716 0.286975 0.016119 0.017647
2 0.242090 0.567647 0.012537 0.015966
2 0.036716 0.221429 0.013731 0.014286
8 0.832537 0.472269 0.017313 0.025210
2 0.205672 0.881933 0.017313 0.012605
2 0.102687 0.673109 0.015522 0.016807
22 0.496119 0.281513 0.011940 0.023529
2 0.038507 0.559244 0.012537 0.015966
3 0.176716 0.119748 0.009552 0.029412
3 0.080597 0.119328 0.009552 0.028571
4 0.827463 0.274370 0.010746 0.015966
2 0.517015 0.087815 0.009552 0.019328
3 0.554328 0.291597 0.010149 0.028571
2 0.102687 0.559664 0.013134 0.016807
4 0.715821 0.273950 0.013134 0.015126
4 0.734328 0.274370 0.011940 0.015966
4 0.266269 0.850840 0.010746 0.019328
4 0.289552 0.851681 0.010746 0.019328
2 0.037910 0.672689 0.014925 0.015966
2 0.205970 0.566807 0.014328 0.015966
2 0.346269 0.484034 0.016716 0.016807
2 0.414925 0.153782 0.009552 0.018487
3 0.396716 0.556303 0.018507 0.011765
0 0.269851 0.456303 0.008358 0.013445
2 0.305075 0.533193 0.014328 0.017647
4 0.242090 0.850000 0.011343 0.019328
2 0.145970 0.457143 0.008955 0.018487
4 0.851642 0.274370 0.011343 0.015966
4 0.873731 0.274370 0.011343 0.017647
25 0.206866 0.639496 0.011343 0.025210
0 0.029254 0.043697 0.008358 0.013445
3 0.200000 0.123109 0.009552 0.029412
4 0.165373 0.268908 0.016716 0.023529
4 0.200000 0.331092 0.016716 0.023529
4 0.539701 0.286555 0.013134 0.016807
4 0.453134 0.275630 0.016716 0.023529
0 0.229851 0.343277 0.008358 0.014286
2 0.324776 0.484034 0.016716 0.016807
41 0.334925 0.469328 0.011940 0.010924
6 0.516418 0.259244 0.026269 0.012605
2 0.413134 0.063025 0.009552 0.018487
2 0.558209 0.114706 0.016716 0.014286
0 0.572537 0.061765 0.008358 0.014286
2 0.791940 0.310504 0.019701 0.019328
3 0.811642 0.492857 0.011343 0.024370
11 0.417313 0.557983 0.013134 0.026891
11 0.416119 0.628571 0.013134 0.026891
3 0.226269 0.613025 0.022687 0.010924
3 0.225672 0.622269 0.022687 0.010924
4 0.149552 0.852521 0.011343 0.019328
4 0.131642 0.852521 0.011343 0.019328
2 0.811940 0.518908 0.016716 0.014286
47 0.351642 0.771849 0.015522 0.012605
47 0.351642 0.781933 0.015522 0.012605
47 0.757612 0.439916 0.015522 0.012605
47 0.757612 0.449160 0.015522 0.012605
0 0.628955 0.250840 0.012537 0.009244
0 0.683881 0.250840 0.012537 0.009244
