1 0.832773 0.673373 0.067227 0.075740
4 0.080672 0.154438 0.016807 0.022485
3 0.589076 0.737278 0.025210 0.016568
24 0.652521 0.088166 0.046218 0.076923
3 0.802941 0.259763 0.026050 0.015385
4 0.080252 0.053254 0.019328 0.021302
1 0.400840 0.333136 0.144538 0.547929
24 0.077311 0.916568 0.026891 0.076923
27 0.152521 0.428402 0.021008 0.059172
2 0.117647 0.681657 0.023529 0.018935
4 0.087815 0.614793 0.017647 0.017751
4 0.503782 0.508284 0.024370 0.024852
3 0.803361 0.224852 0.028571 0.016568
24 0.789496 0.454438 0.044538 0.054438
14 0.117647 0.200592 0.040336 0.060355
4 0.080252 0.122485 0.017647 0.022485
4 0.915966 0.683432 0.018487 0.017751
4 0.080672 0.242604 0.020168 0.023669
24 0.963866 0.485799 0.031933 0.105325
3 0.588655 0.702367 0.026050 0.015385
2 0.126471 0.492899 0.024370 0.020118
1 0.628151 0.279290 0.096639 0.104142
4 0.058824 0.614793 0.018487 0.015385
2 0.840336 0.381065 0.026891 0.018935
4 0.857563 0.329586 0.021008 0.020118
3 0.743277 0.105917 0.024370 0.015385
2 0.071429 0.493491 0.025210 0.021302
4 0.180672 0.613609 0.020168 0.020118
2 0.784034 0.673373 0.013445 0.030769
3 0.742857 0.064497 0.023529 0.015385
2 0.723109 0.734320 0.024370 0.020118
2 0.051681 0.088166 0.012605 0.029586
3 0.143277 0.927811 0.026050 0.014201
4 0.722689 0.679882 0.018487 0.020118
27 0.917647 0.061538 0.040336 0.018935
3 0.092437 0.378698 0.013445 0.035503
3 0.097059 0.734320 0.024370 0.017751
4 0.152101 0.613018 0.018487 0.016568
3 0.126891 0.549704 0.028571 0.017751
4 0.129412 0.614201 0.016807 0.014201
35 0.645378 0.710651 0.026891 0.031953
23 0.940756 0.676331 0.017647 0.024852
2 0.186975 0.159763 0.014286 0.030769
3 0.742857 0.081657 0.021849 0.016568
4 0.126471 0.412426 0.019328 0.020118
4 0.894958 0.707692 0.016807 0.021302
3 0.125630 0.347929 0.014286 0.033136
3 0.751681 0.677515 0.014286 0.036686
41 0.361345 0.715976 0.018487 0.011834
0 0.941176 0.295858 0.008403 0.021302
22 0.916807 0.292899 0.021849 0.029586
4 0.115126 0.615976 0.021849 0.017751
26 0.071429 0.419527 0.020168 0.031953
7 0.810504 0.294083 0.044538 0.020118
2 0.687815 0.279290 0.012605 0.028402
3 0.143277 0.916568 0.026050 0.013018
5 0.071429 0.353846 0.016807 0.026036
3 0.492017 0.165680 0.026050 0.018935
3 0.097479 0.762130 0.025210 0.016568
14 0.113866 0.087574 0.022689 0.028402
0 0.071429 0.303550 0.015126 0.013018
41 0.362185 0.702959 0.018487 0.011834
41 0.361345 0.692308 0.018487 0.011834
41 0.731933 0.443787 0.018487 0.011834
41 0.731933 0.455621 0.018487 0.011834
41 0.866387 0.294675 0.018487 0.011834
27 0.920168 0.114793 0.040336 0.018935
27 0.919328 0.138462 0.040336 0.018935
35 0.645378 0.744970 0.026891 0.031953
4 0.966387 0.685799 0.018487 0.017751
0 0.126891 0.302367 0.015126 0.013018
24 0.609244 0.483432 0.031933 0.140828
41 0.932773 0.651479 0.008403 0.017751
