4 0.768908 0.212426 0.020168 0.024852
1 0.691597 0.424260 0.191597 0.259172
2 0.155882 0.381065 0.024370 0.018935
4 0.138655 0.118343 0.018487 0.021302
2 0.796218 0.212426 0.012605 0.029586
2 0.155462 0.157396 0.023529 0.018935
3 0.214286 0.803550 0.028571 0.016568
3 0.092857 0.437870 0.026050 0.016568
3 0.214286 0.697633 0.030252 0.017751
2 0.214706 0.928402 0.022689 0.017751
1 0.113445 0.879290 0.085714 0.158580
2 0.168487 0.629586 0.024370 0.016568
3 0.214706 0.733136 0.027731 0.017751
24 0.341597 0.434320 0.047899 0.063905
2 0.850000 0.527219 0.026050 0.020118
4 0.173109 0.228402 0.016807 0.023669
4 0.194118 0.589941 0.018487 0.022485
2 0.387395 0.504142 0.023529 0.018935
4 0.213866 0.891124 0.017647 0.018935
2 0.531092 0.200592 0.013445 0.029586
2 0.156303 0.269231 0.023529 0.017751
3 0.848739 0.489941 0.013445 0.035503
4 0.139076 0.230178 0.019328 0.020118
3 0.214286 0.768047 0.028571 0.016568
23 0.768067 0.164497 0.021849 0.023669
4 0.138655 0.342012 0.020168 0.021302
3 0.630672 0.176923 0.010924 0.031953
23 0.766807 0.117160 0.021008 0.023669
4 0.865966 0.302959 0.012605 0.023669
2 0.937395 0.110059 0.019328 0.016568
4 0.172689 0.340828 0.015966 0.026036
3 0.109664 0.567456 0.027731 0.015385
4 0.173529 0.117751 0.015966 0.024852
3 0.386134 0.465680 0.012605 0.036686
4 0.139076 0.589941 0.019328 0.020118
3 0.612185 0.152663 0.024370 0.016568
3 0.164706 0.566864 0.026891 0.016568
4 0.589496 0.201183 0.021008 0.023669
60 0.879412 0.141420 0.056303 0.041420
4 0.866807 0.278698 0.014286 0.017751
0 0.160084 0.084615 0.010924 0.010651
4 0.486975 0.443787 0.014286 0.028402
6 0.097059 0.093491 0.034454 0.018935
0 0.059664 0.321302 0.010084 0.020118
4 0.486555 0.347337 0.013445 0.024852
4 0.487815 0.420118 0.015966 0.026036
4 0.488235 0.323669 0.013445 0.022485
6 0.097899 0.203550 0.034454 0.018935
6 0.096218 0.315976 0.034454 0.018935
6 0.244118 0.868639 0.034454 0.018935
0 0.060504 0.208876 0.010084 0.020118
0 0.058824 0.094083 0.010084 0.020118
3 0.255462 0.847337 0.028571 0.016568
4 0.614286 0.118935 0.020168 0.024852
4 0.898739 0.421302 0.012605 0.023669
4 0.900420 0.444970 0.012605 0.023669
0 0.275630 0.869231 0.016807 0.024852
