3 0.214706 0.895858 0.012605 0.033136
1 0.597899 0.176331 0.052941 0.075740
1 0.925210 0.598817 0.060504 0.208284
1 0.526050 0.366272 0.115966 0.147929
3 0.865546 0.670414 0.013445 0.034320
1 0.228571 0.602367 0.105882 0.175148
3 0.197479 0.927219 0.026891 0.017751
1 0.715126 0.538462 0.045378 0.063905
3 0.718487 0.211834 0.011765 0.033136
1 0.272269 0.844970 0.052101 0.066272
3 0.299160 0.602959 0.026891 0.017751
2 0.842437 0.146746 0.014286 0.030769
1 0.413025 0.302959 0.031092 0.082840
1 0.114286 0.844970 0.047059 0.063905
2 0.334454 0.614793 0.015126 0.029586
3 0.164286 0.827811 0.026050 0.015385
24 0.044118 0.152663 0.026050 0.054438
3 0.105042 0.631953 0.011765 0.033136
26 0.302941 0.148521 0.036134 0.043787
4 0.143697 0.518343 0.020168 0.021302
3 0.651261 0.543195 0.028571 0.014201
7 0.116807 0.172189 0.026891 0.013018
2 0.311765 0.865680 0.023529 0.020118
3 0.789916 0.121302 0.013445 0.034320
2 0.226050 0.933136 0.016807 0.027219
4 0.216807 0.805325 0.016807 0.015385
3 0.155882 0.567456 0.024370 0.017751
4 0.647899 0.094083 0.013445 0.024852
3 0.424370 0.053254 0.028571 0.016568
3 0.264286 0.141420 0.012605 0.031953
3 0.604622 0.123669 0.026050 0.015385
22 0.367227 0.253846 0.021849 0.024852
4 0.837395 0.542604 0.017647 0.017751
3 0.130252 0.591124 0.023529 0.015385
3 0.416387 0.147929 0.009244 0.033136
4 0.790336 0.169231 0.021008 0.021302
3 0.436555 0.100592 0.012605 0.030769
2 0.870588 0.724260 0.023529 0.018935
2 0.573529 0.542604 0.017647 0.024852
4 0.818487 0.541420 0.016807 0.015385
3 0.411345 0.223669 0.012605 0.033136
35 0.609244 0.552663 0.025210 0.035503
2 0.597899 0.428402 0.022689 0.018935
4 0.642857 0.378107 0.021849 0.020118
2 0.827731 0.588166 0.023529 0.018935
2 0.222689 0.753254 0.023529 0.017751
4 0.407563 0.101183 0.020168 0.017751
4 0.240336 0.148521 0.018487 0.017751
3 0.847059 0.708876 0.026891 0.018935
4 0.558824 0.055030 0.015126 0.022485
15 0.684454 0.178698 0.022689 0.035503
3 0.773529 0.521302 0.024370 0.013018
4 0.232773 0.805325 0.016807 0.017751
3 0.551261 0.152071 0.011765 0.029586
5 0.476050 0.165089 0.015966 0.029586
4 0.307143 0.531361 0.010924 0.021302
5 0.701681 0.214201 0.015126 0.033136
3 0.710084 0.059172 0.026891 0.018935
32 0.521429 0.130178 0.032773 0.118343
23 0.349580 0.147337 0.016807 0.027219
2 0.110084 0.506509 0.015126 0.023669
3 0.398319 0.146746 0.011765 0.033136
4 0.373950 0.201183 0.013445 0.023669
4 0.373950 0.367456 0.015126 0.024852
4 0.117227 0.568639 0.017647 0.022485
31 0.200420 0.146746 0.049580 0.054438
6 0.155042 0.169822 0.031092 0.020118
23 0.335294 0.148521 0.016807 0.027219
23 0.692437 0.127219 0.016807 0.027219
23 0.735294 0.128402 0.016807 0.027219
5 0.600000 0.094083 0.020168 0.024852
5 0.444538 0.182840 0.020168 0.024852
5 0.086555 0.604142 0.020168 0.024852
2 0.290756 0.515385 0.023529 0.020118
