1 0.290756 0.195858 0.085714 0.100592
3 0.789496 0.200592 0.012605 0.041420
4 0.517647 0.406509 0.018487 0.034320
4 0.394118 0.409467 0.016807 0.035503
2 0.410084 0.207692 0.015126 0.031953
1 0.466387 0.403550 0.050420 0.073373
4 0.545798 0.407101 0.015966 0.030769
3 0.147899 0.159763 0.026891 0.014201
3 0.739916 0.182840 0.012605 0.039053
2 0.181092 0.220710 0.024370 0.020118
4 0.857563 0.207692 0.014286 0.036686
3 0.373529 0.159763 0.029412 0.014201
2 0.458403 0.466864 0.021008 0.015385
2 0.807563 0.283432 0.021849 0.017751
4 0.181092 0.183432 0.019328 0.021302
3 0.373950 0.206509 0.028571 0.015385
4 0.365546 0.406509 0.018487 0.031953
23 0.563445 0.176331 0.014286 0.035503
0 0.517227 0.351479 0.012605 0.011834
41 0.071849 0.160355 0.017647 0.015385
4 0.823950 0.205325 0.014286 0.034320
3 0.768908 0.154438 0.028571 0.015385
2 0.546639 0.252071 0.026050 0.021302
0 0.318067 0.360947 0.009244 0.016568
0 0.546639 0.142604 0.014286 0.010651
41 0.163445 0.311834 0.017647 0.015385
41 0.165126 0.330769 0.017647 0.015385
41 0.164286 0.347337 0.017647 0.015385
41 0.165126 0.367456 0.017647 0.015385
22 0.341176 0.362722 0.016807 0.027219
23 0.526471 0.175148 0.014286 0.035503
35 0.735714 0.251479 0.024370 0.046154
41 0.748319 0.093491 0.017647 0.016568
23 0.677731 0.200592 0.017647 0.029586
23 0.709664 0.199408 0.017647 0.029586
0 0.776471 0.092308 0.011765 0.023669
