1 0.528450 0.495723 0.075061 0.153122
2 0.142252 0.914885 0.014528 0.014542
4 0.572034 0.576561 0.012107 0.015398
1 0.336562 0.423439 0.058111 0.047904
3 0.254540 0.420873 0.019976 0.015398
3 0.732446 0.356715 0.008475 0.027374
1 0.336864 0.559880 0.058717 0.048760
3 0.281174 0.540205 0.010291 0.024808
3 0.417676 0.511976 0.008475 0.024808
4 0.689770 0.444825 0.012712 0.023952
24 0.776634 0.411035 0.018160 0.029940
3 0.280872 0.404192 0.009685 0.024808
24 0.133172 0.478614 0.023002 0.065868
3 0.457930 0.585543 0.011501 0.028229
4 0.689770 0.538067 0.015133 0.018820
2 0.202785 0.595381 0.018160 0.013687
3 0.732446 0.517964 0.009685 0.024808
24 0.776634 0.573995 0.019370 0.027374
2 0.131053 0.915312 0.015133 0.013687
2 0.203087 0.457656 0.017554 0.013687
4 0.590496 0.577417 0.012712 0.013687
3 0.254843 0.557314 0.019370 0.014542
4 0.731538 0.594525 0.012712 0.020530
3 0.732446 0.465783 0.008475 0.026518
4 0.690073 0.376818 0.013317 0.023097
3 0.732446 0.628743 0.008475 0.023952
2 0.579600 0.493157 0.010291 0.017964
2 0.299334 0.582977 0.013923 0.012831
3 0.417373 0.469632 0.010291 0.022241
4 0.589891 0.397776 0.011501 0.017109
4 0.731840 0.390077 0.012107 0.015398
3 0.276332 0.582549 0.019976 0.013687
2 0.474879 0.621044 0.016344 0.013687
4 0.689770 0.606074 0.013923 0.024808
4 0.714286 0.442686 0.010896 0.021386
3 0.457022 0.431138 0.010896 0.025663
4 0.398910 0.487596 0.014528 0.015398
4 0.571731 0.398204 0.012712 0.016253
4 0.433414 0.437126 0.009685 0.018820
23 0.636199 0.574850 0.012107 0.020530
23 0.611380 0.398204 0.010896 0.017964
2 0.611683 0.603935 0.015133 0.013687
23 0.635593 0.397776 0.010896 0.022241
3 0.457022 0.385800 0.012107 0.025663
2 0.419794 0.577844 0.010291 0.019675
20 0.204298 0.557314 0.015133 0.026518
3 0.275726 0.444397 0.017554 0.014542
4 0.440375 0.576561 0.010291 0.017109
2 0.611683 0.371257 0.013923 0.010265
4 0.732143 0.432849 0.011501 0.018820
4 0.714286 0.607357 0.012107 0.025663
4 0.397094 0.419589 0.012107 0.017964
4 0.396489 0.556459 0.013317 0.017964
2 0.417373 0.540205 0.013923 0.012831
4 0.457930 0.544910 0.010291 0.020530
23 0.611985 0.576133 0.012107 0.016253
4 0.230932 0.556459 0.011501 0.017964
4 0.714286 0.538067 0.012107 0.020530
6 0.675242 0.336185 0.026029 0.010265
4 0.230932 0.420873 0.012712 0.018820
0 0.611077 0.424294 0.011501 0.010265
20 0.204903 0.420017 0.016344 0.027374
4 0.714286 0.377246 0.012107 0.023952
6 0.675242 0.483747 0.026029 0.011121
6 0.674637 0.500000 0.026029 0.011121
4 0.732143 0.551754 0.015133 0.018820
2 0.580206 0.466638 0.010291 0.017964
2 0.578995 0.517964 0.010291 0.017964
2 0.682506 0.573567 0.010291 0.017964
0 0.375000 0.402053 0.011501 0.010265
0 0.456114 0.360137 0.011501 0.010265
4 0.617131 0.448674 0.012712 0.016253
4 0.617736 0.484602 0.012712 0.016253
4 0.617736 0.501711 0.012712 0.016253
4 0.616525 0.535073 0.012712 0.016253
2 0.414346 0.437553 0.010291 0.019675
2 0.299031 0.446963 0.014528 0.012831
6 0.674637 0.644568 0.026029 0.011121
2 0.161017 0.834046 0.018160 0.013687
2 0.682506 0.411891 0.010291 0.017964
60 0.118644 0.854577 0.047215 0.042772
30 0.135593 0.948246 0.039952 0.038494
0 0.375303 0.541061 0.009685 0.014542
