1 0.700806 0.451256 0.062341 0.202751
1 0.282443 0.579246 0.068702 0.156100
1 0.203774 0.355263 0.036047 0.028708
1 0.074003 0.366328 0.046226 0.081938
24 0.494487 0.725179 0.020356 0.252990
24 0.561493 0.718301 0.023749 0.192584
1 0.544741 0.519438 0.045377 0.054426
1 0.618533 0.878289 0.027566 0.029306
2 0.106870 0.403409 0.010178 0.010167
1 0.067642 0.680622 0.032655 0.041866
1 0.267388 0.375299 0.027566 0.030502
1 0.066370 0.636364 0.032655 0.040670
2 0.167727 0.385167 0.011450 0.009569
2 0.606446 0.805024 0.011874 0.010766
1 0.426633 0.374402 0.029686 0.029904
24 0.451654 0.666567 0.013571 0.065191
4 0.241730 0.371411 0.010178 0.010766
2 0.443596 0.402213 0.010178 0.010167
2 0.094148 0.687799 0.010178 0.010766
4 0.097540 0.566388 0.010178 0.011962
82 0.038592 0.524821 0.025445 0.142943
2 0.756361 0.524821 0.011450 0.016148
2 0.284563 0.402213 0.011026 0.010167
27 0.332909 0.790670 0.015267 0.015550
2 0.332485 0.813397 0.011874 0.010766
14 0.351993 0.658493 0.022053 0.026316
3 0.167091 0.719797 0.013571 0.010167
2 0.046014 0.336722 0.007209 0.013158
3 0.409881 0.456041 0.013147 0.011364
1 0.333969 0.866627 0.147159 0.059809
2 0.286472 0.813995 0.012299 0.011962
0 0.105598 0.348684 0.005937 0.009569
0 0.305344 0.667763 0.008482 0.010167
3 0.410941 0.506579 0.011874 0.009569
3 0.309796 0.476376 0.013995 0.012560
4 0.405004 0.594797 0.011026 0.012560
22 0.642070 0.901316 0.011026 0.014354
24 0.427057 0.937799 0.011026 0.026316
17 0.601145 0.402213 0.013147 0.092703
2 0.202078 0.400120 0.010602 0.011962
2 0.307252 0.962919 0.012299 0.010766
4 0.167515 0.366029 0.011026 0.008373
2 0.242366 0.389952 0.011450 0.010766
4 0.381467 0.730861 0.008906 0.016746
4 0.271628 0.731758 0.009754 0.016148
4 0.171756 0.528110 0.009330 0.011962
6 0.283079 0.345096 0.019084 0.008373
27 0.286684 0.788876 0.015267 0.015550
3 0.029898 0.371411 0.008058 0.017943
3 0.105810 0.383373 0.008058 0.017943
0 0.161366 0.323864 0.008058 0.010167
3 0.175785 0.332237 0.012299 0.011364
3 0.146522 0.354366 0.012299 0.011364
15 0.155004 0.341806 0.013147 0.019737
2 0.102841 0.336722 0.007209 0.013158
2 0.180025 0.348086 0.007209 0.013158
2 0.033715 0.397727 0.010602 0.011962
27 0.201442 0.375897 0.015267 0.013756
0 0.252545 0.339414 0.008058 0.010167
6 0.342451 0.345694 0.019084 0.008373
6 0.342451 0.360646 0.019084 0.008373
6 0.343723 0.376196 0.019084 0.008373
35 0.351357 0.407596 0.013995 0.019737
3 0.333121 0.409988 0.012299 0.011364
0 0.319975 0.409988 0.008058 0.013756
4 0.303647 0.359450 0.011026 0.008373
4 0.320823 0.359749 0.012299 0.008971
0 0.320399 0.341806 0.008058 0.010167
7 0.155004 0.366627 0.007209 0.016746
3 0.292833 0.382177 0.008058 0.017943
2 0.319975 0.379187 0.011450 0.010766
3 0.292833 0.358852 0.008058 0.017943
4 0.400551 0.372309 0.012299 0.008971
3 0.451442 0.383373 0.008058 0.017943
3 0.451442 0.358852 0.008058 0.017943
6 0.442960 0.346292 0.019084 0.008373
0 0.411366 0.340311 0.009330 0.008373
4 0.463740 0.357955 0.012299 0.008971
4 0.478159 0.358553 0.012299 0.008971
0 0.666879 0.386065 0.006361 0.008971
6 0.502332 0.346292 0.019084 0.008373
6 0.503181 0.360048 0.019084 0.008373
6 0.502757 0.376196 0.019084 0.008373
0 0.516327 0.376196 0.007209 0.010766
2 0.478796 0.379486 0.010178 0.010167
2 0.400339 0.391447 0.010178 0.010167
2 0.364504 0.410287 0.008906 0.014354
0 0.398643 0.454844 0.005937 0.008971
2 0.611111 0.448864 0.010178 0.010167
2 0.323367 0.477273 0.008906 0.014354
2 0.397583 0.507177 0.008906 0.014354
2 0.657125 0.357656 0.008906 0.014354
2 0.657973 0.428828 0.008906 0.014354
41 0.651612 0.398026 0.006361 0.008971
0 0.478796 0.340909 0.009330 0.008373
41 0.761026 0.401017 0.006361 0.008971
2 0.754665 0.524522 0.008906 0.014354
2 0.657549 0.537081 0.008906 0.014354
22 0.578880 0.485347 0.011026 0.014952
4 0.587574 0.493122 0.012299 0.008971
0 0.587362 0.478469 0.009330 0.008373
0 0.500848 0.477871 0.009330 0.008373
4 0.501484 0.494318 0.012299 0.008971
6 0.544741 0.483254 0.019084 0.008373
2 0.500424 0.511663 0.010178 0.010167
3 0.510390 0.533194 0.012299 0.011364
2 0.587362 0.511663 0.010178 0.010167
3 0.641009 0.655801 0.012299 0.011364
3 0.640585 0.677333 0.012299 0.011364
2 0.536472 0.842105 0.011874 0.010766
2 0.593723 0.864234 0.011874 0.010766
2 0.512511 0.667464 0.008906 0.014354
2 0.512511 0.690789 0.008906 0.014354
0 0.511450 0.613636 0.005937 0.009569
0 0.511874 0.721292 0.005937 0.009569
4 0.593936 0.889055 0.012299 0.008971
0 0.593936 0.906699 0.011450 0.009569
4 0.659245 0.889653 0.012299 0.008971
3 0.659245 0.869916 0.012299 0.011364
2 0.667515 0.863038 0.011874 0.010766
3 0.651187 0.883373 0.008058 0.015550
6 0.617897 0.900120 0.019508 0.008373
0 0.519084 0.520036 0.005937 0.008971
27 0.307888 0.937799 0.015267 0.015550
2 0.417939 0.924641 0.012299 0.010766
2 0.432782 0.886364 0.012299 0.010766
4 0.446565 0.843600 0.011026 0.012560
4 0.446565 0.856160 0.011026 0.012560
4 0.446565 0.867524 0.011026 0.012560
3 0.345632 0.940789 0.011874 0.009569
4 0.398855 0.730263 0.008906 0.016746
4 0.417939 0.731459 0.008906 0.016746
4 0.434054 0.730263 0.008906 0.016746
4 0.361959 0.731459 0.008906 0.016746
4 0.345420 0.730861 0.008906 0.016746
4 0.324215 0.731459 0.008906 0.016746
4 0.307252 0.731459 0.008906 0.016746
4 0.252120 0.729665 0.008906 0.016746
4 0.234309 0.729665 0.008906 0.016746
4 0.287744 0.731758 0.009754 0.016148
2 0.244063 0.750598 0.012299 0.011962
2 0.097328 0.587919 0.012299 0.011962
2 0.093511 0.642943 0.012299 0.011962
4 0.172180 0.539474 0.009330 0.011962
4 0.170908 0.550837 0.009330 0.011962
4 0.173028 0.562799 0.009330 0.011962
4 0.170908 0.575359 0.009330 0.011962
4 0.170908 0.586722 0.009330 0.011962
4 0.171332 0.598684 0.009330 0.011962
4 0.170908 0.612141 0.009330 0.012560
2 0.280110 0.750598 0.012299 0.011962
2 0.315310 0.750598 0.012299 0.011962
2 0.353478 0.751196 0.012299 0.011962
2 0.389525 0.751196 0.012299 0.011962
2 0.425148 0.750598 0.012299 0.011962
3 0.386344 0.667165 0.006785 0.018541
3 0.400339 0.667165 0.006785 0.018541
3 0.410093 0.643541 0.011874 0.009569
3 0.351569 0.634569 0.011874 0.009569
0 0.244275 0.711722 0.009330 0.007177
0 0.280746 0.714115 0.009330 0.007177
0 0.314673 0.713517 0.009330 0.007177
0 0.354114 0.714115 0.009330 0.007177
0 0.388889 0.712321 0.009330 0.007177
0 0.424936 0.712321 0.009330 0.007177
0 0.387193 0.636364 0.009330 0.007177
4 0.405004 0.582835 0.011026 0.012560
4 0.405004 0.570275 0.011026 0.012560
4 0.404580 0.558313 0.011026 0.012560
4 0.405428 0.548146 0.011026 0.012560
4 0.404580 0.536782 0.011026 0.012560
4 0.404156 0.523624 0.011026 0.012560
4 0.405004 0.488337 0.011026 0.012560
4 0.404156 0.475778 0.011026 0.012560
4 0.405004 0.607955 0.011026 0.012560
0 0.325064 0.598385 0.004665 0.008971
0 0.234733 0.617524 0.004665 0.008971
2 0.243639 0.531100 0.008906 0.014354
3 0.186599 0.748505 0.006785 0.018541
3 0.148855 0.747907 0.006785 0.018541
3 0.086514 0.747907 0.006785 0.018541
3 0.048770 0.746711 0.006785 0.018541
8 0.068490 0.737141 0.017388 0.022129
8 0.167303 0.736543 0.017388 0.022129
3 0.067430 0.718002 0.013571 0.010167
0 0.208227 0.747010 0.009330 0.007177
0 0.133164 0.747608 0.009330 0.007177
0 0.107294 0.749402 0.009330 0.007177
0 0.033927 0.748804 0.009330 0.007177
0 0.106870 0.464115 0.009330 0.007177
0 0.145886 0.467404 0.005089 0.011364
2 0.189355 0.465909 0.008906 0.014354
0 0.267600 0.453648 0.005089 0.011364
0 0.296862 0.455443 0.005089 0.011364
3 0.176633 0.468002 0.013995 0.012560
3 0.159245 0.468002 0.013995 0.012560
3 0.092239 0.470395 0.013995 0.012560
3 0.091391 0.480562 0.013995 0.012560
3 0.091815 0.487739 0.013995 0.012560
3 0.090543 0.497907 0.013995 0.012560
3 0.090543 0.506878 0.013995 0.012560
3 0.092663 0.518242 0.013995 0.012560
3 0.091815 0.524222 0.013995 0.012560
3 0.090543 0.537380 0.013995 0.012560
4 0.078668 0.576555 0.009754 0.014354
