1 0.412605 0.324852 0.065546 0.053254
1 0.738655 0.496450 0.062185 0.091124
2 0.309664 0.313018 0.014286 0.029586
2 0.345378 0.593491 0.021849 0.017751
1 0.412185 0.520118 0.064706 0.053254
2 0.344958 0.397633 0.022689 0.018935
2 0.584454 0.669231 0.026050 0.020118
3 0.542017 0.437278 0.011765 0.034320
2 0.584034 0.473964 0.025210 0.020118
4 0.483193 0.283432 0.023529 0.022485
2 0.309664 0.507101 0.015966 0.029586
3 0.542437 0.631953 0.012605 0.033136
3 0.294538 0.359763 0.012605 0.035503
4 0.634454 0.396450 0.018487 0.030769
3 0.294958 0.555030 0.013445 0.035503
4 0.483613 0.478698 0.024370 0.022485
4 0.328992 0.359763 0.014286 0.026036
4 0.634454 0.591716 0.018487 0.028402
3 0.512605 0.608876 0.028571 0.015385
2 0.696639 0.495858 0.010084 0.028402
4 0.328571 0.554438 0.015126 0.022485
4 0.356723 0.362130 0.017647 0.030769
75 0.232353 0.336686 0.027731 0.017751
4 0.356723 0.556805 0.017647 0.029586
6 0.537395 0.371006 0.036134 0.013018
3 0.587815 0.413609 0.027731 0.015385
3 0.588235 0.607692 0.026891 0.015385
3 0.512605 0.413609 0.028571 0.015385
6 0.537815 0.566272 0.033613 0.015385
