3 0.254540 0.557742 0.019976 0.013687
1 0.528753 0.496151 0.074455 0.152267
3 0.254843 0.420873 0.020581 0.013687
1 0.336562 0.423011 0.058111 0.048760
1 0.336864 0.559025 0.058717 0.048760
3 0.417373 0.512404 0.009080 0.025663
4 0.572034 0.576989 0.012107 0.016253
3 0.732446 0.356715 0.008475 0.027374
4 0.390133 0.299829 0.012712 0.014542
4 0.689770 0.444825 0.012712 0.023952
24 0.776634 0.411035 0.018160 0.029940
3 0.281477 0.403336 0.009685 0.024808
4 0.689770 0.538067 0.015133 0.018820
3 0.732446 0.517964 0.009685 0.024808
2 0.299334 0.582977 0.015133 0.014542
4 0.590496 0.577417 0.012712 0.013687
3 0.280872 0.539350 0.010896 0.024808
4 0.731538 0.594525 0.012712 0.020530
3 0.417373 0.470060 0.010291 0.023097
2 0.475182 0.620616 0.018160 0.014542
3 0.732446 0.465783 0.008475 0.026518
4 0.690073 0.376818 0.013317 0.023097
2 0.578995 0.492729 0.009080 0.017109
3 0.732446 0.628743 0.008475 0.023952
4 0.589891 0.397776 0.011501 0.017109
4 0.731840 0.390077 0.012107 0.015398
4 0.266646 0.475192 0.013923 0.012831
4 0.689770 0.606074 0.013923 0.024808
4 0.278753 0.474337 0.013923 0.014542
3 0.390133 0.257057 0.011501 0.024808
3 0.253632 0.587254 0.019370 0.012831
4 0.714286 0.442686 0.010896 0.021386
4 0.398910 0.488024 0.014528 0.016253
4 0.571731 0.398204 0.012712 0.016253
23 0.635291 0.397776 0.011501 0.022241
23 0.636199 0.574850 0.012107 0.020530
2 0.611683 0.604363 0.015133 0.014542
3 0.253632 0.444825 0.019370 0.013687
2 0.419492 0.577417 0.010896 0.020530
4 0.230630 0.421300 0.012107 0.017964
2 0.611683 0.371257 0.013923 0.010265
4 0.450666 0.257485 0.013923 0.017109
4 0.732143 0.432849 0.011501 0.018820
4 0.617736 0.450385 0.010291 0.026518
4 0.230327 0.556886 0.011501 0.017109
2 0.298729 0.445680 0.013923 0.015398
4 0.396489 0.556459 0.013317 0.017964
4 0.714286 0.607357 0.012107 0.025663
2 0.390133 0.327203 0.017554 0.014542
2 0.417676 0.540205 0.014528 0.012831
4 0.266646 0.611634 0.012712 0.013687
4 0.397094 0.420017 0.012107 0.018820
2 0.266041 0.638580 0.015133 0.012831
0 0.375605 0.404192 0.012712 0.009410
2 0.489407 0.415312 0.013923 0.017964
4 0.714286 0.538067 0.012107 0.020530
2 0.450969 0.327630 0.015738 0.013687
6 0.675242 0.336185 0.026029 0.010265
0 0.611077 0.424294 0.011501 0.010265
0 0.376211 0.541916 0.011501 0.009410
24 0.779358 0.573567 0.021186 0.033362
24 0.148002 0.624893 0.021186 0.033362
24 0.143462 0.540205 0.020581 0.038494
23 0.611683 0.397776 0.011501 0.022241
23 0.611985 0.578272 0.012107 0.020530
4 0.438862 0.577844 0.013317 0.017964
4 0.433414 0.438409 0.013317 0.017964
2 0.414649 0.437126 0.010896 0.020530
3 0.450061 0.299829 0.011501 0.024808
4 0.618947 0.482464 0.011501 0.017109
4 0.617131 0.500428 0.011501 0.017109
4 0.617736 0.534645 0.011501 0.017109
0 0.611077 0.552609 0.011501 0.010265
2 0.578995 0.518392 0.009080 0.017109
2 0.578692 0.467066 0.009685 0.018820
2 0.683414 0.573995 0.009685 0.018820
6 0.675847 0.481608 0.026029 0.010265
6 0.675847 0.499572 0.026029 0.010265
2 0.682809 0.413174 0.009685 0.018820
4 0.732748 0.552609 0.012712 0.020530
6 0.675242 0.645851 0.026029 0.010265
2 0.266646 0.503849 0.013923 0.015398
4 0.714286 0.379384 0.013317 0.023097
4 0.278148 0.612489 0.012712 0.013687
