1 0.412605 0.325444 0.065546 0.052071
1 0.738655 0.496450 0.062185 0.091124
4 0.484034 0.283432 0.025210 0.022485
3 0.832353 0.171598 0.012605 0.037870
4 0.865546 0.175740 0.015126 0.036686
2 0.309664 0.312426 0.014286 0.030769
1 0.517227 0.151479 0.051261 0.071006
2 0.345378 0.593491 0.021849 0.017751
2 0.584454 0.669231 0.026050 0.020118
3 0.542017 0.437278 0.011765 0.034320
2 0.344958 0.397633 0.022689 0.018935
24 0.087815 0.158580 0.046218 0.042604
1 0.412185 0.520118 0.064706 0.053254
2 0.584034 0.473964 0.025210 0.020118
3 0.542437 0.631953 0.012605 0.033136
2 0.309664 0.507101 0.015966 0.029586
24 0.089496 0.111834 0.044538 0.039053
4 0.567647 0.154438 0.019328 0.031953
4 0.634454 0.396450 0.018487 0.030769
35 0.777731 0.220118 0.027731 0.040237
3 0.811345 0.124852 0.029412 0.017751
3 0.781933 0.153254 0.012605 0.039053
3 0.294538 0.359763 0.012605 0.035503
3 0.294958 0.555030 0.013445 0.035503
4 0.483193 0.478698 0.023529 0.022485
4 0.415966 0.152663 0.020168 0.035503
4 0.328992 0.359763 0.014286 0.026036
4 0.634454 0.591716 0.018487 0.028402
3 0.512605 0.608876 0.028571 0.015385
2 0.509244 0.213609 0.021849 0.015385
2 0.696218 0.495858 0.010924 0.028402
4 0.596639 0.154438 0.015126 0.034320
4 0.899160 0.178698 0.015126 0.037870
4 0.328571 0.554438 0.015126 0.022485
0 0.121008 0.381065 0.008403 0.016568
4 0.356303 0.362130 0.016807 0.030769
2 0.849580 0.254438 0.021849 0.016568
4 0.445378 0.154438 0.015126 0.039053
0 0.120588 0.104142 0.007563 0.014201
3 0.587395 0.413609 0.028571 0.015385
4 0.356723 0.556805 0.017647 0.029586
6 0.537395 0.371006 0.036134 0.013018
3 0.588235 0.607692 0.026891 0.015385
0 0.121008 0.335503 0.008403 0.017751
22 0.392017 0.107101 0.024370 0.024852
3 0.512605 0.413609 0.028571 0.015385
0 0.120588 0.247337 0.007563 0.016568
0 0.368487 0.107692 0.012605 0.014201
0 0.121429 0.152071 0.007563 0.015385
41 0.240336 0.335503 0.015126 0.020118
24 0.087395 0.255030 0.045378 0.048521
24 0.087395 0.341420 0.045378 0.048521
24 0.087395 0.391124 0.045378 0.048521
6 0.539076 0.565089 0.036134 0.013018
0 0.223109 0.337278 0.010924 0.021302
0 0.773529 0.121302 0.010924 0.022485
0 0.568487 0.094675 0.012605 0.014201
