1 0.371008 0.507101 0.120168 0.143195
4 0.773529 0.342012 0.015966 0.035503
4 0.807143 0.343195 0.015966 0.037870
3 0.226891 0.371598 0.013445 0.040237
4 0.840336 0.342012 0.016807 0.035503
24 0.110924 0.088757 0.026891 0.037870
0 0.494538 0.414793 0.009244 0.020118
4 0.673109 0.242604 0.023529 0.023669
2 0.878151 0.449112 0.023529 0.017751
2 0.588655 0.436686 0.022689 0.016568
4 0.155462 0.571006 0.016807 0.031953
3 0.276891 0.371598 0.014286 0.040237
4 0.189076 0.572189 0.016807 0.027219
4 0.739916 0.342012 0.015966 0.030769
3 0.121849 0.473373 0.013445 0.040237
4 0.155462 0.342604 0.016807 0.034320
23 0.705462 0.342604 0.021008 0.036686
4 0.122269 0.342012 0.015966 0.030769
3 0.345378 0.715385 0.030252 0.017751
3 0.630252 0.243195 0.030252 0.017751
2 0.537815 0.525444 0.023529 0.018935
3 0.223529 0.638462 0.030252 0.017751
23 0.087815 0.342012 0.021008 0.033136
4 0.375210 0.639053 0.024370 0.023669
3 0.399580 0.714793 0.031092 0.016568
2 0.513025 0.632544 0.024370 0.017751
3 0.277731 0.715976 0.029412 0.016568
4 0.513445 0.581065 0.016807 0.021302
3 0.222269 0.572781 0.014286 0.037870
3 0.878151 0.342012 0.013445 0.040237
4 0.087395 0.572781 0.016807 0.026036
4 0.512605 0.489941 0.018487 0.021302
3 0.155462 0.463905 0.013445 0.035503
3 0.344958 0.673964 0.031092 0.017751
2 0.188655 0.620710 0.022689 0.017751
2 0.121849 0.391716 0.023529 0.016568
2 0.373950 0.406509 0.021849 0.017751
2 0.739496 0.391124 0.023529 0.017751
3 0.121429 0.572781 0.014286 0.037870
3 0.252101 0.308876 0.030252 0.016568
0 0.878151 0.300000 0.015126 0.013018
2 0.143697 0.094675 0.013445 0.021302
2 0.143697 0.183432 0.011765 0.021302
3 0.486975 0.584024 0.014286 0.039053
4 0.462185 0.455030 0.021849 0.020118
3 0.223529 0.687574 0.028571 0.021302
4 0.253782 0.479290 0.021849 0.018935
5 0.462605 0.413609 0.024370 0.017751
4 0.400840 0.673373 0.026891 0.021302
0 0.444958 0.707101 0.014286 0.013018
6 0.375630 0.308876 0.038655 0.018935
2 0.302521 0.430178 0.020168 0.017751
8 0.586975 0.371598 0.042857 0.054438
24 0.110084 0.176923 0.026891 0.041420
15 0.652521 0.305325 0.042857 0.054438
35 0.876050 0.407101 0.031092 0.044970
2 0.252521 0.730769 0.022689 0.017751
