4 0.768908 0.212426 0.020168 0.024852
1 0.691597 0.424260 0.191597 0.259172
24 0.426891 0.668639 0.025210 0.054438
2 0.155882 0.381065 0.024370 0.018935
4 0.138655 0.118343 0.018487 0.021302
2 0.796218 0.212426 0.012605 0.029586
2 0.155462 0.157396 0.023529 0.018935
3 0.214286 0.803550 0.028571 0.016568
3 0.092857 0.437870 0.026050 0.016568
3 0.214286 0.697633 0.030252 0.017751
2 0.214706 0.928994 0.022689 0.016568
1 0.113445 0.879290 0.085714 0.158580
2 0.168487 0.629586 0.024370 0.016568
3 0.214706 0.733136 0.027731 0.017751
24 0.339496 0.432544 0.043697 0.060355
2 0.850000 0.527219 0.026050 0.020118
24 0.960924 0.289349 0.026050 0.053254
24 0.680252 0.715385 0.024370 0.053254
2 0.387395 0.504142 0.023529 0.018935
4 0.173109 0.228994 0.016807 0.022485
4 0.194118 0.589941 0.018487 0.022485
4 0.213866 0.891124 0.017647 0.018935
2 0.531092 0.200592 0.013445 0.029586
2 0.156303 0.269231 0.023529 0.017751
3 0.214286 0.768047 0.028571 0.016568
4 0.139076 0.230178 0.019328 0.020118
3 0.848739 0.489941 0.013445 0.035503
4 0.138655 0.342012 0.020168 0.021302
23 0.768067 0.164497 0.021849 0.023669
3 0.630672 0.176923 0.010924 0.031953
23 0.766807 0.117160 0.021008 0.023669
2 0.937395 0.110059 0.019328 0.016568
4 0.172689 0.340828 0.015966 0.026036
4 0.173529 0.117751 0.015966 0.024852
3 0.109664 0.567456 0.027731 0.015385
3 0.386134 0.465680 0.012605 0.036686
4 0.138655 0.589349 0.018487 0.018935
3 0.612185 0.152663 0.024370 0.016568
4 0.865966 0.302959 0.012605 0.023669
4 0.589496 0.201183 0.021008 0.023669
3 0.164706 0.566864 0.026891 0.016568
60 0.878571 0.142604 0.057983 0.046154
6 0.098319 0.318935 0.035294 0.017751
0 0.159244 0.081657 0.015966 0.016568
6 0.097479 0.205917 0.033613 0.016568
4 0.865966 0.278698 0.014286 0.017751
2 0.605042 0.665680 0.018487 0.015385
4 0.486975 0.443787 0.014286 0.028402
6 0.097059 0.093491 0.034454 0.018935
0 0.059664 0.320710 0.010084 0.018935
4 0.486555 0.346746 0.013445 0.023669
60 0.545798 0.698817 0.057983 0.046154
0 0.061345 0.206509 0.010084 0.020118
0 0.058824 0.092899 0.010084 0.020118
0 0.158403 0.194675 0.014286 0.013018
3 0.256303 0.847337 0.028571 0.016568
6 0.242857 0.869231 0.035294 0.017751
4 0.614286 0.118935 0.020168 0.024852
4 0.488655 0.324260 0.021008 0.023669
4 0.488655 0.370414 0.021008 0.023669
4 0.486975 0.396450 0.021008 0.023669
4 0.486134 0.420118 0.021008 0.023669
4 0.900000 0.421893 0.020168 0.024852
4 0.900000 0.446746 0.020168 0.024852
0 0.277311 0.869822 0.010084 0.018935
0 0.160084 0.307692 0.012605 0.014201
