1 0.138507 0.167647 0.064478 0.029412
1 0.139403 0.221849 0.066269 0.030252
1 0.308657 0.478151 0.060896 0.030252
42 0.154328 0.116807 0.022090 0.016807
2 0.239701 0.684454 0.017313 0.015966
2 0.354925 0.684454 0.018507 0.017647
1 0.308657 0.222689 0.060896 0.030252
1 0.139104 0.478571 0.062090 0.029412
1 0.137910 0.634454 0.060896 0.031933
1 0.308657 0.583193 0.060896 0.031933
1 0.138209 0.584034 0.061493 0.030252
1 0.137612 0.532773 0.062687 0.030252
1 0.308955 0.167647 0.063881 0.032773
1 0.308657 0.632773 0.062090 0.033613
1 0.309254 0.373109 0.062090 0.030252
2 0.414627 0.304622 0.018507 0.022689
1 0.138209 0.273950 0.063881 0.028571
4 0.080597 0.389916 0.013134 0.021849
1 0.308060 0.423529 0.059701 0.031933
1 0.309552 0.533193 0.061493 0.029412
1 0.308657 0.272689 0.060896 0.032773
1 0.138209 0.424790 0.062687 0.031092
4 0.080597 0.245378 0.013134 0.023529
1 0.137910 0.374790 0.063284 0.030252
4 0.081194 0.339916 0.011940 0.019328
75 0.426269 0.126050 0.019104 0.021849
1 0.139104 0.318487 0.064478 0.031933
4 0.081194 0.495798 0.011940 0.021849
4 0.080299 0.600420 0.013731 0.021008
1 0.309552 0.318908 0.062687 0.031092
4 0.081194 0.440336 0.011940 0.021849
4 0.268955 0.650420 0.012537 0.021849
4 0.080597 0.289496 0.011940 0.022689
4 0.269254 0.600000 0.010746 0.020168
4 0.268060 0.392857 0.013134 0.024370
4 0.268955 0.549580 0.011343 0.018487
3 0.169851 0.141176 0.010149 0.026891
0 0.260000 0.155042 0.010149 0.009244
0 0.080299 0.124790 0.008955 0.010924
3 0.238806 0.658824 0.009552 0.028571
4 0.269254 0.445798 0.010746 0.021008
2 0.178806 0.679832 0.016119 0.016807
75 0.426866 0.168067 0.019104 0.021849
75 0.427463 0.201681 0.019104 0.021849
75 0.427463 0.235294 0.019104 0.021849
4 0.081194 0.187395 0.013134 0.023529
4 0.081493 0.658403 0.013731 0.021008
4 0.082090 0.554202 0.013731 0.021008
4 0.269254 0.338235 0.013134 0.024370
4 0.269254 0.292857 0.013134 0.024370
4 0.268060 0.239916 0.013134 0.024370
4 0.268060 0.187815 0.013134 0.024370
4 0.268060 0.498739 0.010746 0.021008
