46 0.827094 0.127731 0.046305 0.124370
1 0.474877 0.259244 0.038424 0.115126
4 0.780788 0.107143 0.011823 0.015966
4 0.879557 0.192017 0.009360 0.014286
2 0.865025 0.065546 0.011823 0.020168
23 0.682266 0.108824 0.012808 0.021008
3 0.796059 0.191176 0.008867 0.024370
4 0.696798 0.108824 0.011330 0.012605
2 0.839409 0.219748 0.013793 0.015966
3 0.760591 0.175210 0.009852 0.029412
4 0.864286 0.191597 0.010345 0.015126
4 0.785468 0.188655 0.011330 0.017647
4 0.760837 0.133613 0.011330 0.018487
4 0.657635 0.057983 0.007882 0.020168
6 0.746059 0.090756 0.020197 0.010084
2 0.530049 0.341597 0.014778 0.019328
3 0.903448 0.100420 0.016749 0.015966
23 0.898522 0.192857 0.010837 0.019328
46 0.135222 0.109244 0.027094 0.035294
2 0.169704 0.121008 0.012315 0.025210
41 0.310099 0.092017 0.010345 0.010924
41 0.615517 0.092017 0.010345 0.010924
4 0.522660 0.248319 0.012808 0.012605
4 0.711084 0.108824 0.011330 0.012605
2 0.696552 0.140756 0.014778 0.019328
3 0.657882 0.092437 0.017241 0.011765
4 0.865271 0.152101 0.011330 0.018487
4 0.879557 0.142857 0.011330 0.018487
35 0.883498 0.080672 0.012315 0.028571
35 0.883005 0.107563 0.012315 0.028571
3 0.903448 0.076050 0.016749 0.015966
2 0.886453 0.168908 0.010345 0.020168
