4 0.141176 0.083432 0.016993 0.024852
3 0.615033 0.654438 0.010458 0.037870
2 0.677124 0.667456 0.019608 0.018935
3 0.283987 0.176923 0.011111 0.039053
4 0.068627 0.469822 0.014379 0.028402
3 0.172549 0.147337 0.010458 0.041420
2 0.069281 0.508284 0.018301 0.017751
2 0.615033 0.697633 0.018301 0.017751
3 0.660458 0.420118 0.021569 0.016568
35 0.683660 0.413609 0.020915 0.039053
3 0.245098 0.084024 0.023529 0.018935
4 0.196405 0.147929 0.011111 0.037870
4 0.375490 0.517751 0.012418 0.024852
3 0.407843 0.668047 0.023529 0.017751
2 0.493791 0.710651 0.017647 0.017751
4 0.467320 0.247929 0.011765 0.029586
3 0.407843 0.618935 0.023529 0.016568
4 0.303268 0.524260 0.011765 0.033136
4 0.535621 0.170414 0.011111 0.018935
4 0.535294 0.194675 0.011765 0.024852
21 0.676797 0.608876 0.016340 0.048521
4 0.258170 0.523669 0.013072 0.029586
3 0.283987 0.107101 0.012418 0.036686
22 0.314379 0.082249 0.019608 0.020118
4 0.650654 0.596450 0.012418 0.023669
42 0.549020 0.318343 0.018301 0.023669
2 0.173529 0.231953 0.017647 0.018935
42 0.614706 0.609467 0.012418 0.035503
3 0.659804 0.453846 0.021569 0.022485
4 0.486601 0.644970 0.012418 0.028402
4 0.280719 0.521893 0.012418 0.028402
2 0.352941 0.543787 0.010458 0.027219
3 0.363725 0.642012 0.012418 0.034320
4 0.500980 0.246154 0.012418 0.026036
4 0.535294 0.146746 0.010458 0.018935
46 0.491830 0.466272 0.139216 0.250888
35 0.683007 0.451479 0.020915 0.039053
42 0.600327 0.467456 0.022876 0.018935
42 0.600327 0.502959 0.021569 0.018935
42 0.600980 0.491124 0.021569 0.018935
42 0.600980 0.480473 0.021569 0.018935
42 0.384967 0.455621 0.015686 0.018935
42 0.385621 0.467456 0.015686 0.018935
42 0.363399 0.479290 0.018301 0.018935
42 0.305882 0.146746 0.018301 0.023669
42 0.044444 0.440237 0.018301 0.023669
42 0.101307 0.082840 0.018301 0.023669
2 0.272876 0.682249 0.011111 0.027219
42 0.512745 0.644970 0.012418 0.035503
42 0.676144 0.550296 0.012418 0.035503
4 0.536601 0.122485 0.011765 0.024852
2 0.486601 0.683432 0.017647 0.017751
2 0.409477 0.571006 0.017647 0.017751
2 0.723203 0.438462 0.011111 0.031953
46 0.456863 0.121893 0.027451 0.016568
