2 0.497059 0.493491 0.026050 0.026036
3 0.495798 0.454438 0.013445 0.035503
1 0.397899 0.296450 0.052941 0.060355
2 0.592437 0.345562 0.023529 0.023669
2 0.358403 0.295266 0.014286 0.027219
2 0.281933 0.339053 0.026050 0.024852
4 0.558824 0.306509 0.018487 0.026036
3 0.496218 0.372189 0.012605 0.039053
3 0.496218 0.312426 0.012605 0.035503
4 0.402521 0.230769 0.023529 0.023669
4 0.281933 0.300592 0.017647 0.028402
2 0.559244 0.344379 0.022689 0.023669
6 0.473529 0.281657 0.031092 0.011834
4 0.593697 0.307692 0.015966 0.026036
42 0.331092 0.247929 0.015126 0.039053
3 0.445378 0.359763 0.028571 0.016568
51 0.616807 0.285207 0.028571 0.016568
46 0.534874 0.391124 0.022689 0.024852
