3 0.366007 0.643787 0.009901 0.037870
4 0.069637 0.470414 0.013861 0.027219
3 0.412871 0.668047 0.025743 0.015385
2 0.683498 0.668047 0.020462 0.020118
2 0.069637 0.508284 0.017822 0.017751
3 0.620132 0.656805 0.011221 0.035503
3 0.650495 0.420118 0.023102 0.018935
4 0.656106 0.596450 0.014521 0.021302
2 0.498020 0.710059 0.020462 0.018935
3 0.248185 0.082249 0.023762 0.017751
4 0.378548 0.517751 0.013861 0.027219
3 0.412871 0.619527 0.023102 0.015385
4 0.142244 0.082840 0.016502 0.026036
4 0.491419 0.644970 0.011221 0.023669
2 0.730363 0.436686 0.009901 0.026036
2 0.620462 0.698817 0.018482 0.020118
4 0.198350 0.147337 0.011221 0.034320
4 0.260066 0.526036 0.011881 0.031953
4 0.505941 0.246746 0.012541 0.022485
42 0.046865 0.437870 0.018482 0.018935
21 0.684158 0.607692 0.015182 0.043787
22 0.316172 0.083432 0.021122 0.022485
51 0.685809 0.516568 0.025083 0.024852
3 0.286799 0.178698 0.012541 0.037870
2 0.175908 0.229586 0.019142 0.023669
35 0.695380 0.338462 0.023102 0.030769
4 0.283828 0.524260 0.011881 0.030769
4 0.306931 0.526627 0.011881 0.035503
3 0.286469 0.107692 0.011881 0.037870
3 0.174257 0.148521 0.011881 0.043787
4 0.472277 0.249112 0.009901 0.031953
3 0.650825 0.454438 0.023762 0.018935
2 0.356106 0.544379 0.011221 0.028402
46 0.494719 0.460355 0.139274 0.241420
46 0.697030 0.248521 0.031683 0.044970
46 0.461056 0.120118 0.032343 0.017751
2 0.492079 0.681657 0.020462 0.018935
2 0.274257 0.676923 0.013861 0.030769
35 0.696040 0.426036 0.021782 0.033136
35 0.696040 0.459172 0.021782 0.033136
2 0.413531 0.569822 0.020462 0.020118
4 0.540264 0.121302 0.013861 0.027219
4 0.541584 0.148521 0.013861 0.027219
4 0.539604 0.172189 0.013861 0.027219
4 0.542904 0.197041 0.013861 0.027219
