24 0.343697 0.265680 0.025210 0.039053
4 0.659664 0.130178 0.018487 0.033136
1 0.475630 0.124260 0.090756 0.066272
4 0.609664 0.130769 0.019328 0.031953
3 0.226891 0.105325 0.013445 0.035503
2 0.428571 0.204142 0.023529 0.024852
2 0.227731 0.191716 0.025210 0.023669
4 0.303361 0.130769 0.018487 0.031953
0 0.709244 0.106509 0.010084 0.018935
4 0.344118 0.129586 0.017647 0.024852
0 0.226891 0.072781 0.015126 0.013018
0 0.281092 0.105917 0.010924 0.017751
42 0.697899 0.076331 0.017647 0.043787
35 0.152941 0.152071 0.028571 0.031953
51 0.289496 0.259763 0.032773 0.017751
51 0.289496 0.272781 0.032773 0.017751
42 0.542857 0.118343 0.035294 0.016568
42 0.542857 0.128994 0.035294 0.016568
42 0.542017 0.140828 0.035294 0.016568
42 0.290336 0.076331 0.017647 0.043787
