1 0.820197 0.597479 0.057143 0.097479
24 0.280296 0.087815 0.023645 0.036134
1 0.471921 0.309244 0.045320 0.110924
1 0.827094 0.750420 0.060099 0.095798
1 0.266749 0.583613 0.043842 0.116807
1 0.467980 0.099580 0.044335 0.110084
3 0.905911 0.621008 0.006897 0.031933
1 0.221921 0.762605 0.037931 0.047899
1 0.291133 0.763025 0.037438 0.047059
2 0.195813 0.640336 0.014286 0.018487
4 0.606158 0.877731 0.011330 0.012605
1 0.285961 0.882773 0.038916 0.046218
3 0.310345 0.597899 0.014778 0.014286
2 0.552463 0.166387 0.015271 0.020168
1 0.576601 0.881513 0.036946 0.043697
6 0.891133 0.557563 0.018719 0.010924
2 0.304926 0.640336 0.016749 0.018487
2 0.855172 0.431513 0.014778 0.015966
1 0.505419 0.882353 0.039409 0.043697
1 0.364286 0.882773 0.037931 0.042857
4 0.780788 0.319748 0.011823 0.014286
2 0.716749 0.515546 0.011823 0.015966
46 0.218473 0.435714 0.031034 0.059664
4 0.781034 0.107983 0.011330 0.015966
1 0.434236 0.882773 0.038916 0.041176
2 0.607143 0.646218 0.011330 0.018487
4 0.393842 0.876471 0.011330 0.013445
23 0.305172 0.176891 0.012315 0.019328
2 0.697537 0.347479 0.014778 0.015966
2 0.412069 0.166807 0.015271 0.017647
2 0.295567 0.542017 0.008867 0.021849
2 0.238916 0.379832 0.014778 0.018487
2 0.865025 0.065966 0.011823 0.019328
4 0.879310 0.192017 0.009852 0.014286
2 0.232020 0.934874 0.014778 0.017647
2 0.209360 0.574370 0.012808 0.014286
4 0.315025 0.878571 0.010345 0.012605
23 0.682759 0.107563 0.011823 0.018487
4 0.854926 0.401261 0.011330 0.010924
3 0.915764 0.594958 0.017734 0.011765
4 0.869951 0.401261 0.008867 0.015966
4 0.785468 0.189076 0.011330 0.016807
3 0.230788 0.597479 0.015271 0.011765
4 0.195320 0.604202 0.011330 0.018487
4 0.864286 0.192017 0.010345 0.015966
2 0.416502 0.375630 0.015271 0.018487
2 0.557143 0.375630 0.015764 0.018487
4 0.697537 0.108403 0.009852 0.011765
3 0.760837 0.175630 0.010345 0.026891
4 0.448768 0.621429 0.010837 0.012605
4 0.534236 0.123950 0.012315 0.014286
35 0.877586 0.317227 0.013300 0.027731
3 0.796305 0.189916 0.009360 0.021849
3 0.503448 0.701261 0.007882 0.026050
4 0.394581 0.570588 0.013793 0.016807
2 0.305911 0.204622 0.014778 0.019328
3 0.586453 0.647899 0.016256 0.015126
23 0.590148 0.702941 0.010837 0.021008
6 0.746059 0.090336 0.021182 0.012605
4 0.761084 0.133613 0.011823 0.016807
4 0.463300 0.877731 0.011330 0.014286
3 0.624877 0.579412 0.016256 0.012605
4 0.533990 0.878992 0.010837 0.015126
4 0.657882 0.060504 0.008374 0.015126
2 0.840148 0.219748 0.012315 0.015966
4 0.761330 0.343697 0.011330 0.013445
3 0.657635 0.302941 0.016749 0.014286
3 0.903202 0.101261 0.017241 0.015966
4 0.711823 0.107983 0.011823 0.012605
4 0.493103 0.706723 0.010837 0.020168
35 0.595320 0.615966 0.012315 0.033613
35 0.595813 0.582353 0.012315 0.033613
23 0.753448 0.696639 0.012315 0.023529
7 0.315271 0.091597 0.016749 0.018487
2 0.169212 0.121008 0.010345 0.021849
2 0.286207 0.381513 0.009852 0.021849
2 0.335468 0.366387 0.009852 0.021849
24 0.301724 0.390756 0.014286 0.042017
24 0.301724 0.434454 0.014286 0.042017
24 0.301724 0.474790 0.014286 0.042017
24 0.351478 0.375630 0.014286 0.042017
24 0.350985 0.406723 0.014286 0.042017
24 0.350985 0.444538 0.014286 0.042017
24 0.350985 0.479832 0.014286 0.042017
4 0.209606 0.544538 0.011330 0.018487
41 0.366256 0.605882 0.013300 0.011765
3 0.394089 0.604622 0.014778 0.014286
4 0.436946 0.621429 0.010837 0.012605
23 0.425369 0.621429 0.010345 0.021008
6 0.466995 0.602101 0.022660 0.014286
2 0.433251 0.651681 0.013300 0.017647
4 0.320690 0.761765 0.010837 0.012605
4 0.251232 0.761765 0.010837 0.012605
2 0.192857 0.815966 0.014286 0.018487
4 0.561823 0.705462 0.011330 0.014286
4 0.576601 0.707983 0.011330 0.014286
3 0.624877 0.615126 0.016256 0.015126
2 0.576108 0.570168 0.013300 0.017647
2 0.561823 0.733193 0.013300 0.017647
4 0.487192 0.622269 0.010837 0.012605
4 0.539409 0.332353 0.010837 0.012605
4 0.424138 0.273529 0.010837 0.012605
41 0.617980 0.300840 0.013300 0.011765
4 0.657389 0.268487 0.010345 0.021008
4 0.696552 0.320588 0.010837 0.012605
4 0.711823 0.320588 0.010837 0.012605
4 0.411330 0.062605 0.010837 0.012605
41 0.616010 0.092437 0.013300 0.011765
3 0.657635 0.092017 0.016749 0.014286
23 0.682759 0.317647 0.011823 0.018487
2 0.696552 0.139076 0.014778 0.015966
6 0.746059 0.298739 0.021182 0.012605
3 0.760837 0.387395 0.010345 0.026891
3 0.795320 0.403361 0.010345 0.026891
4 0.786207 0.404622 0.010837 0.012605
4 0.865025 0.362605 0.010837 0.012605
23 0.884236 0.401681 0.011823 0.018487
4 0.879803 0.354202 0.010837 0.012605
2 0.886453 0.378571 0.009360 0.022689
2 0.885961 0.169328 0.009360 0.022689
4 0.865271 0.152521 0.010345 0.015966
4 0.879064 0.141597 0.010345 0.015966
35 0.878079 0.290336 0.013300 0.027731
35 0.883005 0.107143 0.013300 0.027731
35 0.883498 0.079412 0.013300 0.027731
3 0.903202 0.076050 0.017241 0.015966
2 0.854926 0.273529 0.012315 0.015966
3 0.899261 0.284454 0.017241 0.015966
3 0.897783 0.311345 0.017241 0.015966
23 0.899507 0.191597 0.011823 0.018487
23 0.761084 0.544538 0.011823 0.018487
4 0.709113 0.542857 0.010345 0.016807
4 0.726355 0.542017 0.010345 0.016807
4 0.743596 0.543697 0.010345 0.016807
4 0.723399 0.698319 0.010345 0.016807
4 0.733251 0.698319 0.010345 0.016807
4 0.743596 0.698319 0.010345 0.016807
2 0.724138 0.670168 0.011823 0.015966
2 0.786207 0.646639 0.011823 0.015966
2 0.793103 0.802101 0.011823 0.015966
22 0.881281 0.692857 0.010837 0.019328
23 0.916010 0.693277 0.012315 0.023529
22 0.874384 0.538235 0.010837 0.019328
4 0.926355 0.694538 0.011330 0.017647
4 0.872167 0.697899 0.011330 0.017647
2 0.916749 0.650000 0.011823 0.015966
23 0.908621 0.542017 0.012315 0.023529
4 0.864286 0.540756 0.011330 0.017647
4 0.919458 0.537395 0.011330 0.017647
6 0.897783 0.711765 0.021182 0.015126
3 0.924631 0.761345 0.017734 0.011765
3 0.913793 0.784034 0.006897 0.031933
2 0.925369 0.814706 0.015271 0.015966
46 0.194581 0.326891 0.011823 0.031933
46 0.214286 0.329412 0.011823 0.031933
46 0.134729 0.109244 0.031034 0.038655
46 0.536700 0.636975 0.046798 0.131092
46 0.827833 0.337815 0.046798 0.131092
46 0.826847 0.126891 0.046798 0.131092
2 0.304926 0.068067 0.009852 0.021849
