3 0.277311 0.566272 0.013445 0.034320
3 0.277311 0.670414 0.011765 0.034320
4 0.390756 0.566864 0.016807 0.026036
1 0.883193 0.183432 0.136134 0.080473
1 0.100840 0.549704 0.055462 0.053254
2 0.378571 0.298225 0.022689 0.021302
4 0.715546 0.094083 0.017647 0.024852
4 0.424370 0.566864 0.015126 0.035503
1 0.656723 0.516568 0.140336 0.178698
2 0.172269 0.830178 0.023529 0.022485
4 0.365546 0.566272 0.020168 0.017751
1 0.153361 0.236686 0.036134 0.063905
4 0.134874 0.584024 0.015966 0.027219
2 0.278151 0.704142 0.021849 0.016568
2 0.365546 0.626627 0.023529 0.017751
0 0.281933 0.191716 0.015966 0.014201
2 0.049160 0.549112 0.014286 0.026036
2 0.788235 0.094675 0.016807 0.030769
4 0.743277 0.135503 0.017647 0.020118
3 0.256303 0.243195 0.030252 0.015385
3 0.277731 0.614201 0.012605 0.035503
4 0.323529 0.595858 0.018487 0.036686
2 0.193697 0.186391 0.021008 0.027219
3 0.306303 0.242012 0.027731 0.013018
46 0.601681 0.174556 0.188235 0.164497
0 0.697899 0.066864 0.014286 0.013018
4 0.205882 0.572189 0.018487 0.020118
2 0.134034 0.621302 0.022689 0.018935
2 0.708824 0.140828 0.014286 0.026036
4 0.121008 0.500592 0.013445 0.026036
0 0.189496 0.280473 0.017647 0.014201
4 0.172689 0.572781 0.015966 0.021302
2 0.173109 0.621893 0.021849 0.017751
4 0.333613 0.288757 0.025210 0.021302
0 0.453782 0.498225 0.015126 0.016568
0 0.118067 0.836095 0.017647 0.015385
0 0.766387 0.171598 0.013445 0.014201
1 0.808824 0.511243 0.143697 0.186982
24 0.502941 0.566864 0.024370 0.044970
6 0.235294 0.537278 0.036975 0.016568
24 0.204622 0.873373 0.026050 0.059172
35 0.362605 0.251479 0.026050 0.043787
52 0.472689 0.159763 0.034454 0.018935
51 0.476471 0.141420 0.035294 0.017751
41 0.705462 0.158580 0.012605 0.011834
51 0.909244 0.419527 0.035294 0.017751
