2 0.367013 0.345562 0.016104 0.023669
2 0.345714 0.345562 0.014026 0.023669
3 0.306494 0.456213 0.008312 0.041420
2 0.174545 0.339645 0.015584 0.026036
3 0.305974 0.342012 0.007273 0.042604
1 0.247532 0.294083 0.033766 0.053254
4 0.345455 0.307101 0.011429 0.024852
51 0.381039 0.284024 0.018182 0.016568
4 0.366494 0.307101 0.008831 0.024852
2 0.222078 0.296450 0.009870 0.022485
42 0.205195 0.248521 0.009351 0.044970
4 0.249610 0.228994 0.010909 0.034320
3 0.275325 0.378107 0.016623 0.020118
6 0.294026 0.280473 0.022857 0.018935
4 0.174026 0.302367 0.011429 0.024852
2 0.307273 0.494675 0.014026 0.023669
