1 0.223529 0.413609 0.095798 0.185799
1 0.514286 0.436095 0.078992 0.067456
1 0.310084 0.642604 0.057143 0.054438
4 0.626471 0.454438 0.017647 0.026036
2 0.160504 0.348521 0.016807 0.029586
4 0.609244 0.333136 0.020168 0.017751
2 0.415966 0.327811 0.023529 0.021302
2 0.335294 0.431953 0.016807 0.028402
2 0.601261 0.563314 0.026050 0.026036
2 0.219748 0.644379 0.017647 0.029586
2 0.457983 0.356805 0.021849 0.022485
2 0.277311 0.478107 0.015126 0.028402
2 0.118908 0.395858 0.017647 0.029586
2 0.384034 0.449112 0.018487 0.027219
2 0.512605 0.357396 0.023529 0.023669
2 0.609244 0.298225 0.020168 0.016568
3 0.378151 0.655621 0.030252 0.016568
3 0.348739 0.555030 0.026891 0.016568
4 0.601681 0.507692 0.018487 0.021302
3 0.151681 0.396450 0.027731 0.016568
2 0.160504 0.477515 0.016807 0.029586
3 0.437815 0.449112 0.026891 0.015385
2 0.277731 0.349112 0.014286 0.026036
3 0.306723 0.431361 0.026891 0.015385
4 0.257143 0.655621 0.020168 0.021302
4 0.458403 0.395266 0.019328 0.018935
3 0.601261 0.457988 0.010924 0.035503
15 0.349160 0.599408 0.026050 0.039053
4 0.416387 0.379882 0.019328 0.018935
2 0.407563 0.431361 0.018487 0.027219
6 0.578571 0.429586 0.036134 0.014201
35 0.439076 0.424260 0.019328 0.034320
