1 0.138580 0.216102 0.092387 0.190073
1 0.393071 0.467312 0.057314 0.055690
1 0.470488 0.188257 0.056459 0.054479
2 0.032506 0.194915 0.017109 0.029056
2 0.073139 0.146489 0.014542 0.026634
2 0.355432 0.315375 0.024808 0.020581
2 0.607784 0.188862 0.012831 0.026634
3 0.221557 0.231840 0.027374 0.015738
2 0.300257 0.466707 0.017109 0.027845
2 0.193328 0.280872 0.013687 0.029056
4 0.355004 0.235472 0.018820 0.030266
3 0.461506 0.479419 0.028229 0.014528
35 0.483747 0.102300 0.026518 0.035109
3 0.064585 0.194310 0.026518 0.018160
3 0.521386 0.134383 0.014542 0.036320
2 0.251069 0.231840 0.016253 0.030266
4 0.526518 0.212470 0.019675 0.023002
2 0.073567 0.280266 0.015398 0.027845
2 0.193328 0.147094 0.011976 0.023002
4 0.338323 0.476392 0.016253 0.020581
6 0.410180 0.196126 0.041916 0.019370
35 0.548760 0.103511 0.024808 0.035109
3 0.431565 0.376513 0.028229 0.014528
15 0.431993 0.418886 0.027374 0.038741
