1 0.108060 0.403361 0.057313 0.040336
1 0.383582 0.131513 0.056716 0.121849
3 0.432537 0.116387 0.008955 0.026050
3 0.205970 0.152101 0.009552 0.026891
1 0.126269 0.118067 0.055522 0.125210
1 0.107761 0.285294 0.056716 0.042857
2 0.335224 0.297479 0.020896 0.018487
2 0.081493 0.194118 0.018507 0.015126
2 0.492836 0.053782 0.014925 0.015126
2 0.239403 0.185714 0.017910 0.015126
2 0.182687 0.328151 0.017910 0.015966
3 0.496119 0.123950 0.011940 0.027731
0 0.293134 0.084454 0.009552 0.009244
2 0.411940 0.208403 0.017910 0.015126
2 0.337612 0.204622 0.017313 0.014286
2 0.156418 0.195378 0.016716 0.017647
3 0.205373 0.102101 0.009552 0.026050
2 0.063582 0.334034 0.018507 0.017647
2 0.149552 0.328571 0.017313 0.016807
3 0.307761 0.035714 0.017313 0.014286
3 0.328955 0.126471 0.009552 0.029412
2 0.462985 0.200840 0.017313 0.015126
35 0.242687 0.156723 0.017313 0.022689
2 0.567164 0.138235 0.014328 0.015966
0 0.394328 0.259664 0.010149 0.010084
2 0.495522 0.200420 0.014328 0.012605
2 0.182090 0.447899 0.017910 0.015126
3 0.071343 0.117647 0.011343 0.026891
4 0.253433 0.070168 0.013731 0.012605
3 0.531642 0.186134 0.018507 0.012605
3 0.170448 0.277311 0.018507 0.016807
2 0.149254 0.448739 0.016716 0.015126
3 0.239104 0.109244 0.011343 0.028571
2 0.063881 0.450420 0.017910 0.016807
4 0.337910 0.178151 0.015522 0.015126
35 0.498806 0.168908 0.018507 0.020168
4 0.511045 0.081092 0.013134 0.015966
2 0.206866 0.186975 0.017313 0.014286
3 0.176418 0.102941 0.011343 0.026050
4 0.059701 0.102521 0.011940 0.011765
0 0.148060 0.260084 0.011940 0.009244
2 0.307761 0.166807 0.017313 0.014286
4 0.063284 0.299580 0.013134 0.014286
4 0.062985 0.418908 0.012537 0.014286
6 0.382985 0.050000 0.026866 0.012605
0 0.034925 0.072269 0.010149 0.013445
0 0.326567 0.035714 0.010746 0.010924
23 0.042388 0.098319 0.014328 0.018487
23 0.478507 0.083613 0.013731 0.026050
23 0.299104 0.113025 0.016716 0.022689
23 0.220597 0.073529 0.012537 0.019328
22 0.323582 0.267647 0.015522 0.019328
28 0.358507 0.267227 0.019701 0.030252
22 0.050746 0.275210 0.015522 0.019328
0 0.036418 0.256303 0.011940 0.008403
4 0.149254 0.293697 0.013134 0.014286
35 0.186866 0.299580 0.022687 0.024370
35 0.186269 0.415546 0.022687 0.024370
2 0.051045 0.154622 0.018507 0.015126
4 0.080597 0.168067 0.011940 0.011765
0 0.205672 0.078992 0.010149 0.013445
6 0.125970 0.039076 0.025075 0.010924
22 0.051343 0.396218 0.015522 0.019328
0 0.036418 0.372269 0.011940 0.008403
0 0.149851 0.377311 0.011940 0.008403
4 0.149851 0.411345 0.013134 0.014286
3 0.170448 0.395798 0.018507 0.016807
24 0.289552 0.271429 0.015522 0.023529
3 0.462388 0.118067 0.008955 0.026050
3 0.462985 0.170168 0.008955 0.026050
4 0.316418 0.116807 0.015522 0.015126
0 0.289552 0.036555 0.005970 0.014286
0 0.462985 0.090336 0.011343 0.010924
24 0.549254 0.121429 0.016716 0.036134
0 0.566866 0.092017 0.011343 0.010924
0 0.514627 0.188655 0.007164 0.017647
2 0.212836 0.052941 0.012537 0.026891
0 0.548657 0.189916 0.009552 0.013445
