1 0.186269 0.065966 0.038209 0.061345
24 0.062687 0.142437 0.031045 0.039496
24 0.068358 0.457563 0.029254 0.042857
2 0.315224 0.197059 0.010746 0.019328
0 0.093433 0.264706 0.010149 0.008403
49 0.342985 0.118487 0.042388 0.181513
3 0.143881 0.298319 0.007164 0.026891
2 0.040896 0.458403 0.007761 0.017647
24 0.031343 0.063866 0.018507 0.082353
2 0.065970 0.033193 0.010149 0.015966
2 0.315224 0.389076 0.009552 0.018487
3 0.108060 0.296639 0.008358 0.023529
3 0.071940 0.296639 0.008955 0.025210
18 0.196418 0.451681 0.027463 0.041176
2 0.097313 0.458403 0.010746 0.017647
2 0.268955 0.359244 0.014925 0.014286
29 0.244776 0.340756 0.032239 0.027731
2 0.196716 0.168067 0.008955 0.020168
49 0.342985 0.310084 0.042388 0.181513
18 0.166567 0.451681 0.027463 0.041176
18 0.227463 0.452521 0.027463 0.041176
18 0.256716 0.453361 0.027463 0.041176
24 0.168955 0.160504 0.019104 0.042017
24 0.168955 0.217647 0.019104 0.033613
0 0.089552 0.040756 0.007164 0.014286
0 0.035821 0.151681 0.007164 0.014286
0 0.035224 0.222269 0.007164 0.014286
2 0.088657 0.151681 0.010149 0.015966
2 0.087463 0.223109 0.010149 0.015966
2 0.186567 0.223529 0.008955 0.020168
2 0.131045 0.381092 0.014925 0.014286
2 0.095821 0.380252 0.014925 0.014286
2 0.059403 0.381092 0.014925 0.014286
2 0.024179 0.381933 0.014925 0.014286
29 0.029851 0.342857 0.015522 0.018487
29 0.065672 0.343697 0.015522 0.018487
29 0.101493 0.343697 0.015522 0.018487
29 0.137313 0.344538 0.015522 0.018487
4 0.045373 0.340336 0.011940 0.011765
4 0.083582 0.340336 0.011940 0.011765
4 0.119701 0.339916 0.013731 0.012605
4 0.161493 0.339916 0.013731 0.012605
0 0.191343 0.319328 0.010149 0.008403
3 0.035821 0.299160 0.008358 0.026891
0 0.191045 0.150000 0.007164 0.014286
0 0.229851 0.078571 0.007164 0.014286
2 0.214030 0.070588 0.008955 0.020168
3 0.203582 0.339916 0.016716 0.012605
3 0.202985 0.347479 0.016716 0.012605
0 0.369552 0.391176 0.007164 0.014286
0 0.369552 0.197059 0.007164 0.014286
