1 0.268872 0.286782 0.076336 0.102273
2 0.252120 0.580144 0.011450 0.010766
1 0.621289 0.111543 0.043257 0.030502
29 0.074427 0.660885 0.018236 0.029904
2 0.829092 0.344498 0.009330 0.019139
1 0.889737 0.310407 0.084818 0.218900
2 0.781170 0.136962 0.011026 0.009569
2 0.680025 0.136962 0.011450 0.009569
1 0.075064 0.321471 0.036472 0.089115
2 0.570399 0.136364 0.011026 0.009569
1 0.826760 0.100179 0.025869 0.028110
3 0.817854 0.629187 0.008058 0.020335
2 0.496183 0.562201 0.011874 0.010766
2 0.220738 0.565490 0.011450 0.010167
2 0.583333 0.316388 0.011450 0.010766
24 0.659457 0.873804 0.020356 0.139952
2 0.818702 0.648026 0.013147 0.010167
22 0.884224 0.104964 0.008482 0.012560
24 0.789864 0.804127 0.020780 0.024522
2 0.409669 0.158194 0.010178 0.008971
2 0.679177 0.364533 0.013147 0.010167
2 0.695929 0.364533 0.011026 0.011364
2 0.243851 0.914175 0.014419 0.011364
3 0.818914 0.792464 0.006785 0.025120
35 0.679389 0.119318 0.012723 0.018541
2 0.456107 0.565191 0.009754 0.013158
3 0.845420 0.562500 0.013995 0.010167
2 0.475827 0.914175 0.013571 0.010167
2 0.467345 0.156998 0.009330 0.008971
2 0.347540 0.668062 0.012299 0.011962
2 0.235793 0.564593 0.011874 0.009569
2 0.565310 0.366328 0.008482 0.018541
1 0.091815 0.113935 0.025869 0.038876
3 0.269932 0.617225 0.014843 0.008373
8 0.506361 0.855263 0.022053 0.027512
2 0.884860 0.124701 0.011450 0.008971
2 0.310433 0.382775 0.011026 0.009569
2 0.886768 0.635467 0.013571 0.010167
4 0.441052 0.138756 0.008482 0.010766
2 0.661578 0.135766 0.011874 0.010766
2 0.801951 0.387859 0.011874 0.011364
4 0.929177 0.105562 0.008482 0.013756
4 0.496395 0.541268 0.008906 0.013158
3 0.781170 0.116328 0.007634 0.020933
2 0.048770 0.143242 0.012723 0.010167
4 0.453986 0.137859 0.008058 0.010167
4 0.346904 0.646830 0.009330 0.013756
4 0.372774 0.138756 0.009330 0.010766
2 0.199321 0.565191 0.012723 0.010766
3 0.583757 0.335526 0.008906 0.022727
2 0.290925 0.383971 0.011026 0.009569
2 0.372986 0.158194 0.010602 0.008971
4 0.780746 0.213517 0.009330 0.013158
2 0.772901 0.592703 0.009754 0.016746
2 0.441476 0.157596 0.009330 0.008971
24 0.768448 0.287679 0.014419 0.033493
8 0.226251 0.138158 0.013147 0.016746
2 0.259118 0.383971 0.010178 0.009569
1 0.318278 0.618720 0.036896 0.041268
2 0.929601 0.124402 0.011874 0.009569
4 0.221586 0.544856 0.008906 0.013158
4 0.467981 0.137261 0.008058 0.011364
0 0.834818 0.405502 0.008906 0.014354
2 0.706319 0.618720 0.013147 0.010167
4 0.235369 0.545754 0.009330 0.012560
3 0.355810 0.634868 0.015267 0.008971
2 0.227099 0.187201 0.011450 0.011962
2 0.807040 0.100179 0.007634 0.010167
35 0.060008 0.530203 0.013147 0.016148
0 0.928753 0.087919 0.006785 0.007177
2 0.426633 0.157596 0.011026 0.008971
2 0.193596 0.310108 0.007209 0.013756
2 0.454411 0.156998 0.008906 0.008971
2 0.332485 0.383373 0.011026 0.008373
0 0.815734 0.386663 0.009754 0.010167
2 0.358567 0.157895 0.011450 0.008373
2 0.946141 0.405502 0.008482 0.015550
2 0.658185 0.949163 0.010178 0.011962
42 0.310857 0.139055 0.011874 0.011364
2 0.368745 0.621411 0.008906 0.016746
4 0.359203 0.139055 0.011026 0.012560
3 0.616836 0.610347 0.008906 0.019737
2 0.475403 0.565490 0.013571 0.012560
2 0.271204 0.188098 0.010602 0.008971
2 0.526293 0.560407 0.011874 0.010766
23 0.409457 0.137261 0.008906 0.013756
3 0.106446 0.937201 0.008482 0.014354
1 0.347752 0.845096 0.027142 0.031100
0 0.466285 0.120813 0.008058 0.008373
4 0.271204 0.207536 0.009754 0.013158
2 0.914122 0.124701 0.012299 0.008971
4 0.280322 0.206938 0.008482 0.010766
2 0.254241 0.858553 0.011450 0.008971
4 0.309796 0.363337 0.008906 0.012560
4 0.706531 0.598684 0.010178 0.009569
4 0.679177 0.345096 0.010602 0.013158
3 0.372137 0.557416 0.014843 0.008373
3 0.120865 0.568481 0.009330 0.022129
3 0.332697 0.363636 0.008058 0.020335
2 0.328668 0.187799 0.011874 0.010766
14 0.771204 0.366627 0.014843 0.022727
2 0.851781 0.637261 0.013147 0.011364
2 0.273113 0.383672 0.011026 0.010167
3 0.818490 0.819378 0.008482 0.021531
12 0.254877 0.832536 0.014419 0.023923
2 0.640585 0.866029 0.008058 0.016746
8 0.626378 0.274821 0.017812 0.023325
0 0.570823 0.102871 0.007634 0.008373
0 0.783503 0.278409 0.006361 0.008971
4 0.843723 0.581340 0.009754 0.013158
8 0.227099 0.168660 0.013147 0.016746
8 0.328456 0.168660 0.013147 0.016746
8 0.328456 0.139055 0.013147 0.017344
0 0.044317 0.111543 0.004665 0.012560
42 0.312129 0.167763 0.011874 0.011364
42 0.072943 0.105861 0.011874 0.011962
42 0.074215 0.122608 0.011874 0.011962
42 0.108142 0.099880 0.011874 0.011962
42 0.209924 0.138756 0.011874 0.011962
42 0.210348 0.168959 0.011874 0.011364
42 0.209924 0.081340 0.007634 0.015550
42 0.226887 0.081340 0.007634 0.015550
4 0.217981 0.087321 0.006785 0.013158
4 0.235369 0.086722 0.006785 0.013158
4 0.201442 0.087321 0.006785 0.013158
23 0.112171 0.128888 0.008906 0.013756
4 0.169211 0.131280 0.011026 0.012560
4 0.156489 0.129486 0.011026 0.012560
4 0.144190 0.129486 0.011026 0.012560
4 0.129771 0.129486 0.011026 0.012560
4 0.049194 0.125299 0.011026 0.012560
6 0.266539 0.152213 0.020780 0.010167
3 0.209712 0.100478 0.006361 0.020335
3 0.226463 0.099880 0.006785 0.022727
3 0.217769 0.118421 0.015691 0.009569
3 0.209712 0.308014 0.015691 0.009569
3 0.216073 0.260766 0.015691 0.009569
3 0.258270 0.363038 0.006785 0.022727
42 0.312977 0.261065 0.011874 0.011364
42 0.312977 0.267045 0.011874 0.011364
42 0.312553 0.271830 0.011874 0.011364
42 0.311917 0.284988 0.011450 0.010167
42 0.312341 0.290969 0.011450 0.010167
42 0.312341 0.296950 0.011450 0.010167
42 0.311493 0.314892 0.011450 0.010167
42 0.292409 0.341806 0.011450 0.010167
42 0.226675 0.315490 0.011450 0.010167
42 0.226251 0.302931 0.011450 0.010167
42 0.226675 0.296950 0.011450 0.010167
42 0.226251 0.291567 0.011450 0.010167
42 0.227099 0.284988 0.011450 0.010167
42 0.227099 0.279007 0.011450 0.010167
42 0.227099 0.273624 0.011450 0.010167
42 0.227523 0.267644 0.011450 0.010167
42 0.203774 0.261065 0.011450 0.010167
42 0.262935 0.347488 0.006785 0.016746
42 0.267176 0.347488 0.006785 0.016746
42 0.332909 0.343900 0.006785 0.016746
42 0.100297 0.314892 0.011450 0.010167
42 0.099449 0.320873 0.011450 0.010167
42 0.099449 0.326854 0.011450 0.010167
42 0.052799 0.308911 0.011450 0.010167
42 0.052375 0.314892 0.011450 0.010167
42 0.052375 0.320873 0.011450 0.010167
0 0.053647 0.302033 0.004665 0.009569
0 0.052799 0.332536 0.004665 0.009569
0 0.099025 0.302632 0.004665 0.009569
2 0.100933 0.267045 0.008482 0.014952
2 0.100085 0.368122 0.008482 0.014952
4 0.291137 0.363337 0.008906 0.012560
4 0.273749 0.363935 0.008906 0.012560
0 0.310008 0.342404 0.010178 0.007775
42 0.283715 0.226077 0.006785 0.016746
42 0.275657 0.227871 0.006785 0.016746
42 0.267176 0.226077 0.006785 0.016746
42 0.258694 0.225478 0.006785 0.016746
2 0.224555 0.229067 0.011450 0.011962
2 0.250000 0.226675 0.011450 0.011962
4 0.262723 0.206938 0.009754 0.013158
4 0.224979 0.247010 0.009754 0.013158
42 0.377439 0.109450 0.006785 0.016746
42 0.393978 0.109450 0.006785 0.016746
4 0.385920 0.116627 0.006785 0.013158
3 0.386132 0.126196 0.015691 0.009569
4 0.426633 0.138158 0.008482 0.010766
2 0.111747 0.148624 0.011450 0.012560
2 0.129135 0.148026 0.011450 0.012560
2 0.143978 0.148026 0.011450 0.012560
2 0.156701 0.148624 0.011450 0.012560
2 0.170271 0.148624 0.011450 0.012560
2 0.187023 0.086423 0.008482 0.014952
2 0.249788 0.088218 0.008482 0.014952
0 0.293893 0.227572 0.010178 0.007775
42 0.135920 0.500299 0.011450 0.010167
3 0.122349 0.500000 0.015691 0.009569
3 0.122349 0.520335 0.015691 0.009569
42 0.136768 0.521830 0.011450 0.010167
8 0.393766 0.557416 0.013147 0.016746
6 0.304707 0.522727 0.018236 0.008373
6 0.321671 0.522727 0.018236 0.008373
6 0.338634 0.522727 0.018236 0.008373
42 0.135496 0.545156 0.011450 0.010167
42 0.135496 0.557715 0.011450 0.010167
42 0.061705 0.655801 0.011450 0.010167
35 0.083333 0.536184 0.013147 0.016148
35 0.100297 0.531400 0.013147 0.016148
35 0.105386 0.554127 0.013147 0.016148
35 0.044529 0.535586 0.013571 0.016148
0 0.074003 0.556519 0.004665 0.010167
3 0.086726 0.556220 0.015691 0.009569
3 0.090543 0.656699 0.015691 0.009569
0 0.103265 0.656400 0.004665 0.010167
2 0.093511 0.668361 0.008906 0.012560
23 0.198685 0.543959 0.010602 0.014952
0 0.120865 0.586722 0.007634 0.007177
0 0.198473 0.518541 0.007634 0.007177
3 0.252757 0.536782 0.009330 0.022129
3 0.251908 0.560108 0.009330 0.022129
2 0.233461 0.636364 0.008906 0.016746
4 0.247668 0.617225 0.008482 0.016746
4 0.258270 0.635766 0.008482 0.016746
4 0.290076 0.604067 0.008482 0.016746
2 0.276293 0.604067 0.008906 0.016746
2 0.299194 0.661483 0.012299 0.011962
3 0.298982 0.640550 0.006785 0.022727
42 0.293681 0.622907 0.011450 0.010167
2 0.342451 0.605861 0.008906 0.016746
4 0.354538 0.619019 0.008482 0.016746
3 0.393978 0.581041 0.009330 0.022129
22 0.409245 0.524522 0.008482 0.016746
3 0.441052 0.584629 0.009330 0.022129
3 0.440628 0.558911 0.009330 0.022129
3 0.441052 0.535586 0.009330 0.022129
23 0.456107 0.545156 0.010602 0.014952
23 0.474343 0.543361 0.010602 0.014952
4 0.511238 0.543062 0.008906 0.013158
4 0.525657 0.542464 0.008906 0.013158
2 0.510178 0.561005 0.011874 0.010766
3 0.426633 0.558911 0.009330 0.022129
4 0.426421 0.535885 0.008906 0.013158
42 0.421332 0.572667 0.011450 0.010167
0 0.474979 0.519139 0.007634 0.007177
42 0.099873 0.779904 0.008906 0.016746
42 0.106658 0.919856 0.008906 0.016746
3 0.099661 0.799940 0.009330 0.019737
2 0.100297 0.819378 0.012299 0.011962
2 0.105810 0.955742 0.012299 0.011962
42 0.200382 0.871112 0.011450 0.010167
3 0.213953 0.870813 0.014843 0.008373
3 0.221586 0.889653 0.009754 0.019737
22 0.226887 0.824761 0.008482 0.016746
0 0.243639 0.808014 0.008058 0.008373
3 0.324215 0.869019 0.014843 0.008373
3 0.364080 0.868421 0.014843 0.008373
0 0.376378 0.868122 0.004665 0.010167
42 0.338846 0.889653 0.006785 0.016148
42 0.343087 0.888457 0.006785 0.016148
42 0.355810 0.889055 0.006785 0.016148
42 0.432782 0.871112 0.011450 0.010167
3 0.445505 0.871411 0.015691 0.008373
3 0.461620 0.906699 0.015691 0.008373
3 0.474767 0.894737 0.008058 0.021531
11 0.241730 0.870813 0.012723 0.022727
11 0.472434 0.870813 0.012723 0.022727
3 0.475615 0.840909 0.008058 0.021531
0 0.473919 0.822967 0.008058 0.008373
2 0.309796 0.882177 0.008906 0.016746
4 0.324003 0.880981 0.008482 0.016746
0 0.311917 0.867524 0.004665 0.010167
2 0.351357 0.883971 0.009754 0.010766
0 0.504877 0.876196 0.008058 0.008373
42 0.561917 0.841208 0.011874 0.008971
2 0.632528 0.854964 0.013147 0.011364
4 0.632316 0.836124 0.010178 0.009569
11 0.596268 0.842703 0.012723 0.022727
42 0.644190 0.901017 0.011874 0.008971
42 0.644614 0.906400 0.011874 0.008971
42 0.644190 0.912978 0.011874 0.008971
42 0.644190 0.924342 0.011874 0.008971
42 0.644190 0.930323 0.011874 0.008971
2 0.642282 0.937799 0.008058 0.016746
2 0.657549 0.799342 0.010602 0.013756
0 0.627863 0.811304 0.006361 0.010167
0 0.628287 0.823864 0.006361 0.010167
4 0.583121 0.853469 0.010178 0.009569
3 0.574427 0.840909 0.015691 0.008373
3 0.608355 0.817584 0.015691 0.008373
2 0.598176 0.873505 0.013147 0.011364
42 0.600721 0.581041 0.011450 0.010167
3 0.845632 0.775718 0.017812 0.011962
3 0.843511 0.835526 0.017812 0.011962
22 0.860687 0.835526 0.009754 0.013158
22 0.861535 0.775718 0.009754 0.013158
22 0.643978 0.604067 0.009754 0.013158
3 0.631043 0.580144 0.017812 0.011962
3 0.668787 0.558014 0.017812 0.011962
3 0.631043 0.593900 0.017812 0.011962
42 0.600721 0.593002 0.011450 0.010167
42 0.710136 0.586423 0.011450 0.010167
3 0.696989 0.587022 0.015691 0.010167
36 0.672392 0.586124 0.022477 0.028708
2 0.644826 0.625897 0.013147 0.010167
0 0.616836 0.626196 0.008058 0.005981
36 0.850933 0.605263 0.022477 0.028708
4 0.845844 0.545455 0.009754 0.013158
3 0.808312 0.591507 0.017812 0.011962
3 0.805344 0.616029 0.017812 0.011962
4 0.818702 0.602871 0.011450 0.010766
3 0.792833 0.605263 0.008058 0.020335
3 0.877014 0.604665 0.017812 0.011962
0 0.856658 0.581041 0.005937 0.010167
2 0.829304 0.580742 0.009754 0.016746
4 0.886132 0.617225 0.011450 0.010766
42 0.890797 0.604964 0.011450 0.010167
42 0.799618 0.776017 0.011450 0.010167
42 0.800042 0.834629 0.011450 0.010167
42 0.884012 0.775419 0.011450 0.010167
42 0.883164 0.835227 0.011450 0.010167
2 0.873410 0.806818 0.009754 0.016746
29 0.591391 0.368720 0.030110 0.026914
4 0.604114 0.264952 0.009754 0.013158
3 0.603690 0.252093 0.015691 0.007775
4 0.784351 0.360646 0.011450 0.010766
4 0.800891 0.369019 0.011450 0.010766
2 0.784563 0.379486 0.011874 0.011364
4 0.756361 0.358254 0.011450 0.010766
2 0.768872 0.341507 0.009330 0.019139
2 0.787108 0.298445 0.009330 0.019139
4 0.796438 0.214713 0.009330 0.013158
4 0.765903 0.211722 0.009330 0.013158
4 0.750636 0.211722 0.009330 0.013158
4 0.735793 0.212321 0.009330 0.013158
0 0.694656 0.302931 0.009330 0.008971
0 0.765055 0.196471 0.009330 0.008971
0 0.828032 0.243122 0.006361 0.008971
2 0.765055 0.234749 0.011874 0.011364
0 0.678541 0.075658 0.009330 0.008971
4 0.662214 0.119019 0.010602 0.013158
0 0.662002 0.099581 0.009330 0.008971
0 0.780322 0.076256 0.009330 0.008971
4 0.827184 0.080144 0.009754 0.013158
3 0.850085 0.104964 0.015691 0.007775
4 0.913486 0.105562 0.010178 0.012560
4 0.863232 0.112141 0.010602 0.012560
2 0.864292 0.131280 0.011874 0.008971
6 0.898855 0.092404 0.015691 0.007775
4 0.766964 0.093301 0.010602 0.013158
4 0.570611 0.118421 0.010602 0.013158
2 0.594148 0.111543 0.008482 0.018541
42 0.772901 0.616926 0.011450 0.010167
42 0.667727 0.332237 0.011450 0.010167
42 0.832061 0.279605 0.011874 0.010167
42 0.832485 0.255084 0.011874 0.010167
42 0.832909 0.249103 0.011874 0.010167
42 0.833333 0.237739 0.011874 0.010167
42 0.832909 0.231160 0.011874 0.010167
42 0.832909 0.225778 0.011874 0.010167
42 0.832485 0.218600 0.011874 0.010167
42 0.832485 0.214414 0.011874 0.010167
42 0.945081 0.213816 0.011450 0.010167
42 0.943384 0.231758 0.011450 0.010167
42 0.942960 0.243720 0.011450 0.010167
42 0.942536 0.249103 0.011450 0.010167
42 0.942960 0.255084 0.011450 0.010167
42 0.942536 0.267045 0.011450 0.010167
42 0.943384 0.273624 0.011450 0.010167
3 0.694444 0.320574 0.008058 0.020335
3 0.695293 0.343900 0.008058 0.020335
3 0.814037 0.368421 0.008058 0.020335
4 0.880619 0.790072 0.011450 0.010766
4 0.880619 0.821770 0.011450 0.010766
