2 0.395884 0.472626 0.014528 0.012831
75 0.028450 0.334046 0.020581 0.024808
1 0.752724 0.458939 0.041768 0.069290
3 0.701877 0.210864 0.019976 0.012831
1 0.754237 0.716852 0.052058 0.090676
3 0.341102 0.573139 0.009080 0.023952
1 0.935230 0.275877 0.039952 0.040205
1 0.626513 0.440547 0.046005 0.037639
1 0.277240 0.386228 0.142857 0.197605
6 0.146186 0.333618 0.023608 0.010265
1 0.626513 0.560736 0.044794 0.038494
4 0.441586 0.372113 0.011501 0.015398
4 0.121065 0.350299 0.010896 0.017964
1 0.626816 0.193755 0.046610 0.038494
1 0.758475 0.207442 0.039952 0.127459
2 0.732446 0.262618 0.014528 0.013687
1 0.752421 0.579555 0.041162 0.067579
1 0.934927 0.334474 0.040557 0.039350
3 0.366525 0.556031 0.009080 0.023952
4 0.081719 0.349872 0.014528 0.015398
1 0.629540 0.697177 0.046005 0.039350
4 0.508172 0.372113 0.011501 0.017109
1 0.933111 0.210009 0.040557 0.038494
2 0.966404 0.280154 0.011501 0.012831
2 0.366828 0.583832 0.014528 0.012831
4 0.393160 0.372113 0.012712 0.015398
2 0.378632 0.476476 0.013923 0.011976
2 0.734564 0.316510 0.011501 0.013687
2 0.393765 0.398631 0.015133 0.013687
2 0.675242 0.742087 0.016344 0.012831
4 0.165860 0.351155 0.014528 0.017964
2 0.730024 0.144568 0.014528 0.013687
4 0.097155 0.349016 0.012712 0.011976
2 0.699455 0.405047 0.016344 0.012831
4 0.417978 0.372113 0.011501 0.013687
46 0.626816 0.360137 0.047821 0.046193
2 0.442191 0.399914 0.016344 0.012831
2 0.779056 0.343456 0.009685 0.019675
75 0.862893 0.235672 0.016344 0.023097
2 0.508777 0.399059 0.016344 0.012831
2 0.770884 0.540633 0.009080 0.017109
35 0.424031 0.521814 0.017554 0.023952
2 0.418584 0.399059 0.015133 0.012831
4 0.298123 0.224551 0.013923 0.016253
2 0.753329 0.124038 0.017554 0.013687
3 0.378935 0.448246 0.010896 0.027374
2 0.763317 0.123610 0.013317 0.012831
2 0.290860 0.169803 0.015133 0.012831
2 0.965799 0.215569 0.012712 0.013687
2 0.702482 0.578272 0.009080 0.017109
4 0.674637 0.458084 0.012712 0.014542
2 0.702179 0.458939 0.010896 0.017964
4 0.689467 0.183918 0.013317 0.018820
3 0.347458 0.510265 0.016949 0.009410
2 0.384080 0.508982 0.009080 0.018820
2 0.675847 0.604790 0.016344 0.013687
2 0.966707 0.340034 0.012107 0.014542
2 0.727906 0.487169 0.012712 0.012831
3 0.323245 0.573567 0.010896 0.024808
2 0.689770 0.157399 0.013923 0.011976
2 0.363499 0.463644 0.012712 0.013687
2 0.067191 0.445252 0.018160 0.014542
4 0.674637 0.577844 0.012712 0.014542
3 0.396186 0.445680 0.010291 0.023952
4 0.283293 0.224979 0.013317 0.017109
2 0.781477 0.663388 0.013317 0.014542
3 0.475484 0.355860 0.017554 0.013687
4 0.674939 0.715997 0.013317 0.015398
2 0.675847 0.486313 0.016344 0.012831
70 0.522700 0.566296 0.069613 0.070145
46 0.752724 0.342601 0.030872 0.062447
42 0.051453 0.325492 0.008475 0.023097
2 0.081719 0.378101 0.015738 0.013687
2 0.096852 0.378956 0.015738 0.013687
2 0.121671 0.378956 0.015738 0.013687
21 0.067494 0.399914 0.015133 0.040205
2 0.284806 0.193755 0.015133 0.012831
2 0.296308 0.191189 0.015133 0.012831
2 0.278753 0.554320 0.012712 0.013687
2 0.272094 0.626176 0.012712 0.013687
2 0.284201 0.622754 0.012712 0.013687
35 0.338075 0.538922 0.017554 0.023952
35 0.424637 0.501283 0.017554 0.023952
35 0.424031 0.474765 0.017554 0.023952
35 0.425242 0.450813 0.017554 0.023952
42 0.265738 0.533362 0.008475 0.023097
4 0.278148 0.526946 0.012712 0.015398
29 0.282385 0.591104 0.021186 0.035928
3 0.300242 0.579555 0.010896 0.024808
4 0.474879 0.326347 0.012712 0.017964
4 0.291465 0.208298 0.013923 0.016253
46 0.697942 0.378101 0.019370 0.023952
2 0.755145 0.506843 0.012712 0.012831
2 0.763015 0.507699 0.012712 0.012831
2 0.750908 0.288281 0.011501 0.013687
2 0.763015 0.288281 0.012712 0.015398
2 0.729116 0.606074 0.012712 0.012831
2 0.756356 0.625749 0.012712 0.012831
2 0.762409 0.626604 0.012712 0.012831
2 0.726090 0.663388 0.012712 0.012831
2 0.780872 0.768606 0.013317 0.014542
2 0.726392 0.768606 0.013317 0.014542
2 0.755751 0.408469 0.012712 0.012831
2 0.763015 0.408469 0.012712 0.012831
42 0.844128 0.201882 0.017554 0.013687
4 0.880448 0.219418 0.012712 0.014542
3 0.863499 0.201454 0.016344 0.012831
