1 0.502573 0.412185 0.067467 0.108403
24 0.713551 0.322689 0.020583 0.031933
3 0.560606 0.435714 0.020011 0.015966
4 0.359634 0.343697 0.013722 0.018487
4 0.646941 0.342437 0.015437 0.014286
3 0.428531 0.357563 0.010863 0.029412
3 0.371641 0.392857 0.011435 0.027731
4 0.674671 0.344538 0.014866 0.016807
2 0.503145 0.539496 0.019440 0.016807
3 0.372213 0.343277 0.012579 0.026050
4 0.571469 0.496639 0.014294 0.021849
4 0.554317 0.497479 0.015437 0.020168
4 0.337336 0.344118 0.013722 0.021008
35 0.437679 0.405882 0.018868 0.028571
4 0.490852 0.334874 0.013150 0.021008
3 0.624357 0.318908 0.018296 0.015966
23 0.416810 0.319748 0.014866 0.024370
3 0.578045 0.454622 0.011435 0.023529
35 0.414237 0.407563 0.018868 0.028571
6 0.594626 0.318487 0.024014 0.011765
22 0.555174 0.343697 0.012579 0.016807
22 0.571755 0.343697 0.012579 0.016807
8 0.514580 0.268908 0.017153 0.026891
8 0.515152 0.319328 0.017153 0.026891
6 0.628359 0.350420 0.024014 0.011765
24 0.304746 0.324370 0.020583 0.031933
2 0.555746 0.373109 0.019440 0.016807
11 0.179245 0.150420 0.017724 0.030252
