1 0.798319 0.303550 0.062185 0.095858
1 0.773109 0.099408 0.099160 0.066272
2 0.869748 0.646154 0.023529 0.018935
1 0.444538 0.566864 0.141176 0.312426
3 0.205882 0.134911 0.026891 0.016568
2 0.902941 0.646746 0.022689 0.020118
1 0.802101 0.568639 0.064706 0.076923
2 0.798739 0.233136 0.026050 0.018935
2 0.957563 0.670414 0.022689 0.020118
2 0.840336 0.646746 0.025210 0.020118
2 0.928992 0.646154 0.022689 0.018935
3 0.957563 0.584024 0.012605 0.034320
23 0.697899 0.405325 0.017647 0.024852
2 0.344538 0.255030 0.025210 0.020118
2 0.453782 0.255621 0.023529 0.018935
2 0.668067 0.190533 0.025210 0.021302
2 0.697899 0.191124 0.024370 0.020118
3 0.870168 0.384024 0.010924 0.031953
3 0.176471 0.265680 0.026891 0.015385
2 0.698319 0.468639 0.025210 0.018935
4 0.697059 0.125444 0.019328 0.016568
3 0.928151 0.105325 0.010924 0.030769
3 0.928571 0.152663 0.011765 0.030769
35 0.271849 0.781065 0.022689 0.040237
2 0.329832 0.690533 0.014286 0.029586
2 0.283613 0.407692 0.014286 0.029586
2 0.233613 0.786391 0.013445 0.029586
2 0.949580 0.468639 0.025210 0.018935
4 0.668067 0.123077 0.020168 0.016568
23 0.722269 0.405917 0.017647 0.018935
2 0.181092 0.635503 0.021008 0.016568
2 0.369328 0.338462 0.024370 0.021302
4 0.713445 0.567456 0.020168 0.020118
2 0.424790 0.256805 0.024370 0.018935
3 0.306303 0.786391 0.027731 0.013018
4 0.748319 0.407692 0.019328 0.015385
2 0.126050 0.943195 0.023529 0.018935
2 0.147899 0.747929 0.023529 0.016568
2 0.072269 0.653846 0.023529 0.017751
4 0.902941 0.602367 0.021008 0.016568
4 0.903361 0.106509 0.016807 0.016568
2 0.953361 0.191124 0.026050 0.017751
2 0.560924 0.585207 0.014286 0.031953
4 0.126471 0.240828 0.021008 0.017751
2 0.760924 0.657396 0.026050 0.020118
4 0.071429 0.602367 0.018487 0.016568
3 0.869748 0.431953 0.011765 0.030769
4 0.870168 0.602959 0.019328 0.017751
4 0.453782 0.153254 0.018487 0.020118
4 0.890756 0.383432 0.016807 0.018935
2 0.085714 0.460355 0.011765 0.026036
2 0.085714 0.389941 0.011765 0.027219
2 0.673109 0.657988 0.026891 0.018935
0 0.949160 0.350888 0.012605 0.010651
41 0.092437 0.892308 0.015126 0.009467
4 0.173109 0.708284 0.018487 0.015385
6 0.868487 0.083432 0.034454 0.013018
41 0.231092 0.881065 0.013445 0.010651
0 0.454622 0.086391 0.013445 0.011834
0 0.697059 0.351479 0.012605 0.011834
41 0.092437 0.915976 0.015126 0.009467
0 0.071429 0.521893 0.013445 0.011834
3 0.071429 0.555030 0.013445 0.030769
3 0.151261 0.105325 0.013445 0.035503
41 0.092437 0.880473 0.013445 0.011834
0 0.180252 0.574556 0.010924 0.013018
0 0.957983 0.546746 0.013445 0.009467
2 0.338235 0.507692 0.014286 0.028402
23 0.672269 0.592308 0.021849 0.024852
4 0.147479 0.708284 0.017647 0.017751
4 0.096218 0.708284 0.017647 0.017751
0 0.533193 0.571598 0.010924 0.016568
4 0.126891 0.437870 0.011765 0.021302
27 0.097479 0.604142 0.016807 0.039053
23 0.950000 0.405325 0.017647 0.020118
4 0.122269 0.707692 0.017647 0.016568
41 0.231513 0.893491 0.014286 0.009467
0 0.358824 0.702367 0.010084 0.020118
0 0.667647 0.072781 0.014286 0.013018
2 0.561765 0.442012 0.014286 0.027219
6 0.383193 0.099408 0.031933 0.014201
0 0.247899 0.856805 0.011765 0.009467
23 0.954202 0.133728 0.017647 0.021302
2 0.591597 0.478107 0.011765 0.028402
6 0.708824 0.635503 0.031092 0.016568
4 0.318908 0.163905 0.017647 0.020118
0 0.126891 0.857988 0.011765 0.009467
23 0.344958 0.164497 0.017647 0.030769
5 0.339496 0.431361 0.020168 0.022485
23 0.425210 0.150888 0.018487 0.029586
3 0.562605 0.477515 0.026050 0.020118
4 0.197899 0.707692 0.017647 0.016568
0 0.315546 0.431361 0.010924 0.017751
8 0.239076 0.102367 0.024370 0.036686
0 0.953361 0.073373 0.014286 0.011834
26 0.310924 0.407692 0.020168 0.027219
14 0.155882 0.389941 0.017647 0.022485
4 0.125630 0.484024 0.015966 0.023669
23 0.925210 0.406509 0.018487 0.029586
24 0.101681 0.171598 0.025210 0.056805
0 0.533193 0.430769 0.009244 0.016568
3 0.273950 0.218343 0.025210 0.017751
4 0.127311 0.366864 0.012605 0.023669
22 0.815126 0.398225 0.018487 0.027219
3 0.193277 0.166272 0.025210 0.017751
15 0.152101 0.217751 0.025210 0.037870
4 0.370588 0.378107 0.021849 0.017751
41 0.092437 0.904142 0.015126 0.009467
24 0.154202 0.892899 0.027731 0.102959
24 0.281092 0.896450 0.027731 0.102959
24 0.152521 0.604142 0.026050 0.072189
14 0.155882 0.460947 0.017647 0.022485
4 0.125210 0.414201 0.011765 0.021302
4 0.840756 0.602959 0.019328 0.017751
22 0.850420 0.127811 0.018487 0.028402
6 0.843697 0.359172 0.035294 0.013018
35 0.964706 0.637870 0.028571 0.035503
0 0.672689 0.533728 0.012605 0.011834
41 0.251681 0.243195 0.010924 0.020118
41 0.294538 0.240828 0.010924 0.020118
22 0.928571 0.608876 0.018487 0.027219
5 0.343697 0.406509 0.020168 0.022485
22 0.189076 0.189349 0.018487 0.028402
0 0.147479 0.673964 0.010924 0.013018
0 0.335294 0.526036 0.011765 0.020118
