1 0.284279 0.204319 0.133570 0.146179
1 0.799054 0.245017 0.078014 0.071429
3 0.757092 0.475083 0.017730 0.046512
3 0.686170 0.196013 0.017730 0.046512
2 0.721631 0.139535 0.027187 0.029900
3 0.319740 0.482558 0.017730 0.048173
2 0.132388 0.186047 0.018913 0.036545
2 0.381206 0.151993 0.017730 0.034884
2 0.226359 0.518272 0.017730 0.039867
2 0.166667 0.338870 0.033097 0.026578
3 0.709220 0.509136 0.037825 0.018272
0 0.842790 0.558140 0.014184 0.023256
2 0.890071 0.245017 0.018913 0.038206
2 0.664303 0.510797 0.018913 0.041528
0 0.405437 0.566445 0.014184 0.023256
4 0.166076 0.284053 0.029551 0.026578
3 0.272459 0.518272 0.041371 0.019934
0 0.177896 0.107143 0.017730 0.014950
17 0.510638 0.202658 0.056738 0.089701
4 0.148345 0.151163 0.024823 0.019934
0 0.147163 0.106312 0.017730 0.016611
41 0.083333 0.791528 0.022459 0.014950
4 0.721040 0.192691 0.026005 0.019934
0 0.467494 0.164452 0.020095 0.016611
0 0.149527 0.219269 0.013002 0.026578
8 0.757683 0.557309 0.035461 0.058140
24 0.804965 0.595515 0.042553 0.051495
0 0.684988 0.147010 0.017730 0.014950
8 0.318558 0.563123 0.036643 0.053156
41 0.084515 0.816445 0.022459 0.014950
41 0.082151 0.843023 0.022459 0.014950
41 0.082151 0.867940 0.022459 0.014950
24 0.367612 0.600498 0.042553 0.051495
