17 0.522459 0.553987 0.056738 0.091362
17 0.667849 0.553987 0.049645 0.094684
3 0.732861 0.434385 0.037825 0.021595
3 0.342199 0.426910 0.036643 0.023256
2 0.390662 0.588870 0.031915 0.024917
3 0.734043 0.269103 0.035461 0.019934
2 0.857565 0.597176 0.031915 0.024917
3 0.343972 0.277409 0.035461 0.019934
3 0.734043 0.252492 0.035461 0.019934
2 0.186170 0.144518 0.017730 0.039867
17 0.593381 0.259967 0.061466 0.091362
3 0.343381 0.260797 0.034279 0.019934
2 0.813239 0.269103 0.018913 0.039867
3 0.230496 0.145349 0.033097 0.021595
2 0.124704 0.370432 0.031915 0.026578
2 0.593972 0.136213 0.017730 0.039867
36 0.348700 0.161960 0.070922 0.088040
2 0.405437 0.279070 0.016548 0.033223
2 0.709811 0.606312 0.031915 0.023256
41 0.082742 0.700166 0.021277 0.014950
3 0.632979 0.137043 0.036643 0.018272
0 0.402482 0.205980 0.017730 0.016611
4 0.088652 0.401163 0.016548 0.034884
0 0.052600 0.380399 0.017730 0.016611
4 0.086879 0.453488 0.017730 0.029900
2 0.355792 0.073090 0.030733 0.026578
4 0.809693 0.542359 0.016548 0.028239
4 0.810875 0.526578 0.014184 0.029900
17 0.200355 0.270764 0.062648 0.086379
17 0.592790 0.259967 0.060284 0.091362
17 0.210993 0.541528 0.048463 0.093023
4 0.809693 0.556478 0.014184 0.029900
4 0.809693 0.579734 0.014184 0.029900
4 0.342790 0.513289 0.014184 0.029900
4 0.342790 0.534884 0.014184 0.029900
4 0.342790 0.551495 0.014184 0.029900
4 0.343972 0.568106 0.014184 0.029900
36 0.349882 0.366279 0.070922 0.088040
36 0.745863 0.150332 0.070922 0.088040
36 0.741135 0.366279 0.070922 0.088040
6 0.377660 0.223422 0.050827 0.021595
41 0.082742 0.725083 0.021277 0.014950
41 0.081560 0.750000 0.021277 0.014950
41 0.085106 0.774917 0.021277 0.014950
41 0.083924 0.799834 0.021277 0.014950
41 0.082742 0.826412 0.021277 0.014950
41 0.082742 0.851329 0.021277 0.014950
41 0.083924 0.876246 0.021277 0.014950
