1 0.349580 0.697041 0.114286 0.165680
1 0.690336 0.699408 0.051261 0.073373
1 0.340756 0.257988 0.116807 0.160947
1 0.681513 0.259763 0.052101 0.072189
1 0.918067 0.202959 0.051261 0.074556
3 0.353361 0.875148 0.014286 0.031953
3 0.066807 0.188757 0.026050 0.015385
2 0.919748 0.267456 0.026050 0.021302
2 0.181092 0.741420 0.024370 0.017751
2 0.601261 0.314793 0.024370 0.018935
2 0.642437 0.302959 0.024370 0.018935
2 0.685714 0.326627 0.025210 0.018935
3 0.320168 0.153846 0.013445 0.035503
2 0.309664 0.093491 0.014286 0.028402
2 0.685294 0.191124 0.026050 0.020118
2 0.359244 0.093491 0.012605 0.026036
2 0.651681 0.740237 0.024370 0.020118
4 0.525210 0.272781 0.020168 0.020118
2 0.609244 0.752071 0.023529 0.020118
2 0.693277 0.764497 0.025210 0.018935
2 0.368067 0.531361 0.013445 0.026036
2 0.172689 0.304142 0.024370 0.018935
2 0.920588 0.132544 0.026050 0.021302
2 0.476050 0.752663 0.024370 0.018935
4 0.202521 0.257988 0.020168 0.016568
2 0.316807 0.531953 0.013445 0.024852
68 0.122269 0.720118 0.068067 0.074556
2 0.466807 0.315385 0.024370 0.017751
4 0.231092 0.258580 0.020168 0.017751
3 0.391176 0.879882 0.014286 0.034320
3 0.563025 0.240828 0.025210 0.017751
3 0.074790 0.626627 0.023529 0.015385
3 0.091597 0.157988 0.013445 0.034320
23 0.172269 0.257988 0.018487 0.023669
2 0.870168 0.302959 0.024370 0.018935
3 0.571849 0.679882 0.026050 0.015385
2 0.125630 0.556805 0.022689 0.017751
4 0.210504 0.696450 0.021008 0.017751
68 0.113445 0.282840 0.068908 0.073373
4 0.608824 0.708284 0.019328 0.020118
3 0.327731 0.590533 0.013445 0.035503
4 0.239496 0.696450 0.020168 0.017751
2 0.118067 0.120118 0.024370 0.020118
3 0.870588 0.147337 0.013445 0.031953
3 0.402941 0.116568 0.024370 0.015385
0 0.093277 0.226627 0.015126 0.013018
3 0.382773 0.443195 0.014286 0.034320
4 0.496218 0.272189 0.021008 0.016568
3 0.826050 0.242012 0.025210 0.017751
4 0.336134 0.118935 0.018487 0.024852
2 0.693697 0.629586 0.024370 0.021302
3 0.844958 0.267456 0.012605 0.035503
4 0.504202 0.707692 0.018487 0.018935
0 0.101261 0.662722 0.014286 0.011834
4 0.416387 0.644379 0.017647 0.017751
2 0.402101 0.792308 0.012605 0.024852
0 0.478571 0.485799 0.014286 0.013018
4 0.532773 0.707101 0.016807 0.020118
3 0.260924 0.290533 0.026050 0.015385
35 0.338235 0.385207 0.031092 0.029586
3 0.100840 0.595858 0.013445 0.034320
4 0.600840 0.272781 0.018487 0.017751
6 0.436555 0.240237 0.034454 0.016568
0 0.870168 0.107101 0.015966 0.010651
3 0.268067 0.727219 0.026891 0.017751
3 0.411345 0.556213 0.024370 0.014201
3 0.411765 0.567456 0.023529 0.015385
2 0.394118 0.355030 0.013445 0.023669
4 0.572269 0.656213 0.013445 0.024852
41 0.890756 0.618935 0.018487 0.014201
0 0.100420 0.779290 0.015966 0.017751
3 0.344538 0.437870 0.015126 0.033136
4 0.343697 0.555621 0.015126 0.020118
4 0.409244 0.205917 0.018487 0.016568
15 0.125630 0.626627 0.027731 0.036686
23 0.465546 0.269822 0.018487 0.023669
23 0.182353 0.694675 0.018487 0.023669
23 0.474790 0.707692 0.018487 0.023669
15 0.118067 0.189349 0.027731 0.037870
8 0.869328 0.244970 0.027731 0.037870
41 0.890756 0.604734 0.018487 0.014201
41 0.890756 0.639053 0.018487 0.014201
41 0.890756 0.655030 0.018487 0.013018
41 0.889916 0.673964 0.018487 0.013018
6 0.444958 0.675740 0.034454 0.016568
41 0.860924 0.124852 0.019328 0.015385
41 0.861765 0.171006 0.019328 0.015385
0 0.092437 0.341420 0.013445 0.013018
0 0.116807 0.342604 0.013445 0.013018
35 0.376050 0.382840 0.031092 0.029586
4 0.562185 0.218343 0.018487 0.024852
35 0.349160 0.824260 0.031092 0.029586
35 0.384454 0.819527 0.031092 0.029586
3 0.404622 0.131953 0.024370 0.015385
3 0.470168 0.521893 0.009244 0.028402
3 0.478571 0.520710 0.009244 0.028402
0 0.125630 0.785207 0.015966 0.017751
