1 0.383193 0.400592 0.084034 0.055621
1 0.065126 0.213018 0.063025 0.205917
1 0.610504 0.702959 0.064706 0.078107
23 0.274370 0.475148 0.017647 0.029586
4 0.117647 0.844970 0.018487 0.021302
1 0.280672 0.204734 0.070588 0.132544
1 0.446218 0.624852 0.048739 0.073373
1 0.867227 0.326036 0.073950 0.110059
1 0.118908 0.791716 0.064706 0.054438
1 0.660924 0.349112 0.074790 0.113609
1 0.319748 0.791716 0.064706 0.054438
1 0.876050 0.585799 0.068067 0.078107
1 0.313866 0.673964 0.069748 0.076923
2 0.441176 0.700000 0.025210 0.017751
2 0.315546 0.090533 0.024370 0.020118
4 0.318908 0.844379 0.019328 0.022485
2 0.444118 0.483432 0.012605 0.027219
2 0.071008 0.647337 0.021008 0.016568
2 0.092857 0.345562 0.024370 0.018935
3 0.381933 0.915976 0.010924 0.033136
4 0.386975 0.347929 0.021008 0.023669
3 0.226471 0.230769 0.026050 0.016568
2 0.784034 0.366864 0.015126 0.030769
23 0.396218 0.636095 0.015966 0.031953
1 0.644538 0.537870 0.047059 0.065089
3 0.924370 0.490533 0.025210 0.015385
2 0.928151 0.595266 0.012605 0.028402
24 0.053361 0.443787 0.046218 0.061538
23 0.508403 0.087574 0.016807 0.021302
3 0.668908 0.631361 0.026891 0.015385
2 0.567227 0.652071 0.023529 0.021302
2 0.534034 0.120118 0.024370 0.017751
1 0.850000 0.098225 0.078151 0.054438
2 0.830672 0.183432 0.012605 0.028402
2 0.556303 0.353846 0.013445 0.028402
2 0.932773 0.404734 0.023529 0.018935
3 0.361345 0.578698 0.026891 0.014201
3 0.105462 0.537278 0.010924 0.030769
2 0.935294 0.282840 0.013445 0.028402
2 0.059244 0.392308 0.021008 0.017751
2 0.594118 0.531361 0.011765 0.028402
2 0.093697 0.085207 0.022689 0.021302
2 0.707563 0.088166 0.011765 0.027219
3 0.181092 0.915976 0.010924 0.033136
3 0.147899 0.649112 0.023529 0.013018
2 0.141597 0.561538 0.012605 0.027219
4 0.853361 0.047337 0.015966 0.023669
3 0.101681 0.696450 0.011765 0.031953
3 0.923950 0.100000 0.026050 0.015385
4 0.345378 0.910059 0.018487 0.018935
3 0.667647 0.660947 0.022689 0.015385
2 0.340756 0.268639 0.024370 0.018935
2 0.699160 0.257988 0.013445 0.026036
2 0.241597 0.401775 0.012605 0.027219
2 0.831513 0.533728 0.022689 0.021302
3 0.344538 0.153254 0.028571 0.015385
2 0.039916 0.573373 0.014286 0.027219
2 0.302941 0.955621 0.022689 0.017751
3 0.193277 0.242012 0.025210 0.015385
3 0.347899 0.460355 0.025210 0.014201
2 0.055042 0.494083 0.022689 0.017751
4 0.268067 0.508876 0.018487 0.028402
3 0.147479 0.488757 0.024370 0.014201
4 0.316387 0.128994 0.019328 0.021302
2 0.364286 0.792308 0.012605 0.024852
3 0.450420 0.401775 0.028571 0.015385
3 0.180672 0.206509 0.028571 0.017751
6 0.284034 0.871598 0.011765 0.043787
3 0.180672 0.197041 0.028571 0.017751
4 0.143277 0.910059 0.017647 0.018935
2 0.100840 0.955621 0.023529 0.017751
11 0.125630 0.675740 0.019328 0.035503
23 0.933193 0.371006 0.017647 0.022485
3 0.105042 0.489349 0.011765 0.031953
3 0.924790 0.520118 0.024370 0.015385
0 0.226891 0.769822 0.015126 0.010651
3 0.361765 0.608284 0.024370 0.016568
3 0.652101 0.590533 0.025210 0.016568
3 0.363866 0.891124 0.023529 0.016568
2 0.786975 0.294675 0.014286 0.028402
4 0.352521 0.493491 0.017647 0.030769
23 0.555042 0.086982 0.017647 0.022485
4 0.047059 0.808284 0.018487 0.016568
0 0.294118 0.502959 0.008403 0.016568
15 0.399580 0.155621 0.024370 0.036686
4 0.248319 0.807101 0.019328 0.016568
2 0.141597 0.715385 0.012605 0.027219
4 0.163445 0.850888 0.014286 0.026036
0 0.433193 0.143195 0.010924 0.011834
0 0.927731 0.626036 0.010084 0.016568
0 0.364706 0.714793 0.010084 0.018935
4 0.226891 0.807692 0.020168 0.017751
3 0.163866 0.891716 0.021849 0.015385
4 0.734454 0.208284 0.013445 0.026036
16 0.046639 0.604734 0.044538 0.037870
0 0.164286 0.591716 0.012605 0.011834
3 0.101261 0.647929 0.012605 0.031953
23 0.741176 0.172189 0.018487 0.024852
2 0.663025 0.712426 0.013445 0.023669
6 0.283193 0.424260 0.010084 0.039053
4 0.710924 0.283432 0.016807 0.020118
2 0.163445 0.793491 0.012605 0.024852
3 0.068487 0.779290 0.024370 0.015385
0 0.546639 0.691124 0.009244 0.018935
0 0.592857 0.285207 0.014286 0.014201
11 0.126471 0.515976 0.019328 0.035503
8 0.674790 0.453846 0.026891 0.031953
23 0.101681 0.918343 0.016807 0.023669
8 0.129832 0.603550 0.027731 0.037870
3 0.416387 0.201183 0.026050 0.016568
0 0.163866 0.433136 0.013445 0.011834
0 0.661765 0.738462 0.012605 0.016568
20 0.416807 0.474556 0.030252 0.037870
0 0.529832 0.061538 0.014286 0.014201
3 0.193277 0.253846 0.025210 0.015385
8 0.132353 0.446154 0.027731 0.037870
4 0.026050 0.809467 0.018487 0.016568
6 0.083193 0.869231 0.011765 0.043787
0 0.312185 0.569231 0.014286 0.014201
3 0.268908 0.781657 0.021849 0.015385
3 0.801261 0.181657 0.026050 0.015385
3 0.769328 0.181657 0.026050 0.015385
0 0.761765 0.198817 0.012605 0.016568
0 0.331933 0.424852 0.010084 0.018935
23 0.605882 0.494083 0.018487 0.024852
23 0.282353 0.920118 0.018487 0.024852
4 0.366387 0.850888 0.018487 0.023669
6 0.749580 0.124260 0.011765 0.044970
0 0.799160 0.123077 0.008403 0.016568
0 0.024370 0.770414 0.013445 0.018935
