1 0.608318 0.464209 0.060832 0.105769
1 0.824022 0.230769 0.174426 0.277778
24 0.339541 0.844017 0.019863 0.044872
1 0.733706 0.618590 0.057107 0.066239
24 0.461515 0.839209 0.020484 0.056624
1 0.919926 0.471154 0.052142 0.059829
24 0.384233 0.659188 0.126629 0.055556
24 0.975791 0.063034 0.023588 0.064103
24 0.534451 0.747863 0.019863 0.083333
24 0.308504 0.260684 0.018622 0.036325
4 0.360335 0.101496 0.014277 0.019231
3 0.574178 0.602564 0.018622 0.014957
24 0.332402 0.468483 0.019243 0.037393
2 0.404407 0.508547 0.015518 0.017094
2 0.657976 0.336004 0.009932 0.024573
2 0.776536 0.472222 0.018622 0.021368
2 0.308194 0.635150 0.009311 0.024573
2 0.713842 0.083868 0.014898 0.013889
3 0.618870 0.335470 0.017381 0.012821
4 0.851335 0.614316 0.013035 0.023504
2 0.457169 0.673077 0.009311 0.023504
2 0.479826 0.192842 0.012415 0.022436
2 0.640286 0.547009 0.018001 0.017094
3 0.331782 0.383547 0.018001 0.014957
2 0.320919 0.279380 0.016139 0.016026
2 0.503414 0.832265 0.009932 0.021368
2 0.313780 0.196581 0.014277 0.021368
2 0.316884 0.504274 0.019243 0.017094
3 0.440720 0.192308 0.019863 0.012821
3 0.443824 0.053419 0.017381 0.014957
2 0.480757 0.731838 0.008070 0.014957
2 0.595593 0.095620 0.008070 0.022436
2 0.934513 0.550748 0.010552 0.022436
26 0.452514 0.266026 0.016139 0.040598
3 0.612663 0.655449 0.021105 0.016026
2 0.906269 0.670406 0.018622 0.020299
2 0.534761 0.480235 0.009311 0.022436
14 0.634699 0.102030 0.031657 0.054487
2 0.981068 0.448718 0.014277 0.017094
4 0.543451 0.443376 0.013035 0.017094
3 0.469584 0.053419 0.016760 0.017094
2 0.782123 0.038462 0.012415 0.010684
3 0.507138 0.743590 0.018622 0.014957
3 0.419926 0.053419 0.016760 0.014957
10 0.595593 0.603632 0.013035 0.034188
4 0.639975 0.519765 0.013656 0.022436
2 0.857232 0.472756 0.016139 0.018162
4 0.692737 0.053953 0.013656 0.013889
2 0.307883 0.673077 0.008690 0.023504
4 0.722843 0.052885 0.014277 0.016026
2 0.489758 0.054487 0.012415 0.023504
2 0.624146 0.645299 0.015518 0.019231
30 0.909373 0.609509 0.033520 0.065171
2 0.432340 0.266560 0.010552 0.022436
11 0.406580 0.543269 0.014898 0.033120
11 0.314711 0.058226 0.024829 0.024573
3 0.507138 0.753205 0.018622 0.014957
3 0.507138 0.764957 0.018622 0.014957
3 0.506518 0.774573 0.018622 0.014957
11 0.313470 0.434295 0.014898 0.033120
8 0.344817 0.412927 0.021726 0.035256
3 0.301366 0.075855 0.016760 0.017094
3 0.338610 0.118056 0.011794 0.035256
3 0.338299 0.161325 0.009932 0.027778
3 0.293917 0.413462 0.013035 0.034188
3 0.429547 0.544872 0.019863 0.019231
14 0.658597 0.201923 0.013656 0.023504
3 0.670701 0.483974 0.019243 0.019231
4 0.851024 0.427350 0.011173 0.019231
4 0.942272 0.636218 0.016139 0.018162
4 0.942272 0.571047 0.017381 0.013889
4 0.741155 0.051816 0.014898 0.013889
4 0.615767 0.067842 0.009932 0.022436
4 0.627250 0.154915 0.010552 0.017094
4 0.644631 0.184295 0.009311 0.026709
4 0.646182 0.225427 0.008690 0.032051
4 0.638423 0.337073 0.010552 0.026709
4 0.348231 0.160791 0.013656 0.018162
4 0.463687 0.192308 0.013656 0.025641
4 0.472067 0.102030 0.011794 0.028846
2 0.373371 0.585470 0.018001 0.023504
2 0.374612 0.853098 0.014277 0.028846
2 0.674736 0.634615 0.011173 0.032051
2 0.879888 0.465278 0.011794 0.030983
2 0.947858 0.168269 0.012415 0.028846
2 0.929236 0.083333 0.012415 0.027778
2 0.687461 0.272970 0.013035 0.024573
2 0.625698 0.203526 0.011173 0.028846
0 0.400993 0.055021 0.006207 0.016026
1 0.316884 0.139423 0.027933 0.050214
