3 0.516807 0.157396 0.011765 0.035503
1 0.541597 0.396450 0.073109 0.087574
2 0.457983 0.173964 0.025210 0.018935
3 0.756723 0.625444 0.012605 0.036686
24 0.571849 0.674556 0.064706 0.054438
3 0.756723 0.554438 0.012605 0.036686
18 0.100840 0.817751 0.021849 0.033136
1 0.918908 0.382840 0.063025 0.062722
18 0.201261 0.817160 0.022689 0.031953
2 0.517227 0.244970 0.024370 0.018935
1 0.230252 0.347929 0.053782 0.049704
1 0.920168 0.513609 0.062185 0.063905
1 0.459244 0.105917 0.083193 0.067456
4 0.819328 0.123077 0.016807 0.040237
2 0.568067 0.492308 0.023529 0.018935
18 0.050420 0.817160 0.021849 0.034320
4 0.777731 0.122485 0.017647 0.039053
2 0.757563 0.686391 0.027731 0.021302
2 0.886975 0.557988 0.024370 0.017751
42 0.722269 0.394083 0.014286 0.040237
7 0.122269 0.088757 0.026050 0.014201
4 0.184874 0.372781 0.016807 0.026036
3 0.790336 0.625444 0.010924 0.036686
42 0.727731 0.591124 0.031933 0.020118
2 0.953782 0.557988 0.023529 0.017751
18 0.151261 0.817160 0.021849 0.031953
4 0.861765 0.123077 0.017647 0.040237
42 0.103782 0.350296 0.029412 0.021302
4 0.651261 0.181657 0.018487 0.039053
4 0.147899 0.182840 0.018487 0.034320
42 0.079412 0.508876 0.031092 0.021302
42 0.079412 0.603550 0.031092 0.021302
4 0.189496 0.184024 0.017647 0.039053
42 0.280672 0.650296 0.030252 0.022485
4 0.735294 0.123669 0.018487 0.039053
2 0.148319 0.242604 0.027731 0.021302
42 0.281513 0.603550 0.031933 0.021302
42 0.075630 0.089941 0.033613 0.021302
4 0.231513 0.182840 0.017647 0.039053
2 0.588235 0.440237 0.023529 0.018935
3 0.601261 0.123077 0.010924 0.033136
42 0.078992 0.461538 0.030252 0.021302
42 0.078992 0.649704 0.030252 0.021302
42 0.280672 0.508284 0.030252 0.022485
42 0.756303 0.395858 0.013445 0.043787
2 0.361345 0.386391 0.025210 0.017751
4 0.601261 0.181657 0.019328 0.036686
2 0.549580 0.244970 0.026891 0.018935
3 0.790756 0.554438 0.011765 0.039053
51 0.913866 0.088757 0.034454 0.018935
42 0.104202 0.395858 0.031933 0.020118
2 0.601681 0.243787 0.026891 0.021302
42 0.515546 0.661538 0.029412 0.018935
42 0.864286 0.510059 0.029412 0.021302
3 0.142857 0.347929 0.028571 0.014201
3 0.147479 0.123077 0.012605 0.037870
42 0.281513 0.461538 0.030252 0.021302
2 0.487395 0.415385 0.025210 0.018935
2 0.588655 0.350888 0.022689 0.020118
3 0.533613 0.478107 0.030252 0.014201
42 0.627311 0.686391 0.029412 0.018935
3 0.336134 0.349112 0.030252 0.014201
2 0.412185 0.664497 0.024370 0.020118
51 0.640756 0.379290 0.032773 0.017751
42 0.848319 0.366864 0.031092 0.018935
2 0.736555 0.183432 0.026050 0.021302
2 0.210504 0.663905 0.022689 0.018935
3 0.723109 0.447337 0.012605 0.035503
42 0.280252 0.360947 0.029412 0.018935
42 0.205882 0.556805 0.031933 0.020118
42 0.819748 0.591124 0.031092 0.022485
2 0.411765 0.521893 0.023529 0.018935
42 0.280672 0.337278 0.030252 0.016568
42 0.864286 0.521893 0.029412 0.018935
42 0.681513 0.101183 0.033613 0.017751
42 0.407563 0.697041 0.030252 0.018935
2 0.210084 0.522485 0.023529 0.017751
3 0.550840 0.157988 0.012605 0.034320
2 0.567647 0.551479 0.026050 0.021302
2 0.886134 0.427811 0.022689 0.017751
2 0.953782 0.427811 0.021849 0.017751
3 0.534454 0.537278 0.028571 0.014201
10 0.751261 0.485207 0.018487 0.040237
49 0.346639 0.649112 0.066387 0.065089
42 0.205882 0.697041 0.031933 0.018935
35 0.386134 0.149704 0.022689 0.031953
29 0.517227 0.206509 0.039496 0.036686
42 0.407983 0.555621 0.031092 0.020118
10 0.751681 0.484615 0.017647 0.041420
49 0.144958 0.649704 0.064706 0.066272
49 0.141597 0.506509 0.064706 0.066272
6 0.534034 0.098817 0.039496 0.020118
35 0.346218 0.148521 0.026891 0.029586
35 0.319328 0.144970 0.026891 0.029586
35 0.278992 0.152071 0.026891 0.029586
35 0.547059 0.212426 0.026891 0.029586
49 0.343277 0.507692 0.071429 0.073373
