1 0.619748 0.431953 0.073109 0.144379
1 0.367647 0.449112 0.076471 0.188166
2 0.278992 0.476923 0.016807 0.026036
2 0.159664 0.511243 0.025210 0.026036
3 0.310084 0.479290 0.025210 0.016568
4 0.168487 0.142012 0.017647 0.018935
2 0.365966 0.333728 0.024370 0.023669
2 0.667227 0.324260 0.013445 0.030769
2 0.445798 0.553846 0.024370 0.021302
2 0.168067 0.181657 0.023529 0.020118
2 0.613445 0.320710 0.016807 0.018935
2 0.618908 0.530178 0.017647 0.018935
4 0.209664 0.140237 0.017647 0.015385
2 0.284454 0.411834 0.019328 0.021302
3 0.310084 0.488166 0.025210 0.017751
4 0.413025 0.512426 0.015966 0.023669
3 0.303361 0.395858 0.025210 0.017751
4 0.189496 0.139645 0.014286 0.014201
29 0.186134 0.479290 0.044538 0.035503
6 0.273529 0.510059 0.034454 0.014201
5 0.492857 0.515385 0.014286 0.024852
0 0.647899 0.504142 0.011765 0.011834
4 0.429412 0.514201 0.015126 0.020118
0 0.314706 0.226036 0.014286 0.016568
0 0.164286 0.109467 0.015966 0.015385
2 0.348319 0.289349 0.024370 0.020118
4 0.307983 0.513609 0.019328 0.023669
0 0.626471 0.284615 0.012605 0.013018
3 0.298739 0.236095 0.022689 0.015385
3 0.298739 0.249112 0.024370 0.010651
3 0.298739 0.259763 0.022689 0.013018
3 0.297899 0.271598 0.024370 0.015385
35 0.335294 0.251479 0.021849 0.034320
35 0.335714 0.266272 0.021008 0.028402
35 0.336134 0.277515 0.021849 0.031953
4 0.445378 0.514201 0.015126 0.020118
4 0.466387 0.515385 0.015126 0.020118
4 0.641176 0.295266 0.013445 0.031953
