1 0.585714 0.215976 0.082353 0.069822
1 0.111765 0.242012 0.068908 0.081657
3 0.352941 0.229586 0.013445 0.035503
1 0.458824 0.689941 0.067227 0.073373
2 0.503782 0.807101 0.024370 0.023669
3 0.173109 0.774556 0.013445 0.034320
24 0.839496 0.539053 0.026891 0.041420
2 0.780252 0.602367 0.017647 0.028402
2 0.647479 0.405325 0.024370 0.020118
24 0.429412 0.566864 0.040336 0.040237
1 0.732353 0.596450 0.052941 0.063905
2 0.690336 0.578107 0.015966 0.027219
3 0.202521 0.231361 0.030252 0.017751
2 0.134454 0.825444 0.025210 0.022485
2 0.823950 0.794675 0.026050 0.024852
3 0.630252 0.276331 0.011765 0.039053
2 0.381933 0.328994 0.026050 0.023669
4 0.478571 0.762130 0.021008 0.021302
4 0.659244 0.175740 0.017647 0.020118
4 0.718487 0.176331 0.016807 0.016568
4 0.352941 0.282249 0.020168 0.017751
2 0.226891 0.180473 0.021849 0.022485
4 0.382353 0.715385 0.020168 0.020118
3 0.525210 0.224260 0.025210 0.015385
2 0.066387 0.262722 0.021849 0.021302
4 0.747479 0.177515 0.017647 0.023669
4 0.382773 0.259172 0.021008 0.016568
51 0.211345 0.621893 0.032773 0.022485
2 0.739916 0.375740 0.024370 0.024852
4 0.714286 0.310651 0.020168 0.020118
3 0.463866 0.212426 0.025210 0.013018
4 0.689916 0.175148 0.016807 0.016568
3 0.092857 0.773373 0.012605 0.034320
15 0.139496 0.623077 0.031933 0.041420
3 0.714706 0.252071 0.012605 0.035503
2 0.584034 0.139053 0.023529 0.022485
4 0.760924 0.282249 0.019328 0.022485
0 0.333193 0.678698 0.009244 0.022485
2 0.814706 0.559172 0.019328 0.020118
35 0.449580 0.289349 0.021849 0.024852
0 0.808403 0.223669 0.010084 0.021302
0 0.327731 0.186982 0.016807 0.014201
0 0.694538 0.614201 0.009244 0.018935
3 0.357983 0.679290 0.026891 0.014201
35 0.479412 0.290533 0.022689 0.024852
6 0.690756 0.222485 0.036975 0.014201
35 0.513445 0.289349 0.025210 0.024852
0 0.814286 0.521302 0.013445 0.010651
35 0.419748 0.291124 0.024370 0.026036
10 0.096639 0.701775 0.021849 0.040237
3 0.203361 0.254438 0.026891 0.018935
0 0.092017 0.608284 0.014286 0.014201
10 0.175630 0.702959 0.021849 0.040237
29 0.638235 0.342012 0.026050 0.068639
0 0.385294 0.564497 0.012605 0.018935
74 0.837395 0.621302 0.024370 0.026036
74 0.837395 0.659172 0.022689 0.023669
74 0.839076 0.700592 0.022689 0.023669
74 0.838235 0.745562 0.022689 0.023669
