1 0.568487 0.426627 0.073109 0.095858
1 0.610504 0.213018 0.074790 0.087574
3 0.390756 0.162722 0.013445 0.036686
1 0.265966 0.260355 0.081513 0.073373
1 0.600840 0.625444 0.062185 0.060355
2 0.462605 0.475740 0.026050 0.023669
3 0.659664 0.383432 0.013445 0.035503
2 0.529412 0.168639 0.021849 0.022485
2 0.131092 0.179882 0.023529 0.023669
2 0.160504 0.421893 0.028571 0.027219
3 0.660084 0.446746 0.012605 0.036686
24 0.373109 0.484615 0.026891 0.043787
2 0.660504 0.488757 0.025210 0.023669
2 0.118487 0.587574 0.026891 0.024852
2 0.677311 0.635503 0.023529 0.023669
75 0.277731 0.585799 0.031092 0.033136
75 0.145378 0.491124 0.030252 0.030769
3 0.159664 0.307692 0.013445 0.035503
2 0.315546 0.505917 0.024370 0.022485
2 0.505042 0.534911 0.026891 0.023669
4 0.462185 0.425444 0.018487 0.029586
2 0.323109 0.191716 0.022689 0.026036
4 0.160084 0.366864 0.019328 0.030769
3 0.130672 0.230178 0.012605 0.036686
2 0.227311 0.605917 0.022689 0.021302
4 0.504622 0.483432 0.021008 0.034320
2 0.613866 0.109467 0.024370 0.022485
2 0.685294 0.169231 0.021008 0.023669
2 0.199160 0.271598 0.016807 0.020118
0 0.680672 0.227811 0.013445 0.013018
4 0.118067 0.529586 0.019328 0.031953
0 0.390756 0.115385 0.013445 0.013018
6 0.487395 0.391124 0.035294 0.017751
0 0.528992 0.208876 0.019328 0.020118
0 0.110504 0.266864 0.021008 0.013018
35 0.369328 0.226627 0.024370 0.036686
35 0.407983 0.236095 0.024370 0.036686
