1 0.644538 0.391716 0.095798 0.217751
1 0.163445 0.417751 0.094958 0.165680
4 0.533193 0.494083 0.014286 0.022485
2 0.768067 0.330769 0.011765 0.024852
1 0.311345 0.191716 0.044538 0.068639
4 0.760084 0.529586 0.017647 0.024852
2 0.834874 0.350296 0.012605 0.030769
2 0.831933 0.273373 0.023529 0.018935
1 0.132773 0.206509 0.057143 0.062722
4 0.831933 0.227811 0.016807 0.029586
2 0.152101 0.527811 0.025210 0.021302
2 0.771008 0.372781 0.014286 0.030769
2 0.770588 0.300592 0.011765 0.026036
1 0.310924 0.386982 0.045378 0.066272
2 0.362185 0.268047 0.025210 0.020118
4 0.083613 0.477515 0.017647 0.027219
2 0.505042 0.539053 0.025210 0.020118
2 0.223529 0.278698 0.026891 0.020118
4 0.360924 0.224260 0.017647 0.024852
2 0.249160 0.521893 0.024370 0.018935
3 0.760504 0.482249 0.011765 0.034320
4 0.247479 0.476923 0.017647 0.030769
2 0.697899 0.273964 0.022689 0.020118
2 0.560084 0.447929 0.014286 0.027219
4 0.222269 0.223669 0.017647 0.026036
2 0.798739 0.273373 0.022689 0.018935
2 0.084874 0.521893 0.025210 0.018935
2 0.576050 0.556805 0.024370 0.017751
4 0.360924 0.419527 0.017647 0.029586
2 0.222269 0.361538 0.010924 0.027219
3 0.399580 0.383432 0.031092 0.016568
3 0.399160 0.188757 0.030252 0.015385
2 0.089496 0.188757 0.012605 0.029586
2 0.361765 0.462130 0.024370 0.020118
23 0.504622 0.492899 0.015966 0.027219
23 0.797899 0.226036 0.015966 0.033136
2 0.106723 0.359172 0.011765 0.027219
0 0.445378 0.169822 0.015126 0.013018
0 0.083613 0.350888 0.010924 0.013018
2 0.761765 0.569822 0.026050 0.020118
2 0.089496 0.226036 0.012605 0.028402
4 0.726891 0.369231 0.011765 0.026036
35 0.573950 0.515385 0.021849 0.034320
0 0.222689 0.175148 0.013445 0.011834
2 0.711765 0.472781 0.013445 0.029586
0 0.248319 0.352071 0.012605 0.013018
0 0.503782 0.452071 0.014286 0.011834
4 0.729832 0.401775 0.012605 0.024852
42 0.361765 0.153254 0.014286 0.039053
0 0.705042 0.361538 0.011765 0.015385
42 0.361765 0.348521 0.014286 0.039053
4 0.801681 0.346746 0.011765 0.026036
6 0.785714 0.421893 0.040336 0.022485
6 0.785714 0.445562 0.035294 0.020118
4 0.740756 0.300592 0.012605 0.026036
4 0.735294 0.328994 0.013445 0.028402
