3 0.255882 0.094083 0.012605 0.034320
1 0.289076 0.170414 0.057143 0.063905
2 0.731513 0.740828 0.024370 0.018935
4 0.966387 0.211243 0.018487 0.020118
1 0.710084 0.497041 0.117647 0.395266
1 0.526471 0.172189 0.056303 0.062722
1 0.289496 0.271598 0.057983 0.065089
4 0.777311 0.157396 0.015126 0.018935
23 0.747899 0.156805 0.015126 0.027219
4 0.461765 0.319527 0.019328 0.023669
1 0.525630 0.271598 0.054622 0.067456
4 0.055462 0.330769 0.018487 0.017751
3 0.092017 0.306509 0.012605 0.035503
1 0.882353 0.155621 0.097479 0.166864
23 0.159664 0.152663 0.015126 0.030769
4 0.613445 0.585207 0.016807 0.034320
2 0.966387 0.245562 0.021849 0.017751
24 0.056303 0.117160 0.035294 0.044970
3 0.562605 0.313018 0.026050 0.013018
4 0.357143 0.318343 0.016807 0.023669
2 0.055042 0.362722 0.022689 0.017751
2 0.941176 0.101183 0.011765 0.024852
3 0.247899 0.320118 0.028571 0.015385
42 0.802941 0.495858 0.031092 0.016568
42 0.230252 0.188757 0.028571 0.017751
2 0.802941 0.262130 0.024370 0.017751
2 0.777731 0.202367 0.022689 0.018935
4 0.575210 0.585207 0.017647 0.031953
4 0.189496 0.152071 0.015966 0.024852
2 0.912605 0.469231 0.023529 0.020118
2 0.093277 0.209467 0.021849 0.018935
2 0.357563 0.356805 0.024370 0.020118
2 0.526050 0.344379 0.025210 0.018935
3 0.234874 0.123669 0.027731 0.015385
2 0.869748 0.268047 0.025210 0.020118
2 0.289916 0.344379 0.025210 0.018935
42 0.802521 0.438462 0.031933 0.015385
2 0.462605 0.356805 0.024370 0.020118
42 0.802521 0.424852 0.031933 0.016568
2 0.748319 0.202959 0.021008 0.017751
42 0.171429 0.065680 0.030252 0.017751
42 0.802941 0.508876 0.029412 0.014201
42 0.607143 0.313609 0.034454 0.018935
23 0.126891 0.149112 0.015126 0.028402
3 0.680672 0.181657 0.011765 0.039053
0 0.966387 0.085207 0.010084 0.011834
4 0.461765 0.164497 0.017647 0.026036
3 0.911345 0.385207 0.012605 0.036686
4 0.705462 0.247337 0.015966 0.026036
3 0.705882 0.123669 0.026891 0.015385
42 0.205042 0.320118 0.030252 0.017751
6 0.412605 0.204734 0.036975 0.014201
4 0.802101 0.217160 0.019328 0.024852
4 0.235714 0.065680 0.010924 0.022485
2 0.092857 0.393491 0.024370 0.017751
42 0.617227 0.401775 0.031092 0.015385
42 0.606303 0.218935 0.031092 0.018935
3 0.357563 0.270414 0.010924 0.036686
42 0.617647 0.365680 0.030252 0.016568
42 0.204202 0.220118 0.030252 0.016568
42 0.617227 0.434911 0.032773 0.017751
0 0.092857 0.273964 0.014286 0.013018
3 0.461345 0.268639 0.011765 0.035503
0 0.911765 0.351479 0.013445 0.011834
35 0.089496 0.357988 0.026050 0.031953
42 0.618067 0.390533 0.031092 0.016568
0 0.055042 0.302367 0.012605 0.010651
6 0.411345 0.226627 0.036134 0.020118
42 0.616807 0.343195 0.031933 0.018935
42 0.617227 0.451479 0.032773 0.017751
42 0.802521 0.520118 0.031933 0.015385
3 0.567227 0.218935 0.026891 0.016568
0 0.105042 0.097633 0.015126 0.013018
42 0.618487 0.460947 0.031933 0.017751
42 0.433193 0.124852 0.034454 0.017751
42 0.387815 0.125444 0.032773 0.018935
42 0.618487 0.426036 0.031933 0.016568
42 0.617227 0.353254 0.031092 0.017751
42 0.646218 0.107692 0.033613 0.016568
42 0.436975 0.268047 0.016807 0.043787
42 0.617227 0.416568 0.032773 0.016568
35 0.908824 0.433728 0.022689 0.036686
42 0.617227 0.381065 0.031092 0.016568
42 0.386975 0.267456 0.014286 0.042604
0 0.802521 0.090533 0.013445 0.010651
2 0.825630 0.099408 0.012605 0.028402
42 0.803361 0.533136 0.031933 0.015385
42 0.281933 0.066272 0.032773 0.018935
16 0.046218 0.173964 0.040336 0.040237
4 0.357563 0.168047 0.017647 0.026036
3 0.247479 0.219527 0.027731 0.015385
41 0.201261 0.063905 0.012605 0.014201
0 0.798739 0.342012 0.015966 0.028402
