1 0.243370 0.607446 0.071856 0.107143
1 0.639649 0.564467 0.023524 0.028450
1 0.153550 0.105630 0.065868 0.085351
1 0.682635 0.316283 0.029085 0.027240
1 0.726048 0.226392 0.032079 0.032688
1 0.704876 0.455206 0.026518 0.027845
1 0.514970 0.152845 0.029085 0.024818
1 0.727331 0.270278 0.031223 0.035714
1 0.320145 0.142252 0.032934 0.083535
23 0.483319 0.240315 0.011121 0.014528
14 0.158255 0.416465 0.019675 0.027845
2 0.171514 0.384685 0.011121 0.011501
1 0.474979 0.061441 0.031223 0.036925
1 0.611848 0.059927 0.038067 0.037530
2 0.243798 0.541162 0.010265 0.008475
2 0.573353 0.264528 0.012404 0.012107
3 0.091745 0.086864 0.010693 0.009080
4 0.746151 0.473366 0.009837 0.010896
3 0.111634 0.154964 0.011976 0.008475
2 0.072712 0.434625 0.011121 0.012107
3 0.321215 0.545097 0.012831 0.010291
4 0.658469 0.070823 0.008982 0.015738
4 0.269461 0.115617 0.006843 0.020581
4 0.503208 0.242131 0.009837 0.014528
3 0.703593 0.421610 0.013687 0.010291
4 0.653550 0.594734 0.009410 0.012712
3 0.842814 0.595036 0.008982 0.020581
4 0.198674 0.098971 0.013259 0.011501
1 0.573139 0.238196 0.038494 0.036925
2 0.213858 0.171913 0.011976 0.010896
23 0.697391 0.069613 0.009837 0.012107
3 0.302823 0.545400 0.011976 0.009685
4 0.631523 0.598366 0.012404 0.013923
4 0.194825 0.532082 0.009837 0.015738
27 0.038067 0.403450 0.017964 0.013923
4 0.603080 0.207324 0.011121 0.016344
3 0.806031 0.596852 0.008127 0.016949
2 0.069290 0.194915 0.013687 0.010896
4 0.560094 0.158596 0.009837 0.013317
3 0.686484 0.256961 0.013687 0.011501
2 0.282506 0.682809 0.011548 0.010896
4 0.671300 0.594431 0.008127 0.015738
2 0.579769 0.122881 0.011548 0.009685
23 0.661035 0.245460 0.011548 0.011501
0 0.483105 0.223063 0.008127 0.007869
3 0.092814 0.134988 0.011121 0.009685
4 0.581694 0.064165 0.007699 0.014528
6 0.559239 0.051150 0.017536 0.011501
4 0.072926 0.415557 0.010693 0.012712
0 0.084474 0.525424 0.009837 0.010896
3 0.533790 0.418886 0.011976 0.008475
2 0.371471 0.415557 0.008127 0.015133
3 0.092387 0.121368 0.011121 0.010291
3 0.092387 0.110472 0.011121 0.009080
3 0.111634 0.115920 0.011976 0.009080
3 0.111206 0.128632 0.011121 0.010291
3 0.119974 0.170097 0.007271 0.015738
3 0.222412 0.140738 0.011121 0.007869
3 0.230539 0.152845 0.006843 0.015133
3 0.293199 0.133777 0.012404 0.008475
3 0.340462 0.164649 0.006843 0.015738
3 0.111634 0.091707 0.011121 0.007869
7 0.194183 0.046610 0.010265 0.009685
4 0.201454 0.046913 0.004277 0.012712
4 0.201027 0.068099 0.004277 0.011501
4 0.213858 0.104419 0.006843 0.012712
4 0.192686 0.134383 0.006416 0.012107
4 0.214072 0.152542 0.010693 0.007264
6 0.226903 0.127119 0.019247 0.007264
2 0.227759 0.098668 0.005560 0.015738
2 0.152053 0.053874 0.011548 0.008475
42 0.115483 0.073850 0.011121 0.007264
42 0.115483 0.080206 0.011121 0.009080
42 0.115483 0.098366 0.010265 0.007869
42 0.115269 0.104116 0.010693 0.007264
42 0.098161 0.155872 0.010693 0.011501
42 0.269461 0.164952 0.006843 0.017554
42 0.076561 0.403148 0.010265 0.009685
42 0.181565 0.410109 0.010693 0.007869
42 0.134517 0.421610 0.011548 0.010291
42 0.288494 0.388015 0.010693 0.008475
42 0.288708 0.394673 0.011121 0.008475
42 0.288922 0.412833 0.010693 0.009685
42 0.288281 0.419492 0.011976 0.008475
42 0.389008 0.422821 0.006416 0.016344
42 0.393713 0.422821 0.006416 0.015133
42 0.200813 0.566586 0.010693 0.008475
42 0.200385 0.572942 0.009837 0.007869
42 0.200171 0.578995 0.011121 0.007869
42 0.200813 0.591102 0.010693 0.007869
42 0.200599 0.597760 0.012831 0.007869
42 0.200813 0.603511 0.012404 0.007264
42 0.200813 0.609262 0.011548 0.007869
42 0.200599 0.615920 0.011976 0.009080
42 0.200599 0.621973 0.011121 0.009080
42 0.200813 0.628027 0.010693 0.009080
42 0.201668 0.633777 0.011548 0.008475
42 0.201454 0.640436 0.011976 0.008475
42 0.200171 0.646186 0.011976 0.007869
42 0.286356 0.572639 0.010693 0.008475
42 0.286784 0.579903 0.010693 0.008475
42 0.286356 0.592010 0.010693 0.008475
42 0.286142 0.608959 0.010265 0.008475
42 0.286784 0.616525 0.010693 0.007869
42 0.286142 0.633475 0.011976 0.007869
42 0.286570 0.640436 0.011121 0.008475
42 0.341959 0.645884 0.011548 0.008475
42 0.470488 0.411017 0.005988 0.016949
42 0.487596 0.388923 0.006843 0.015133
42 0.547263 0.388620 0.007271 0.016949
42 0.519675 0.412530 0.007699 0.016344
42 0.471985 0.514831 0.008127 0.015133
42 0.514970 0.516041 0.007699 0.015133
42 0.553251 0.515436 0.007271 0.015133
42 0.570573 0.491828 0.006843 0.016344
42 0.532506 0.491223 0.006843 0.016344
42 0.474979 0.637107 0.011548 0.007869
42 0.545338 0.631659 0.006843 0.015133
42 0.479256 0.712470 0.011548 0.008475
42 0.806672 0.641041 0.007699 0.015738
42 0.842814 0.636501 0.007271 0.016344
42 0.806459 0.578995 0.006416 0.017554
42 0.751283 0.461562 0.010693 0.009080
42 0.729683 0.321731 0.010265 0.007869
42 0.613772 0.286320 0.008554 0.016949
42 0.705731 0.270278 0.011121 0.010291
42 0.705731 0.225787 0.011121 0.009685
42 0.637083 0.064165 0.009837 0.008475
42 0.637511 0.070823 0.011548 0.007264
3 0.060094 0.403753 0.010693 0.009685
4 0.171086 0.400726 0.011121 0.008475
4 0.145851 0.431901 0.010265 0.007869
4 0.097947 0.573245 0.010265 0.007264
4 0.136441 0.573547 0.008554 0.006659
4 0.146279 0.572942 0.009410 0.009080
4 0.203165 0.532688 0.008554 0.009685
4 0.282293 0.664649 0.010265 0.008475
3 0.328914 0.644370 0.011976 0.013923
3 0.320359 0.659201 0.008554 0.015738
2 0.117622 0.553874 0.010265 0.008475
2 0.199102 0.511199 0.009837 0.010291
2 0.282506 0.538136 0.010693 0.009685
2 0.205304 0.680085 0.009410 0.010291
2 0.312233 0.382869 0.011121 0.009080
2 0.145637 0.445521 0.012404 0.009685
6 0.112703 0.583232 0.015825 0.007869
0 0.312233 0.421308 0.005988 0.004843
0 0.375962 0.430993 0.004277 0.010896
0 0.286356 0.651029 0.005560 0.010291
24 0.387511 0.403753 0.023097 0.014528
24 0.276305 0.404358 0.011121 0.047215
0 0.333191 0.546308 0.005133 0.010291
3 0.479256 0.418584 0.012404 0.010291
3 0.487382 0.407082 0.008982 0.017554
3 0.548118 0.407385 0.009837 0.018160
3 0.547476 0.430690 0.007699 0.016344
3 0.490163 0.509383 0.007699 0.015133
3 0.489949 0.533596 0.007271 0.016344
3 0.532506 0.534806 0.008554 0.017554
3 0.531651 0.509383 0.007699 0.016344
3 0.570359 0.509080 0.007271 0.016949
3 0.570787 0.533596 0.008127 0.016344
3 0.663174 0.736985 0.007271 0.017554
3 0.675791 0.706416 0.011976 0.009685
3 0.738024 0.461562 0.012404 0.010291
3 0.487382 0.430993 0.008982 0.014528
4 0.471343 0.431901 0.011121 0.010291
4 0.520103 0.430387 0.009410 0.008475
4 0.473268 0.533293 0.010693 0.009685
4 0.515612 0.533898 0.011548 0.008475
4 0.553251 0.533596 0.009837 0.010291
4 0.630881 0.618644 0.007699 0.014528
4 0.630881 0.637107 0.007699 0.015133
4 0.689264 0.473971 0.008982 0.009685
16 0.461719 0.711562 0.017536 0.018765
21 0.532934 0.623789 0.017109 0.018765
3 0.554106 0.623789 0.011548 0.012712
75 0.718777 0.411320 0.008127 0.017554
75 0.739949 0.411622 0.007699 0.020581
75 0.637725 0.694613 0.008554 0.017554
75 0.654833 0.695521 0.008554 0.018160
75 0.630240 0.725484 0.014970 0.011501
5 0.704021 0.583232 0.008554 0.012712
5 0.720488 0.582022 0.009837 0.012712
3 0.480539 0.521186 0.010693 0.008475
3 0.523952 0.522397 0.010265 0.010896
3 0.562660 0.521792 0.011548 0.009685
2 0.488024 0.451574 0.012831 0.013317
2 0.548118 0.450363 0.010693 0.008475
2 0.489735 0.552663 0.011976 0.009685
2 0.532506 0.554479 0.011976 0.009685
2 0.571642 0.553571 0.010693 0.009080
2 0.567365 0.623789 0.008127 0.013923
2 0.466424 0.644370 0.011548 0.009080
2 0.474551 0.732143 0.011548 0.009080
2 0.646493 0.659504 0.010693 0.010291
2 0.677074 0.724274 0.005988 0.016344
2 0.677074 0.749395 0.005988 0.018160
2 0.842814 0.574758 0.013259 0.010291
2 0.724765 0.446731 0.009837 0.009685
2 0.683490 0.420400 0.005988 0.016344
0 0.516253 0.624092 0.005988 0.012107
0 0.631950 0.712772 0.008982 0.005448
0 0.688837 0.705811 0.004705 0.008475
0 0.685201 0.459746 0.003422 0.009080
0 0.493584 0.496671 0.004277 0.009080
0 0.457870 0.636199 0.003849 0.009685
23 0.695252 0.592918 0.012404 0.013923
35 0.804106 0.618644 0.013687 0.018160
35 0.839820 0.616223 0.014970 0.018160
0 0.643926 0.636804 0.003849 0.014528
0 0.733319 0.581416 0.004705 0.009080
24 0.466424 0.623789 0.020958 0.017554
42 0.521814 0.045702 0.006843 0.017554
42 0.496792 0.058414 0.012404 0.007869
42 0.496364 0.064770 0.011548 0.007264
42 0.467921 0.146186 0.010265 0.010291
42 0.547263 0.240315 0.010693 0.009685
42 0.547904 0.246973 0.011121 0.008475
23 0.541488 0.085351 0.010265 0.013317
23 0.714927 0.070218 0.010693 0.012107
6 0.628101 0.232748 0.017536 0.011501
4 0.522455 0.086259 0.010693 0.011501
4 0.675791 0.071126 0.011121 0.009080
4 0.568862 0.101392 0.011121 0.010291
4 0.472840 0.159504 0.010693 0.009080
4 0.661035 0.333838 0.010693 0.009080
4 0.725192 0.333535 0.010693 0.008475
3 0.513045 0.115920 0.011548 0.011501
3 0.481180 0.145884 0.011976 0.010896
3 0.569076 0.076271 0.007271 0.016949
3 0.590034 0.083232 0.007271 0.017554
3 0.624251 0.034201 0.011548 0.011501
3 0.637083 0.246368 0.007271 0.016949
3 0.620402 0.206416 0.011548 0.010896
4 0.637725 0.207022 0.006843 0.013317
2 0.611420 0.027240 0.011548 0.009685
2 0.579127 0.168886 0.005988 0.016949
2 0.650770 0.206719 0.006416 0.017554
2 0.655689 0.345944 0.007699 0.013923
0 0.576989 0.146186 0.004277 0.012712
0 0.651198 0.322337 0.005560 0.010291
0 0.714713 0.052361 0.009410 0.006659
3 0.716210 0.322034 0.014115 0.012107
