1 0.151411 0.291162 0.076989 0.098063
4 0.333618 0.246368 0.017109 0.035109
4 0.706587 0.223971 0.015398 0.024213
1 0.530368 0.293584 0.076989 0.073850
4 0.676219 0.224576 0.014542 0.025424
4 0.368691 0.246368 0.015398 0.032688
4 0.534217 0.671913 0.019675 0.021792
4 0.367836 0.381961 0.017109 0.035109
4 0.645851 0.225182 0.017109 0.024213
2 0.736099 0.315375 0.024808 0.020581
2 0.356715 0.683414 0.015398 0.030266
1 0.414029 0.690073 0.054748 0.041162
2 0.263901 0.290557 0.016253 0.026634
4 0.333618 0.381356 0.017109 0.033898
4 0.402908 0.247579 0.015398 0.032688
2 0.427716 0.539952 0.023952 0.021792
4 0.671942 0.380751 0.016253 0.035109
4 0.735672 0.223971 0.015398 0.026634
4 0.636869 0.381961 0.017964 0.032688
6 0.608212 0.283898 0.037639 0.013317
2 0.530368 0.211259 0.022241 0.018160
29 0.538922 0.423729 0.035928 0.024213
3 0.572712 0.358354 0.012831 0.038741
6 0.427716 0.334746 0.013687 0.047215
3 0.636869 0.319613 0.012831 0.038741
6 0.504277 0.698547 0.036784 0.014528
3 0.428144 0.335351 0.012831 0.048426
22 0.299829 0.239104 0.014542 0.032688
3 0.222840 0.284504 0.036784 0.014528
3 0.222412 0.297215 0.034217 0.013317
35 0.414885 0.441889 0.023952 0.031477
35 0.432421 0.440678 0.023097 0.029056
