18 0.743451 0.867232 0.019874 0.054614
1 0.094399 0.223164 0.078591 0.141243
18 0.800361 0.866290 0.021680 0.056497
3 0.452123 0.284369 0.013550 0.056497
1 0.363144 0.374765 0.075881 0.105461
18 0.856369 0.868173 0.021680 0.056497
2 0.140470 0.065913 0.026197 0.030132
2 0.140018 0.366290 0.027100 0.032015
2 0.315718 0.489642 0.026197 0.030132
2 0.361789 0.273070 0.024390 0.030132
4 0.411924 0.430320 0.018067 0.032015
3 0.483288 0.293785 0.012647 0.056497
2 0.034779 0.223164 0.015357 0.047081
2 0.593948 0.401130 0.015357 0.045198
2 0.394309 0.584746 0.024390 0.035782
2 0.412376 0.489642 0.026197 0.030132
4 0.177507 0.249529 0.018970 0.028249
2 0.177055 0.321092 0.025294 0.028249
3 0.529810 0.364407 0.031617 0.028249
4 0.316170 0.427495 0.018067 0.030132
3 0.429991 0.380414 0.027100 0.026365
18 0.686992 0.867232 0.022584 0.050847
21 0.529810 0.318267 0.038844 0.048964
4 0.292683 0.344633 0.018067 0.033898
2 0.468383 0.383239 0.013550 0.039548
0 0.176152 0.188324 0.021680 0.022599
0 0.356369 0.579096 0.020777 0.032015
75 0.393406 0.671375 0.020777 0.054614
75 0.355465 0.677024 0.020777 0.054614
75 0.487353 0.677024 0.020777 0.054614
75 0.452123 0.675141 0.020777 0.054614
22 0.272809 0.401130 0.019874 0.041431
6 0.222674 0.306026 0.011743 0.080979
35 0.428184 0.333333 0.019874 0.052731
3 0.150407 0.166667 0.015357 0.054614
3 0.151310 0.279661 0.011743 0.054614
2 0.253839 0.358757 0.016260 0.050847
