1 0.349160 0.141176 0.073109 0.063529
1 0.670168 0.116471 0.068067 0.075294
3 0.596639 0.281765 0.013445 0.034118
2 0.486975 0.156471 0.022689 0.018824
2 0.307143 0.072353 0.021008 0.017647
2 0.729412 0.269412 0.011765 0.023529
2 0.730252 0.352941 0.011765 0.025882
1 0.394538 0.299412 0.066387 0.055294
1 0.487395 0.109412 0.038655 0.037647
2 0.777731 0.702941 0.026050 0.017647
2 0.946218 0.155294 0.023529 0.018824
2 0.757143 0.178824 0.021849 0.018824
3 0.634034 0.451765 0.012605 0.032941
3 0.684454 0.052941 0.027731 0.016471
3 0.756723 0.094706 0.012605 0.031765
24 0.247479 0.163529 0.026050 0.065882
24 0.247059 0.305882 0.026891 0.063529
4 0.306723 0.104706 0.016807 0.014118
3 0.081513 0.471765 0.028571 0.016471
2 0.894538 0.356471 0.024370 0.018824
3 0.823109 0.105294 0.012605 0.031765
2 0.210084 0.339412 0.023529 0.017647
2 0.391597 0.072941 0.021849 0.018824
24 0.107563 0.259412 0.048739 0.391765
2 0.607983 0.364118 0.010924 0.027059
24 0.295378 0.441176 0.026050 0.063529
24 0.247059 0.234706 0.025210 0.062353
4 0.946218 0.124118 0.018487 0.020000
24 0.247059 0.094118 0.025210 0.063529
4 0.635714 0.194118 0.015966 0.014118
2 0.394538 0.461765 0.022689 0.020000
2 0.069328 0.311765 0.014286 0.028235
3 0.605462 0.452941 0.010924 0.030588
4 0.315546 0.316471 0.019328 0.016471
2 0.885714 0.164118 0.011765 0.027059
2 0.942017 0.637647 0.023529 0.018824
24 0.711765 0.313529 0.026891 0.064706
4 0.730672 0.164706 0.017647 0.023529
24 0.939916 0.276471 0.027731 0.040000
4 0.491597 0.316471 0.018487 0.018824
2 0.395378 0.362353 0.024370 0.016471
2 0.923529 0.297647 0.020168 0.016471
24 0.868908 0.128235 0.025210 0.051765
2 0.142857 0.311176 0.011765 0.024706
3 0.860504 0.317059 0.025210 0.015294
3 0.663866 0.452353 0.011765 0.031765
0 0.941597 0.577059 0.014286 0.010588
0 0.596639 0.249412 0.011765 0.011765
3 0.617227 0.211765 0.022689 0.016471
2 0.625630 0.078824 0.019328 0.016471
2 0.885294 0.092353 0.012605 0.024706
0 0.634874 0.418824 0.012605 0.011765
1 0.775630 0.609412 0.243697 0.148235
3 0.616807 0.176471 0.025210 0.018824
4 0.942017 0.604706 0.018487 0.021176
0 0.823950 0.072941 0.014286 0.011765
3 0.487395 0.423529 0.026891 0.014118
2 0.708403 0.164706 0.011765 0.025882
4 0.406723 0.252941 0.011765 0.023529
0 0.692017 0.284118 0.010924 0.010588
4 0.462605 0.123529 0.014286 0.016471
29 0.577731 0.338235 0.024370 0.048235
0 0.605462 0.417647 0.010924 0.011765
0 0.663866 0.418824 0.011765 0.011765
3 0.457983 0.305882 0.026891 0.014118
3 0.575210 0.452941 0.014286 0.025882
0 0.315126 0.279412 0.013445 0.010588
4 0.391176 0.105294 0.015966 0.012941
65 0.432773 0.435294 0.055462 0.047059
6 0.457563 0.287647 0.027731 0.012941
8 0.894538 0.317647 0.026050 0.030588
43 0.039916 0.416471 0.017647 0.025882
0 0.218908 0.067647 0.010924 0.012941
0 0.508403 0.545294 0.011765 0.012941
0 0.575630 0.418235 0.013445 0.012941
43 0.041597 0.431176 0.019328 0.024706
0 0.491597 0.278235 0.013445 0.010588
0 0.459664 0.093529 0.010084 0.010588
8 0.895378 0.272941 0.024370 0.035294
0 0.861765 0.260588 0.014286 0.012941
0 0.513866 0.092941 0.010924 0.009412
2 0.729412 0.272353 0.010084 0.022353
4 0.513025 0.123529 0.017647 0.011765
43 0.164286 0.384118 0.019328 0.024706
43 0.164286 0.398235 0.019328 0.024706
43 0.163445 0.407647 0.019328 0.024706
43 0.164286 0.420588 0.019328 0.024706
43 0.164286 0.432353 0.019328 0.024706
3 0.458824 0.330588 0.026891 0.014118
4 0.600420 0.192941 0.019328 0.014118
0 0.138235 0.088235 0.009244 0.021176
0 0.071849 0.087059 0.009244 0.016471
0 0.588655 0.058824 0.015966 0.011765
0 0.660084 0.052353 0.009244 0.020000
0 0.710504 0.052353 0.009244 0.022353
0 0.755882 0.059412 0.017647 0.010588
22 0.757983 0.139412 0.020168 0.027059
0 0.512605 0.424706 0.008403 0.025882
0 0.945798 0.096471 0.014286 0.011765
0 0.529412 0.544118 0.013445 0.012941
0 0.549580 0.544118 0.013445 0.012941
0 0.571849 0.545294 0.014286 0.012941
0 0.714706 0.457647 0.014286 0.011765
0 0.730672 0.457647 0.014286 0.011765
0 0.748319 0.458824 0.012605 0.011765
0 0.764286 0.457647 0.012605 0.009412
0 0.781933 0.457647 0.012605 0.011765
0 0.797899 0.457059 0.012605 0.010588
0 0.815126 0.456471 0.011765 0.009412
0 0.836134 0.457059 0.013445 0.012941
0 0.856723 0.457647 0.012605 0.011765
0 0.877731 0.457059 0.014286 0.010588
0 0.899160 0.458235 0.013445 0.010588
0 0.919748 0.458235 0.012605 0.010588
0 0.940756 0.458235 0.012605 0.010588
0 0.962185 0.457647 0.011765 0.011765
49 0.718067 0.430000 0.014286 0.020000
49 0.735714 0.428824 0.014286 0.020000
49 0.751681 0.428824 0.014286 0.020000
49 0.769328 0.430000 0.014286 0.020000
49 0.785294 0.428824 0.014286 0.020000
49 0.802941 0.427647 0.014286 0.020000
49 0.818067 0.430000 0.014286 0.020000
49 0.840756 0.430000 0.014286 0.020000
49 0.861765 0.428824 0.014286 0.020000
49 0.882773 0.430000 0.014286 0.020000
49 0.904622 0.427647 0.014286 0.020000
49 0.924790 0.430000 0.014286 0.020000
49 0.945798 0.428824 0.014286 0.020000
49 0.965966 0.430000 0.014286 0.020000
49 0.513025 0.515882 0.014286 0.020000
49 0.533193 0.515882 0.014286 0.020000
49 0.555042 0.518235 0.014286 0.020000
49 0.575210 0.517059 0.014286 0.020000
3 0.583613 0.093529 0.010924 0.031765
3 0.593277 0.094118 0.011765 0.030588
