3 0.656619 0.367940 0.017730 0.051495
1 0.380615 0.237542 0.092199 0.232558
3 0.567376 0.367110 0.018913 0.049834
2 0.378251 0.381229 0.033097 0.024917
1 0.817967 0.169435 0.108747 0.225914
75 0.057329 0.086379 0.039007 0.039867
75 0.058511 0.152824 0.039007 0.039867
3 0.455674 0.362126 0.020095 0.049834
2 0.090426 0.315615 0.029551 0.023256
2 0.136525 0.175249 0.031915 0.024917
2 0.567967 0.490033 0.034279 0.023256
2 0.777187 0.327243 0.017730 0.039867
2 0.632979 0.223422 0.031915 0.024917
35 0.562057 0.440199 0.036643 0.053156
75 0.057920 0.294020 0.037825 0.039867
2 0.579196 0.224252 0.030733 0.023256
0 0.596927 0.122093 0.016548 0.011628
2 0.855792 0.328073 0.018913 0.038206
75 0.056147 0.225083 0.036643 0.041528
2 0.455674 0.480066 0.034279 0.026578
0 0.088061 0.215116 0.020095 0.018272
4 0.137116 0.118771 0.023641 0.021595
0 0.657210 0.322259 0.021277 0.016611
4 0.165485 0.119601 0.026005 0.019934
4 0.632979 0.170266 0.022459 0.018272
0 0.567967 0.321429 0.020095 0.014950
4 0.608156 0.168605 0.022459 0.018272
7 0.111111 0.088040 0.033097 0.023256
3 0.423759 0.107973 0.015366 0.036545
4 0.549054 0.168605 0.024823 0.021595
3 0.815603 0.327243 0.037825 0.019934
4 0.579787 0.167774 0.024823 0.019934
0 0.137116 0.072259 0.018913 0.014950
4 0.403073 0.076412 0.016548 0.029900
35 0.651300 0.441030 0.035461 0.054817
2 0.362884 0.078073 0.016548 0.036545
0 0.088061 0.071429 0.017730 0.019934
35 0.447991 0.427741 0.040189 0.044850
0 0.449764 0.063123 0.020095 0.016611
0 0.484043 0.161130 0.010638 0.023256
0 0.301418 0.146179 0.018913 0.013289
43 0.319740 0.288206 0.024823 0.028239
43 0.320922 0.303156 0.024823 0.028239
43 0.318558 0.328073 0.024823 0.028239
6 0.449173 0.158638 0.042553 0.018272
0 0.654846 0.485050 0.021277 0.016611
4 0.450946 0.107143 0.024823 0.021595
