3 0.527187 0.433555 0.018913 0.046512
1 0.150118 0.397010 0.111111 0.352159
3 0.614657 0.434385 0.018913 0.048173
2 0.402482 0.365449 0.031915 0.023256
2 0.313830 0.314784 0.031915 0.024917
1 0.816785 0.172757 0.108747 0.225914
2 0.147754 0.605482 0.033097 0.024917
2 0.354610 0.365449 0.033097 0.026578
2 0.443853 0.314784 0.031915 0.024917
2 0.662530 0.215116 0.031915 0.024917
4 0.188534 0.110465 0.022459 0.018272
2 0.296690 0.521595 0.033097 0.026578
2 0.349291 0.522425 0.034279 0.024917
2 0.939716 0.306478 0.033097 0.024917
4 0.213948 0.111296 0.023641 0.019934
4 0.401300 0.318106 0.024823 0.021595
4 0.491135 0.127076 0.022459 0.024917
2 0.527187 0.555648 0.035461 0.028239
3 0.940307 0.117940 0.017730 0.043189
75 0.041962 0.078073 0.034279 0.043189
4 0.266548 0.126246 0.022459 0.026578
3 0.355201 0.261628 0.015366 0.041528
3 0.401891 0.259967 0.014184 0.041528
4 0.349291 0.470100 0.027187 0.033223
3 0.443262 0.126246 0.016548 0.039867
4 0.608747 0.160299 0.023641 0.021595
6 0.377660 0.225914 0.041371 0.019934
2 0.124113 0.166944 0.030733 0.021595
3 0.314421 0.126246 0.016548 0.039867
4 0.710402 0.159468 0.023641 0.019934
0 0.614657 0.388704 0.018913 0.016611
0 0.940307 0.072259 0.017730 0.014950
35 0.609929 0.509136 0.033097 0.051495
4 0.637116 0.161130 0.023641 0.019934
4 0.580378 0.160299 0.023641 0.021595
0 0.526596 0.387874 0.017730 0.014950
4 0.125296 0.110465 0.023641 0.018272
4 0.153664 0.111296 0.023641 0.019934
4 0.684397 0.158638 0.021277 0.021595
15 0.444444 0.259967 0.040189 0.048173
4 0.661939 0.160299 0.021277 0.021595
7 0.101064 0.078073 0.027187 0.019934
75 0.046099 0.144518 0.035461 0.039867
35 0.522459 0.506645 0.033097 0.049834
0 0.256501 0.160299 0.009456 0.028239
0 0.614066 0.548173 0.022459 0.016611
4 0.355792 0.318106 0.026005 0.021595
4 0.296099 0.470930 0.029551 0.031561
0 0.477541 0.259967 0.011820 0.021595
0 0.075650 0.063953 0.016548 0.018272
0 0.295508 0.428571 0.018913 0.016611
4 0.402482 0.193522 0.022459 0.018272
0 0.348700 0.428571 0.018913 0.016611
8 0.313239 0.196013 0.035461 0.039867
0 0.313830 0.082226 0.017730 0.014950
3 0.287825 0.159468 0.027187 0.019934
0 0.443262 0.082226 0.016548 0.014950
0 0.278960 0.260797 0.011820 0.023256
8 0.312648 0.259136 0.036643 0.049834
0 0.279551 0.195183 0.010638 0.024917
0 0.478132 0.195183 0.010638 0.021595
3 0.467494 0.159468 0.027187 0.023256
0 0.355201 0.146179 0.015366 0.013289
15 0.445035 0.195183 0.034279 0.041528
22 0.939716 0.250831 0.026005 0.039867
0 0.501773 0.161960 0.010638 0.024917
0 0.124704 0.064784 0.017730 0.016611
35 0.932624 0.186047 0.040189 0.053156
4 0.355201 0.192691 0.022459 0.026578
0 0.613475 0.551495 0.018913 0.016611
0 0.661939 0.111296 0.018913 0.016611
0 0.402482 0.146179 0.015366 0.013289
0 0.300827 0.225914 0.013002 0.019934
0 0.453310 0.228405 0.013002 0.024917
0 0.325059 0.161130 0.011820 0.026578
0 0.431442 0.158638 0.014184 0.024917
