1 0.269552 0.429412 0.079403 0.126050
1 0.086269 0.129832 0.057910 0.123529
3 0.357910 0.405882 0.010149 0.031933
1 0.788358 0.623109 0.056716 0.051261
1 0.789851 0.705042 0.051343 0.038655
2 0.043284 0.174790 0.011343 0.021849
2 0.758209 0.646639 0.013134 0.012605
2 0.043582 0.081513 0.010746 0.021849
2 0.447463 0.497899 0.017313 0.014286
2 0.131343 0.081933 0.009552 0.021008
1 0.668955 0.162185 0.043582 0.040336
23 0.677015 0.628571 0.014328 0.015126
1 0.131642 0.734874 0.045970 0.064706
2 0.749552 0.755882 0.017313 0.014286
2 0.132537 0.788655 0.016716 0.014286
3 0.358209 0.448319 0.010746 0.024370
2 0.326269 0.373109 0.014925 0.018487
3 0.946269 0.638655 0.010746 0.028571
4 0.620299 0.171429 0.009552 0.016807
2 0.914627 0.720588 0.021493 0.015966
22 0.639104 0.575210 0.019701 0.019328
2 0.609254 0.207983 0.017313 0.014286
2 0.358209 0.500420 0.019104 0.015966
2 0.086567 0.218067 0.017910 0.014286
4 0.728955 0.179412 0.013134 0.012605
2 0.639403 0.680672 0.017910 0.013445
0 0.044179 0.108824 0.009552 0.017647
4 0.704478 0.628992 0.013134 0.014286
2 0.857910 0.200840 0.019104 0.015126
4 0.832537 0.721429 0.013731 0.019328
3 0.857910 0.120168 0.009552 0.026891
3 0.638507 0.652521 0.012537 0.026050
2 0.758507 0.207563 0.016119 0.013445
3 0.095522 0.758403 0.009552 0.027731
3 0.447463 0.418067 0.010149 0.029412
2 0.168657 0.061345 0.011343 0.018487
2 0.044179 0.239076 0.011940 0.022689
35 0.915224 0.089076 0.015522 0.026891
2 0.210746 0.548319 0.010746 0.022689
0 0.448060 0.335714 0.012537 0.010924
4 0.748955 0.727731 0.013731 0.020168
0 0.358507 0.335294 0.010149 0.010084
4 0.758507 0.177311 0.012537 0.011765
35 0.860000 0.089916 0.018507 0.025210
4 0.077612 0.757563 0.014328 0.014286
2 0.242388 0.175210 0.013134 0.021008
3 0.882985 0.661345 0.010746 0.026891
3 0.447463 0.459244 0.010149 0.027731
3 0.733731 0.665546 0.009552 0.026891
3 0.825075 0.155882 0.020299 0.012605
2 0.168657 0.043697 0.012537 0.020168
4 0.137313 0.452941 0.013134 0.015126
3 0.883284 0.626891 0.010149 0.026891
11 0.853134 0.156723 0.014328 0.029412
0 0.282985 0.335294 0.011940 0.010084
3 0.621194 0.155462 0.017313 0.011765
4 0.862090 0.720168 0.014328 0.011765
0 0.402985 0.335294 0.010746 0.010084
2 0.678209 0.659244 0.016716 0.014286
2 0.210149 0.342017 0.009552 0.020168
2 0.716119 0.703361 0.011343 0.020168
2 0.051940 0.820588 0.010746 0.019328
4 0.913134 0.660924 0.012537 0.015966
2 0.703881 0.657983 0.016716 0.015126
4 0.188060 0.758403 0.013134 0.014286
15 0.379104 0.386134 0.020299 0.027731
2 0.086866 0.037815 0.016119 0.015126
15 0.638507 0.614706 0.020896 0.027731
2 0.862985 0.748319 0.016119 0.014286
46 0.292537 0.230672 0.019104 0.031092
4 0.231642 0.551261 0.010746 0.021849
8 0.428060 0.385714 0.019104 0.026891
2 0.312836 0.237395 0.010746 0.019328
3 0.172836 0.690336 0.018507 0.012605
0 0.240896 0.106303 0.008955 0.015966
46 0.023881 0.229832 0.019104 0.034454
3 0.720597 0.731513 0.021493 0.017647
4 0.179701 0.411345 0.013134 0.017647
6 0.732239 0.610924 0.023284 0.011765
4 0.179403 0.449580 0.014925 0.018487
3 0.881791 0.697059 0.011940 0.029412
0 0.265672 0.337395 0.010746 0.012605
4 0.181194 0.155882 0.013731 0.019328
3 0.731343 0.584874 0.019104 0.015126
46 0.568060 0.154202 0.022090 0.029412
25 0.193731 0.154622 0.011343 0.021849
25 0.205075 0.155462 0.011343 0.021849
25 0.217015 0.154622 0.011343 0.021849
0 0.127463 0.151261 0.006567 0.015126
0 0.045075 0.151681 0.007761 0.015966
3 0.193433 0.045798 0.017910 0.014286
3 0.193433 0.062605 0.017910 0.014286
46 0.068657 0.450840 0.016716 0.021008
46 0.068657 0.471008 0.016716 0.021008
4 0.125373 0.393277 0.009552 0.018487
4 0.125672 0.412185 0.010149 0.019328
4 0.125373 0.429412 0.011940 0.018487
4 0.236716 0.343697 0.008955 0.021849
4 0.296119 0.344118 0.008358 0.021008
4 0.295821 0.361765 0.012537 0.017647
4 0.334627 0.450000 0.017313 0.010924
4 0.233731 0.531513 0.011343 0.022689
3 0.259403 0.533613 0.018507 0.013445
0 0.294925 0.548739 0.005970 0.013445
0 0.131045 0.679832 0.013731 0.011765
35 0.170746 0.722269 0.019104 0.026050
0 0.204776 0.743277 0.008358 0.014286
0 0.050746 0.802521 0.007164 0.013445
46 0.034627 0.800420 0.022687 0.019328
46 0.035224 0.818067 0.022687 0.019328
35 0.803284 0.090756 0.018507 0.025210
0 0.779701 0.163866 0.007164 0.015126
3 0.799701 0.121849 0.010149 0.028571
3 0.912836 0.122689 0.010746 0.026891
0 0.856716 0.063025 0.010746 0.013445
46 0.679104 0.728992 0.020896 0.021008
0 0.581493 0.567227 0.010746 0.008403
0 0.604179 0.614286 0.009552 0.015126
2 0.786866 0.577311 0.016716 0.015126
4 0.808657 0.586134 0.007761 0.022689
35 0.943881 0.689496 0.020299 0.027731
0 0.912537 0.605042 0.016119 0.013445
1 0.354627 0.131513 0.063284 0.123529
2 0.405075 0.083613 0.010149 0.024370
7 0.411642 0.110084 0.017313 0.016807
2 0.354627 0.055462 0.017910 0.015126
2 0.306567 0.086555 0.012537 0.023529
2 0.304179 0.176050 0.012537 0.024370
2 0.354925 0.203782 0.019701 0.014286
2 0.485672 0.176050 0.011343 0.022689
0 0.393433 0.099160 0.010746 0.010084
0 0.482687 0.108824 0.007761 0.017647
0 0.401493 0.150000 0.007761 0.017647
0 0.307463 0.151261 0.009552 0.015126
0 0.307761 0.107983 0.008955 0.015966
4 0.432836 0.155462 0.011940 0.016807
25 0.445075 0.155462 0.013731 0.028571
