1 0.433193 0.456805 0.096639 0.168047
2 0.502941 0.389349 0.014286 0.028402
1 0.602521 0.479882 0.052101 0.128994
2 0.432773 0.352071 0.023529 0.020118
2 0.552941 0.520710 0.013445 0.028402
2 0.432773 0.557988 0.023529 0.017751
3 0.515966 0.331361 0.026891 0.018935
2 0.642017 0.513609 0.013445 0.028402
2 0.363445 0.389349 0.014286 0.030769
0 0.365966 0.426036 0.010924 0.021302
2 0.363866 0.518935 0.015126 0.029586
2 0.586555 0.331361 0.013445 0.030769
0 0.366807 0.484615 0.010924 0.022485
0 0.492437 0.330769 0.010084 0.020118
35 0.562605 0.336095 0.024370 0.035503
0 0.499160 0.425444 0.011765 0.017751
0 0.639916 0.491716 0.010924 0.017751
0 0.499160 0.484615 0.010084 0.022485
