1 0.488235 0.618935 0.082353 0.078107
1 0.152521 0.395266 0.061345 0.097041
1 0.488655 0.459172 0.081513 0.078107
3 0.369748 0.140828 0.011765 0.030769
3 0.415966 0.649112 0.013445 0.036686
1 0.489076 0.139645 0.082353 0.075740
3 0.664286 0.653846 0.012605 0.034320
3 0.664286 0.176923 0.012605 0.031953
3 0.416387 0.330769 0.014286 0.036686
3 0.370168 0.301183 0.012605 0.031953
3 0.416387 0.489941 0.014286 0.035503
24 0.167227 0.601775 0.026891 0.062722
3 0.664286 0.083432 0.012605 0.034320
3 0.369748 0.618343 0.011765 0.031953
1 0.488235 0.298817 0.082353 0.076923
2 0.143277 0.315385 0.022689 0.020118
4 0.320168 0.317751 0.016807 0.022485
2 0.143277 0.476331 0.022689 0.017751
3 0.664286 0.336095 0.012605 0.033136
4 0.320588 0.637278 0.015966 0.024852
2 0.415966 0.215385 0.025210 0.018935
4 0.320168 0.476923 0.016807 0.023669
3 0.273950 0.401183 0.026891 0.014201
3 0.664286 0.495266 0.012605 0.034320
4 0.714706 0.608876 0.019328 0.036686
3 0.664286 0.242604 0.012605 0.035503
3 0.664286 0.128994 0.012605 0.030769
4 0.714706 0.288757 0.019328 0.035503
4 0.319748 0.158580 0.017647 0.021302
3 0.370168 0.459763 0.012605 0.031953
3 0.592857 0.620710 0.027731 0.015385
3 0.664706 0.446746 0.011765 0.034320
3 0.664286 0.560947 0.012605 0.035503
3 0.416387 0.171006 0.014286 0.036686
3 0.592437 0.301775 0.026891 0.014201
2 0.305042 0.395266 0.013445 0.028402
4 0.714706 0.447337 0.019328 0.035503
3 0.664706 0.607692 0.013445 0.034320
3 0.592437 0.460947 0.026891 0.015385
3 0.235714 0.389349 0.027731 0.014201
4 0.715126 0.129586 0.020168 0.034320
3 0.664706 0.288166 0.011765 0.034320
4 0.348319 0.660355 0.019328 0.016568
2 0.415546 0.375148 0.024370 0.018935
3 0.664286 0.402367 0.012605 0.035503
2 0.415966 0.693491 0.023529 0.018935
26 0.774370 0.453846 0.019328 0.039053
26 0.773950 0.614793 0.020168 0.041420
26 0.773529 0.134911 0.019328 0.040237
0 0.616387 0.460355 0.009244 0.016568
4 0.348319 0.501775 0.017647 0.016568
3 0.592017 0.142012 0.024370 0.014201
0 0.319748 0.107692 0.014286 0.011834
26 0.773529 0.295858 0.019328 0.037870
4 0.347899 0.342604 0.018487 0.017751
2 0.415966 0.534911 0.023529 0.018935
4 0.348319 0.181657 0.017647 0.020118
0 0.143697 0.584024 0.008403 0.020118
4 0.370588 0.660947 0.018487 0.015385
0 0.616807 0.302367 0.011765 0.015385
4 0.371008 0.501775 0.017647 0.014201
0 0.617227 0.620118 0.010924 0.016568
0 0.318908 0.266272 0.012605 0.011834
0 0.204202 0.414201 0.010084 0.016568
0 0.144118 0.620118 0.009244 0.018935
35 0.555882 0.455030 0.027731 0.036686
0 0.205462 0.378698 0.010924 0.016568
0 0.616807 0.142012 0.010084 0.014201
35 0.556723 0.618343 0.027731 0.036686
35 0.555042 0.297633 0.027731 0.036686
35 0.555042 0.135503 0.027731 0.036686
0 0.320168 0.425444 0.016807 0.015385
0 0.319748 0.585207 0.017647 0.010651
4 0.369328 0.181657 0.017647 0.017751
4 0.368487 0.342012 0.019328 0.018935
