1 0.464072 0.508475 0.110351 0.319613
1 0.105646 0.170097 0.059025 0.214286
1 0.809239 0.147094 0.070145 0.064165
4 0.180496 0.121065 0.017109 0.019370
4 0.295552 0.424334 0.017964 0.020581
3 0.560308 0.486077 0.023952 0.015738
2 0.230111 0.449153 0.011976 0.024213
3 0.757485 0.788741 0.031651 0.015738
2 0.553037 0.363196 0.012831 0.024213
2 0.591959 0.647700 0.011976 0.026634
1 0.607357 0.147094 0.070145 0.066586
4 0.239949 0.423729 0.016253 0.021792
24 0.303678 0.533898 0.022241 0.046005
2 0.799829 0.400726 0.023952 0.016949
2 0.646279 0.201574 0.023097 0.015738
2 0.142857 0.078087 0.010265 0.023002
2 0.346878 0.667070 0.021386 0.016949
4 0.898204 0.362591 0.015398 0.020581
4 0.334474 0.423123 0.015398 0.023002
2 0.847305 0.201574 0.023097 0.015738
4 0.894354 0.147700 0.017964 0.024213
4 0.701882 0.147094 0.017964 0.023002
4 0.846878 0.363801 0.015398 0.020581
2 0.133447 0.276029 0.017109 0.016949
3 0.350727 0.532688 0.013687 0.036320
4 0.269889 0.423123 0.016253 0.018160
4 0.822498 0.364407 0.012831 0.024213
4 0.872541 0.363196 0.015398 0.021792
75 0.316082 0.607748 0.024808 0.021792
3 0.363986 0.484867 0.026518 0.020581
0 0.233533 0.400726 0.010265 0.016949
3 0.560308 0.461259 0.027374 0.016949
2 0.578272 0.510291 0.020530 0.015738
2 0.302823 0.484867 0.011976 0.023002
75 0.317793 0.653753 0.026518 0.019370
4 0.389649 0.461259 0.016253 0.026634
23 0.786997 0.368039 0.017109 0.026634
3 0.559453 0.472155 0.027374 0.016949
4 0.364842 0.618644 0.021386 0.021792
6 0.352010 0.398305 0.033362 0.014528
2 0.321642 0.555085 0.018820 0.015738
25 0.213858 0.115617 0.015398 0.035109
22 0.355860 0.448547 0.020530 0.023002
2 0.232678 0.448547 0.013687 0.023002
25 0.928144 0.152542 0.017109 0.033898
3 0.757485 0.837167 0.029940 0.015738
25 0.739521 0.151937 0.016253 0.032688
35 0.901198 0.805690 0.026518 0.035109
0 0.398631 0.496368 0.013687 0.016949
35 0.325920 0.491525 0.023952 0.036320
3 0.565441 0.642857 0.023952 0.019370
3 0.566296 0.656174 0.025663 0.016949
0 0.334046 0.597458 0.014542 0.013317
4 0.389649 0.641041 0.012831 0.023002
4 0.388794 0.655569 0.012831 0.023002
35 0.848161 0.765738 0.026518 0.035109
35 0.807956 0.758475 0.026518 0.035109
35 0.942258 0.814165 0.026518 0.035109
