3 0.654622 0.732353 0.007283 0.027731
1 0.156303 0.865126 0.047059 0.091597
1 0.509524 0.503782 0.052101 0.061345
1 0.318768 0.859664 0.061625 0.121008
1 0.147899 0.581933 0.042577 0.101681
1 0.887675 0.448739 0.044258 0.084034
24 0.456583 0.733613 0.019048 0.045378
3 0.210364 0.887395 0.018487 0.010084
4 0.693277 0.135714 0.011765 0.015966
1 0.517087 0.934454 0.039216 0.043697
24 0.571429 0.732353 0.016807 0.029412
3 0.080952 0.621008 0.008403 0.025210
1 0.857983 0.117227 0.039776 0.042857
24 0.515966 0.734874 0.020168 0.037815
4 0.482353 0.568067 0.012325 0.016807
3 0.106162 0.829412 0.017367 0.011765
3 0.330812 0.512185 0.007283 0.024370
3 0.081513 0.573109 0.009524 0.025210
3 0.406443 0.496218 0.007283 0.024370
3 0.834454 0.156723 0.009524 0.024370
4 0.652661 0.465966 0.011204 0.019328
3 0.680392 0.463025 0.009524 0.025210
3 0.634734 0.733193 0.007843 0.022689
22 0.577031 0.418067 0.013445 0.022689
3 0.481513 0.538655 0.008403 0.021849
4 0.895798 0.132773 0.012325 0.016807
3 0.680952 0.498739 0.007283 0.026050
4 0.482073 0.468908 0.012885 0.016807
3 0.406443 0.533193 0.008403 0.022689
3 0.579832 0.564706 0.007843 0.028571
29 0.938095 0.761765 0.024090 0.024370
23 0.401681 0.853361 0.013445 0.019328
4 0.633613 0.645798 0.013445 0.012605
4 0.471709 0.853361 0.012325 0.019328
4 0.243137 0.589076 0.011204 0.016807
8 0.935294 0.562605 0.019608 0.027731
4 0.265826 0.590756 0.011765 0.020168
3 0.336134 0.621849 0.010084 0.026891
4 0.449580 0.852941 0.012885 0.018487
35 0.638095 0.770168 0.020168 0.026050
3 0.415406 0.951261 0.009524 0.023529
4 0.672269 0.251261 0.014566 0.026891
4 0.119048 0.847059 0.012885 0.011765
3 0.689916 0.735294 0.009524 0.025210
36 0.555182 0.638655 0.028011 0.043697
29 0.938095 0.726891 0.021849 0.023529
29 0.937815 0.795798 0.026891 0.023529
3 0.414286 0.918908 0.009524 0.024370
3 0.919048 0.588235 0.009524 0.025210
29 0.169468 0.715546 0.019608 0.019328
1 0.386555 0.187395 0.516527 0.228571
8 0.538095 0.450840 0.017367 0.027731
4 0.667787 0.645378 0.012325 0.011765
22 0.394118 0.531513 0.011765 0.017647
4 0.713445 0.135714 0.011765 0.014286
46 0.122969 0.363866 0.022969 0.058824
23 0.215966 0.590756 0.010644 0.021849
3 0.627731 0.448739 0.017367 0.011765
3 0.638936 0.562185 0.009524 0.023529
41 0.392717 0.625630 0.010084 0.010924
30 0.838655 0.200000 0.024650 0.033613
30 0.836975 0.283193 0.024650 0.033613
30 0.835854 0.362185 0.024650 0.033613
30 0.835854 0.431092 0.024650 0.033613
22 0.566106 0.449580 0.011765 0.021849
6 0.598599 0.447899 0.025210 0.015126
3 0.638375 0.529412 0.009524 0.025210
5 0.568347 0.581092 0.010644 0.015966
3 0.650420 0.630252 0.015686 0.015126
3 0.684874 0.630252 0.016246 0.015126
35 0.657143 0.771008 0.020168 0.026050
35 0.692997 0.773529 0.020168 0.026050
6 0.201120 0.573529 0.024650 0.012605
22 0.187955 0.592017 0.014006 0.017647
4 0.423810 0.856303 0.012885 0.018487
28 0.386275 0.838235 0.019608 0.027731
3 0.508123 0.838235 0.017927 0.015966
4 0.555742 0.878992 0.013445 0.013445
22 0.319608 0.545798 0.011765 0.017647
22 0.324650 0.653361 0.011765 0.017647
22 0.386275 0.646639 0.011765 0.017647
3 0.336415 0.655462 0.010644 0.025210
24 0.396919 0.736134 0.019608 0.058824
