1 0.668908 0.669231 0.045378 0.076923
4 0.773529 0.472189 0.017647 0.023669
1 0.090756 0.486391 0.065546 0.158580
1 0.282773 0.158580 0.044538 0.078107
1 0.084874 0.344970 0.052101 0.091124
3 0.916387 0.366864 0.014286 0.033136
1 0.590336 0.274556 0.118487 0.376331
1 0.669328 0.584615 0.046218 0.080473
2 0.592017 0.754438 0.022689 0.022485
2 0.916387 0.452071 0.024370 0.016568
3 0.618067 0.660355 0.012605 0.033136
4 0.810504 0.584615 0.019328 0.021302
1 0.281933 0.491124 0.044538 0.080473
4 0.676050 0.311834 0.012605 0.024852
1 0.521008 0.667456 0.045378 0.078107
1 0.281513 0.331361 0.045378 0.080473
4 0.562185 0.714201 0.018487 0.020118
1 0.084874 0.181065 0.048739 0.092308
4 0.828992 0.584615 0.017647 0.023669
2 0.658403 0.485207 0.014286 0.028402
4 0.391176 0.580473 0.017647 0.020118
4 0.469748 0.484615 0.015126 0.027219
1 0.521008 0.584615 0.043697 0.080473
2 0.054622 0.576331 0.023529 0.016568
3 0.672269 0.170414 0.028571 0.016568
3 0.563445 0.660947 0.012605 0.034320
23 0.845798 0.584024 0.019328 0.024852
4 0.676471 0.339053 0.015126 0.024852
3 0.676471 0.277515 0.026891 0.015385
3 0.773529 0.559763 0.031092 0.014201
23 0.336134 0.583432 0.018487 0.023669
3 0.757983 0.499408 0.011765 0.040237
4 0.356723 0.579882 0.015966 0.023669
4 0.189496 0.325444 0.022689 0.021302
4 0.441597 0.579882 0.017647 0.021302
3 0.469748 0.561538 0.028571 0.020118
2 0.526471 0.484024 0.014286 0.028402
2 0.655882 0.073373 0.022689 0.021302
23 0.315126 0.582840 0.018487 0.020118
4 0.218908 0.485207 0.021008 0.018935
4 0.423529 0.578107 0.018487 0.020118
4 0.246639 0.485207 0.015966 0.016568
4 0.373109 0.579290 0.018487 0.020118
3 0.810084 0.207692 0.025210 0.015385
22 0.629832 0.482249 0.019328 0.029586
3 0.810924 0.230178 0.025210 0.015385
4 0.247059 0.330178 0.013445 0.018935
4 0.617647 0.714201 0.020168 0.020118
4 0.247479 0.159172 0.014286 0.020118
4 0.184454 0.154438 0.021008 0.022485
22 0.554622 0.484615 0.016807 0.022485
3 0.486975 0.514201 0.012605 0.036686
4 0.184874 0.154438 0.020168 0.020118
1 0.668487 0.668047 0.044538 0.081657
6 0.592857 0.624260 0.036134 0.017751
28 0.917647 0.417751 0.021849 0.040237
2 0.713025 0.313609 0.012605 0.028402
70 0.882353 0.114201 0.161345 0.155030
3 0.811765 0.220710 0.025210 0.015385
3 0.810924 0.244379 0.025210 0.015385
3 0.810924 0.253846 0.025210 0.015385
4 0.571008 0.521893 0.019328 0.018935
4 0.614286 0.520118 0.021849 0.017751
