1 0.273950 0.273964 0.075630 0.183432
1 0.260084 0.561538 0.044538 0.067456
1 0.259664 0.485207 0.045378 0.063905
1 0.328151 0.566864 0.044538 0.066272
1 0.327731 0.485207 0.043697 0.063905
3 0.547059 0.543787 0.011765 0.034320
3 0.546639 0.496450 0.012605 0.031953
3 0.789916 0.595266 0.026891 0.014201
3 0.688655 0.542604 0.027731 0.015385
3 0.689496 0.661538 0.029412 0.016568
3 0.458824 0.206509 0.023529 0.017751
3 0.832353 0.649112 0.012605 0.036686
3 0.689076 0.205917 0.028571 0.016568
3 0.833193 0.518343 0.012605 0.035503
3 0.457563 0.277515 0.024370 0.017751
3 0.789496 0.258580 0.026050 0.015385
3 0.457563 0.230178 0.024370 0.017751
3 0.407143 0.194083 0.026050 0.014201
3 0.790756 0.141420 0.025210 0.013018
3 0.390756 0.572781 0.023529 0.016568
3 0.749580 0.400000 0.025210 0.016568
3 0.748739 0.513018 0.023529 0.013018
3 0.749160 0.169822 0.024370 0.015385
3 0.391176 0.537278 0.024370 0.018935
3 0.790336 0.371006 0.026050 0.015385
3 0.750000 0.630178 0.024370 0.015385
4 0.369748 0.165089 0.018487 0.022485
3 0.689076 0.318343 0.028571 0.016568
3 0.457983 0.300000 0.025210 0.017751
35 0.801681 0.178107 0.021849 0.034320
3 0.218487 0.555621 0.013445 0.031953
3 0.688655 0.431361 0.027731 0.015385
3 0.789916 0.484024 0.025210 0.016568
35 0.801261 0.410059 0.022689 0.034320
3 0.200840 0.324852 0.026891 0.017751
4 0.347899 0.223077 0.015126 0.015385
3 0.200840 0.278698 0.025210 0.015385
8 0.728571 0.323077 0.030252 0.044970
8 0.728151 0.546154 0.031092 0.050888
35 0.801261 0.297041 0.022689 0.033136
8 0.728151 0.208284 0.032773 0.044970
8 0.728571 0.665680 0.031933 0.043787
4 0.361345 0.247337 0.015126 0.014201
35 0.801681 0.642012 0.023529 0.034320
35 0.803361 0.523669 0.023529 0.036686
8 0.729832 0.433136 0.029412 0.037870
5 0.458403 0.184024 0.017647 0.022485
4 0.373950 0.271598 0.016807 0.013018
4 0.386975 0.294083 0.019328 0.015385
4 0.399160 0.318935 0.016807 0.015385
4 0.197899 0.228994 0.009244 0.022485
4 0.206303 0.242604 0.010924 0.021302
4 0.197479 0.255621 0.008403 0.023669
4 0.205462 0.264497 0.009244 0.020118
3 0.201681 0.290533 0.025210 0.015385
3 0.201681 0.301183 0.025210 0.015385
3 0.457563 0.253846 0.024370 0.015385
3 0.200840 0.183432 0.010084 0.028402
3 0.210504 0.184615 0.010924 0.030769
