1 0.571731 0.457656 0.055085 0.088965
1 0.475182 0.102224 0.043584 0.029940
1 0.733051 0.101796 0.044794 0.029085
1 0.203692 0.720701 0.050242 0.112062
1 0.211864 0.102224 0.046005 0.028229
1 0.538741 0.102224 0.044794 0.029940
1 0.847760 0.469632 0.052663 0.080411
1 0.254237 0.311805 0.066586 0.040205
1 0.605327 0.102224 0.044794 0.028229
1 0.889225 0.251069 0.061743 0.108640
1 0.284504 0.102224 0.044794 0.028229
1 0.350787 0.102652 0.044189 0.029085
1 0.411622 0.102652 0.044794 0.029085
1 0.792978 0.102652 0.044794 0.029085
3 0.166465 0.272455 0.010896 0.028229
1 0.574455 0.284003 0.027845 0.068435
1 0.669189 0.102224 0.044189 0.028229
24 0.077179 0.310950 0.021186 0.038494
2 0.572034 0.531223 0.016949 0.017109
3 0.945218 0.315654 0.018765 0.013687
1 0.851392 0.101796 0.044189 0.029085
75 0.165860 0.460222 0.027845 0.053037
2 0.820521 0.351155 0.017554 0.012831
4 0.330206 0.340462 0.015133 0.022241
42 0.145278 0.357998 0.010896 0.024808
2 0.202785 0.804534 0.015738 0.014542
4 0.272094 0.772027 0.011501 0.012831
4 0.236380 0.774594 0.012712 0.012831
3 0.802663 0.237810 0.009685 0.025663
2 0.206114 0.391360 0.017554 0.014542
2 0.575363 0.388794 0.015133 0.012831
4 0.254237 0.772883 0.013317 0.012831
4 0.642252 0.220274 0.014528 0.019675
42 0.616525 0.461078 0.017554 0.011976
3 0.171610 0.762618 0.007869 0.024808
3 0.654056 0.469204 0.019976 0.012831
2 0.641646 0.268178 0.018160 0.014542
4 0.550847 0.263473 0.012107 0.015398
4 0.618947 0.220274 0.013923 0.017964
4 0.188257 0.340034 0.013317 0.019675
42 0.490617 0.230967 0.018765 0.013687
22 0.236380 0.658255 0.012712 0.017964
3 0.135593 0.658255 0.009685 0.023097
1 0.137107 0.102652 0.042978 0.027374
0 0.236077 0.629170 0.012107 0.011121
3 0.136501 0.695894 0.011501 0.024808
0 0.135896 0.629598 0.011501 0.010265
2 0.550847 0.303251 0.013317 0.014542
4 0.811441 0.293413 0.012712 0.015398
2 0.759685 0.239949 0.015738 0.012831
2 0.266041 0.727545 0.012712 0.012831
3 0.190375 0.304106 0.021186 0.014542
0 0.967312 0.315227 0.007264 0.016253
27 0.784504 0.207015 0.025424 0.017109
2 0.173123 0.627032 0.013317 0.015398
0 0.694613 0.191617 0.009080 0.011976
42 0.045400 0.045766 0.015738 0.014542
15 0.146792 0.302823 0.019976 0.025663
22 0.519976 0.229683 0.019370 0.014542
30 0.068099 0.101796 0.045400 0.035928
42 0.529964 0.452096 0.016344 0.012831
42 0.529964 0.461506 0.016344 0.014542
42 0.617433 0.452951 0.019370 0.012831
42 0.780569 0.447819 0.018765 0.012831
42 0.781477 0.457228 0.018160 0.012831
42 0.882869 0.456373 0.016344 0.009410
42 0.883172 0.465783 0.014528 0.012831
42 0.811441 0.472626 0.016344 0.012831
42 0.810533 0.483747 0.016949 0.012831
42 0.852906 0.183062 0.018160 0.011976
42 0.844431 0.225834 0.016949 0.013687
42 0.849879 0.294269 0.015738 0.011976
42 0.928874 0.294269 0.015133 0.013687
42 0.944310 0.259196 0.015738 0.011976
42 0.944310 0.268606 0.015738 0.011976
42 0.925242 0.314799 0.013923 0.011976
42 0.901332 0.097519 0.015738 0.013687
42 0.295097 0.755346 0.016344 0.015398
42 0.319613 0.679641 0.018160 0.014542
2 0.162530 0.150556 0.017554 0.013687
42 0.144673 0.242515 0.010896 0.024808
4 0.784201 0.235672 0.010291 0.023097
3 0.828692 0.183490 0.018160 0.017964
0 0.812046 0.182207 0.007869 0.018820
0 0.802058 0.275449 0.010896 0.005133
3 0.826574 0.315654 0.011501 0.022241
2 0.808111 0.412746 0.015738 0.012831
0 0.619552 0.434132 0.009080 0.009410
0 0.619552 0.479042 0.010291 0.013687
0 0.799334 0.463644 0.007869 0.013687
0 0.525121 0.434987 0.010291 0.012831
0 0.523608 0.479042 0.007264 0.015398
6 0.235472 0.734388 0.009685 0.035073
4 0.257264 0.697605 0.013317 0.012831
4 0.274818 0.697605 0.013317 0.012831
4 0.293584 0.695038 0.013317 0.012831
35 0.162228 0.713003 0.016949 0.024808
35 0.162228 0.728400 0.016949 0.024808
22 0.235775 0.694183 0.012712 0.017964
4 0.172215 0.658255 0.017554 0.011121
