1 0.418806 0.426891 0.071045 0.191597
1 0.313134 0.247059 0.063881 0.084034
2 0.231940 0.234034 0.010149 0.024370
24 0.515821 0.427731 0.021493 0.181513
24 0.438209 0.258403 0.020299 0.034454
24 0.330149 0.426050 0.022687 0.183193
24 0.651045 0.306303 0.022090 0.029412
24 0.242985 0.385294 0.020299 0.063025
24 0.242090 0.460504 0.019701 0.062185
2 0.415522 0.545378 0.016716 0.015126
24 0.162687 0.392437 0.018507 0.063866
24 0.462687 0.168908 0.017910 0.035294
0 0.455522 0.330252 0.011940 0.011765
2 0.378806 0.327311 0.013731 0.015966
2 0.421194 0.275210 0.014925 0.014286
2 0.632836 0.323529 0.015522 0.015126
18 0.209254 0.619328 0.014925 0.023529
18 0.224179 0.563445 0.016119 0.026050
28 0.510746 0.272269 0.018507 0.045378
28 0.598507 0.251261 0.019701 0.048739
2 0.372239 0.276050 0.013731 0.017647
2 0.143881 0.378571 0.009552 0.021008
2 0.442388 0.184034 0.015522 0.015126
0 0.257612 0.225630 0.010149 0.014286
28 0.427761 0.113866 0.018507 0.046218
28 0.256418 0.165966 0.038806 0.026050
18 0.253433 0.583613 0.016119 0.026050
18 0.262388 0.628992 0.016119 0.026050
0 0.359701 0.245798 0.010149 0.014286
0 0.411642 0.096639 0.010149 0.015126
0 0.494627 0.255042 0.010149 0.014286
0 0.583582 0.234034 0.010149 0.014286
0 0.362090 0.328992 0.010149 0.014286
0 0.261194 0.372689 0.010149 0.014286
0 0.260000 0.447479 0.010149 0.014286
2 0.277015 0.289916 0.015522 0.015126
2 0.261791 0.400420 0.010149 0.024370
2 0.262388 0.473529 0.010149 0.024370
