18 0.480597 0.884874 0.017910 0.025210
1 0.226269 0.123109 0.137313 0.101681
3 0.053433 0.899580 0.010149 0.024370
2 0.161493 0.595798 0.017313 0.016807
1 0.182090 0.863445 0.047761 0.051261
2 0.105075 0.121008 0.010746 0.023529
3 0.095224 0.543697 0.008955 0.025210
3 0.220299 0.580252 0.008358 0.026050
3 0.688358 0.703361 0.020299 0.010084
2 0.221791 0.609244 0.017313 0.016807
2 0.522388 0.217647 0.017910 0.016807
4 0.665373 0.722269 0.013731 0.019328
2 0.042687 0.591597 0.017313 0.016807
1 0.902090 0.665546 0.045373 0.042017
18 0.405373 0.885714 0.017910 0.026891
1 0.489851 0.411765 0.040000 0.053782
3 0.859403 0.639076 0.008955 0.026050
3 0.220299 0.545378 0.008358 0.021849
35 0.197910 0.264286 0.023284 0.032773
2 0.362090 0.196639 0.018507 0.020168
2 0.054030 0.942857 0.019701 0.016807
24 0.033731 0.279832 0.019701 0.067227
4 0.257015 0.543697 0.013731 0.018487
24 0.868060 0.397479 0.019104 0.031933
2 0.364776 0.466387 0.016716 0.016807
2 0.048060 0.228992 0.016119 0.015966
4 0.065075 0.544118 0.011940 0.015966
2 0.280299 0.594958 0.017313 0.016807
1 0.486567 0.144538 0.039403 0.052101
1 0.161493 0.541176 0.045970 0.048739
24 0.975821 0.147059 0.022090 0.036975
2 0.096119 0.625630 0.019104 0.017647
3 0.095224 0.586975 0.010149 0.026050
2 0.753134 0.465966 0.018507 0.017647
4 0.041493 0.543277 0.013731 0.015966
8 0.699701 0.199160 0.021493 0.031933
8 0.801493 0.102941 0.022090 0.027731
2 0.701493 0.773529 0.016716 0.019328
2 0.544478 0.139916 0.014328 0.021008
2 0.092239 0.278571 0.014925 0.017647
4 0.414627 0.152941 0.013731 0.018487
8 0.801493 0.198739 0.020896 0.029412
4 0.417612 0.421429 0.013731 0.014286
0 0.457015 0.368908 0.010149 0.008403
3 0.522388 0.181933 0.009552 0.026050
4 0.361493 0.157143 0.013731 0.020168
2 0.313433 0.907983 0.015522 0.015966
4 0.886269 0.170168 0.013731 0.021008
2 0.547164 0.409244 0.011343 0.021849
3 0.048060 0.095378 0.010149 0.027731
2 0.230149 0.901261 0.018507 0.014286
23 0.752239 0.421008 0.013134 0.021849
2 0.701493 0.257983 0.019104 0.016807
4 0.281493 0.547059 0.012537 0.016807
0 0.053731 0.826891 0.011940 0.010084
2 0.525672 0.485294 0.018507 0.017647
4 0.364478 0.425630 0.013731 0.019328
8 0.700299 0.102521 0.021493 0.026891
3 0.158507 0.268908 0.022090 0.010084
4 0.100896 0.858824 0.015522 0.016807
4 0.289851 0.870168 0.013731 0.015966
24 0.874030 0.431092 0.021493 0.030252
0 0.454328 0.100000 0.011940 0.010084
3 0.702090 0.677311 0.009552 0.025210
5 0.531343 0.373529 0.015522 0.017647
22 0.814925 0.421008 0.013134 0.026891
4 0.026866 0.161345 0.014328 0.018487
2 0.253433 0.323950 0.017313 0.017647
3 0.701791 0.728571 0.010149 0.023529
35 0.050448 0.867227 0.020896 0.028571
2 0.101791 0.904202 0.017313 0.018487
18 0.402687 0.826891 0.017313 0.026891
5 0.432537 0.188655 0.016119 0.019328
4 0.248955 0.870588 0.011940 0.018487
5 0.435522 0.455882 0.016119 0.017647
3 0.432537 0.211765 0.020896 0.011765
3 0.899701 0.722269 0.023881 0.014286
3 0.528060 0.397479 0.017313 0.013445
2 0.860299 0.676471 0.013134 0.018487
24 0.868358 0.466807 0.022090 0.034454
18 0.477612 0.822269 0.017910 0.026050
0 0.256119 0.266387 0.008358 0.011765
30 0.480597 0.692857 0.034627 0.051261
3 0.526269 0.128571 0.016119 0.013445
0 0.048060 0.062605 0.012537 0.012605
0 0.102090 0.827731 0.010746 0.008403
0 0.222985 0.840336 0.011343 0.010084
4 0.916418 0.168908 0.011940 0.018487
2 0.934627 0.606303 0.012537 0.015966
0 0.360597 0.121429 0.010746 0.009244
27 0.197015 0.307563 0.037015 0.020168
4 0.223881 0.870588 0.013134 0.016807
2 0.493134 0.735294 0.014328 0.015126
27 0.048657 0.166807 0.014925 0.044538
0 0.125373 0.113025 0.007164 0.012605
0 0.074030 0.258403 0.008358 0.015966
6 0.208657 0.527311 0.025672 0.012605
0 0.279701 0.521008 0.011343 0.011765
0 0.363284 0.391597 0.011343 0.011765
22 0.432537 0.399160 0.013731 0.021849
3 0.436119 0.481933 0.017313 0.015966
3 0.525672 0.454202 0.012537 0.027731
0 0.043284 0.520168 0.011343 0.011765
5 0.528955 0.104202 0.015522 0.018487
22 0.428955 0.129832 0.011343 0.019328
0 0.468955 0.729832 0.010149 0.009244
0 0.313731 0.833613 0.011343 0.010084
4 0.313731 0.875210 0.013731 0.015966
3 0.270746 0.853361 0.016119 0.012605
3 0.271343 0.890336 0.016119 0.012605
4 0.934925 0.641597 0.014328 0.012605
0 0.951343 0.660084 0.008955 0.012605
0 0.925373 0.729412 0.010746 0.008403
0 0.877313 0.731092 0.010149 0.010084
0 0.702090 0.642437 0.011940 0.010924
0 0.751642 0.379412 0.011940 0.010924
4 0.901194 0.171008 0.013731 0.021008
0 0.700299 0.063445 0.011940 0.010924
2 0.891642 0.628992 0.016119 0.017647
4 0.867761 0.091176 0.013731 0.021008
4 0.868955 0.113866 0.013731 0.021008
4 0.869552 0.135714 0.013731 0.021008
4 0.872537 0.618908 0.013731 0.021008
