3 0.403361 0.454438 0.013445 0.033136
4 0.685294 0.472189 0.015966 0.028402
1 0.836134 0.465089 0.094118 0.123077
2 0.580252 0.285799 0.024370 0.024852
1 0.630672 0.182840 0.081513 0.067456
4 0.543277 0.246746 0.015966 0.029586
4 0.508403 0.244970 0.018487 0.030769
2 0.340336 0.505917 0.025210 0.020118
2 0.882353 0.559172 0.023529 0.022485
4 0.810924 0.218343 0.018487 0.034320
2 0.865966 0.274556 0.026050 0.023669
3 0.760924 0.281657 0.012605 0.037870
2 0.403782 0.415385 0.022689 0.023669
2 0.647899 0.522485 0.026891 0.024852
4 0.341597 0.465680 0.019328 0.020118
4 0.911765 0.546154 0.018487 0.029586
4 0.924790 0.468047 0.019328 0.027219
4 0.647059 0.473373 0.018487 0.028402
2 0.686134 0.307692 0.015966 0.028402
2 0.949580 0.505917 0.021849 0.022485
4 0.865966 0.223669 0.019328 0.037870
2 0.144118 0.505917 0.022689 0.022485
6 0.739076 0.417751 0.036134 0.014201
4 0.189916 0.465680 0.018487 0.022485
2 0.403782 0.492308 0.026050 0.021302
3 0.760924 0.228402 0.012605 0.037870
2 0.525210 0.286982 0.025210 0.022485
0 0.647479 0.440237 0.014286 0.011834
2 0.912605 0.576923 0.023529 0.020118
4 0.958403 0.466272 0.017647 0.021302
0 0.142857 0.433728 0.015126 0.013018
0 0.478151 0.133728 0.013445 0.014201
22 0.499160 0.143787 0.020168 0.027219
0 0.958403 0.432544 0.014286 0.013018
4 0.298739 0.468047 0.017647 0.022485
0 0.340756 0.433728 0.014286 0.010651
23 0.143697 0.465680 0.021849 0.022485
0 0.472689 0.169231 0.012605 0.021302
24 0.267647 0.181065 0.021008 0.047337
6 0.713445 0.175148 0.033613 0.011834
6 0.247899 0.440828 0.035294 0.013018
6 0.249580 0.488166 0.035294 0.013018
22 0.500000 0.171006 0.020168 0.027219
0 0.252521 0.164497 0.012605 0.021302
0 0.250840 0.201183 0.012605 0.021302
0 0.865966 0.163314 0.012605 0.021302
3 0.715546 0.308876 0.031092 0.021302
