1 0.298209 0.859244 0.153433 0.105042
24 0.899701 0.647479 0.020299 0.051261
24 0.791045 0.296218 0.021493 0.026050
18 0.382388 0.585714 0.017313 0.021849
24 0.601791 0.151681 0.019104 0.032773
2 0.158209 0.895798 0.016716 0.018487
3 0.633134 0.384874 0.008955 0.025210
1 0.818209 0.134034 0.040000 0.059664
4 0.194925 0.156723 0.011343 0.021008
4 0.534030 0.891176 0.013731 0.019328
24 0.048060 0.860084 0.020896 0.063025
2 0.507761 0.204202 0.017313 0.015126
4 0.922687 0.399580 0.011343 0.017647
18 0.310448 0.642017 0.016716 0.026891
3 0.504776 0.850000 0.008955 0.024370
4 0.220896 0.156723 0.011940 0.017647
4 0.296119 0.173950 0.013134 0.018487
1 0.811343 0.390336 0.044179 0.046218
4 0.752537 0.160504 0.013731 0.018487
2 0.779403 0.672689 0.014925 0.021008
2 0.220896 0.185294 0.019104 0.015966
24 0.969254 0.398739 0.020896 0.037815
8 0.467164 0.200420 0.026866 0.029412
3 0.059403 0.442017 0.008955 0.026891
1 0.263284 0.412605 0.044179 0.043697
3 0.059701 0.358824 0.010746 0.023529
0 0.158209 0.844958 0.009552 0.009244
2 0.304478 0.225630 0.015522 0.015966
4 0.507164 0.162185 0.013731 0.021849
35 0.596716 0.423950 0.019701 0.029412
2 0.397612 0.223109 0.015522 0.014286
1 0.458806 0.100840 0.120000 0.055462
23 0.382687 0.174790 0.011940 0.015126
4 0.772836 0.643697 0.013731 0.015126
23 0.164478 0.156723 0.012537 0.022689
2 0.207164 0.350840 0.011940 0.017647
2 0.875821 0.123529 0.013134 0.021849
6 0.367761 0.157983 0.022687 0.011765
4 0.083881 0.126050 0.014925 0.015126
4 0.409254 0.172269 0.012537 0.015126
24 0.025970 0.164286 0.020896 0.036134
18 0.274925 0.586555 0.017313 0.026891
15 0.333731 0.159244 0.017910 0.027731
4 0.451642 0.053361 0.016119 0.019328
3 0.847761 0.199160 0.009552 0.025210
3 0.042090 0.397899 0.019701 0.012605
4 0.701194 0.135294 0.013731 0.021849
2 0.838209 0.436555 0.014328 0.017647
2 0.201493 0.414706 0.011343 0.019328
3 0.489552 0.358403 0.010746 0.026050
4 0.030448 0.422689 0.013134 0.015126
2 0.616119 0.673950 0.011940 0.020168
4 0.459701 0.421849 0.013134 0.016807
3 0.266269 0.470588 0.021493 0.011765
4 0.158507 0.866807 0.013731 0.019328
0 0.930746 0.370168 0.010746 0.009244
2 0.505373 0.958824 0.018507 0.016807
2 0.847761 0.244538 0.016716 0.015126
27 0.552537 0.669328 0.036418 0.026050
35 0.548060 0.605882 0.020299 0.023529
0 0.059104 0.334874 0.010746 0.009244
5 0.875522 0.069328 0.018507 0.019328
0 0.772836 0.612605 0.010149 0.008403
2 0.119104 0.823529 0.014925 0.018487
3 0.472239 0.397479 0.019104 0.011765
3 0.490448 0.445378 0.010149 0.026891
4 0.322687 0.176891 0.012537 0.017647
2 0.794030 0.637815 0.013134 0.021849
5 0.781791 0.215546 0.018507 0.022689
4 0.083881 0.147059 0.013731 0.016807
35 0.845075 0.316807 0.022090 0.023529
2 0.195821 0.856723 0.010746 0.021008
4 0.226269 0.353782 0.013134 0.016807
3 0.240299 0.366807 0.008955 0.024370
2 0.701194 0.181092 0.014925 0.017647
18 0.335224 0.588235 0.016119 0.026891
0 0.490149 0.334874 0.010746 0.009244
4 0.725672 0.410084 0.012537 0.020168
6 0.811045 0.345378 0.026866 0.011765
27 0.502687 0.915966 0.011940 0.042017
22 0.764776 0.118067 0.015522 0.021008
0 0.220896 0.134454 0.009552 0.010084
5 0.056418 0.105042 0.016119 0.026891
4 0.899104 0.400840 0.011940 0.018487
4 0.084478 0.165546 0.013731 0.016807
2 0.725373 0.444538 0.014328 0.016807
3 0.591642 0.607983 0.020299 0.014286
5 0.113134 0.192857 0.014925 0.031092
0 0.552537 0.134454 0.011343 0.010084
20 0.871045 0.470168 0.020299 0.036134
5 0.113433 0.103361 0.014328 0.030252
35 0.631045 0.423109 0.016716 0.024370
35 0.821791 0.317647 0.022090 0.023529
35 0.868358 0.318487 0.022090 0.023529
35 0.892239 0.318908 0.020896 0.026050
5 0.056716 0.189916 0.013134 0.021849
8 0.352239 0.181933 0.017910 0.027731
2 0.353433 0.222269 0.015522 0.015966
0 0.294328 0.152101 0.009552 0.010084
2 0.061493 0.484454 0.019104 0.015966
4 0.297313 0.395798 0.013134 0.016807
2 0.312239 0.407983 0.019104 0.015966
0 0.233731 0.432773 0.007761 0.013445
0 0.286866 0.373529 0.011343 0.010924
2 0.489552 0.482773 0.019104 0.015966
0 0.600000 0.361765 0.010746 0.009244
0 0.633433 0.362605 0.010746 0.009244
0 0.700299 0.104202 0.010746 0.010084
0 0.798209 0.076471 0.010746 0.010084
0 0.725970 0.361765 0.010746 0.009244
0 0.773433 0.314286 0.005373 0.013445
3 0.782090 0.239076 0.015522 0.012605
2 0.599403 0.450000 0.019104 0.015966
2 0.632836 0.450000 0.019104 0.015966
22 0.862687 0.380252 0.015522 0.021008
3 0.874925 0.399580 0.012537 0.022689
3 0.874328 0.433613 0.011343 0.026891
2 0.909851 0.432773 0.016716 0.015126
2 0.909552 0.315126 0.010149 0.026891
3 0.874627 0.095378 0.015522 0.012605
2 0.874627 0.503361 0.016716 0.015126
3 0.600299 0.388235 0.008955 0.025210
0 0.812836 0.629412 0.010149 0.015126
0 0.609851 0.608403 0.007761 0.011765
0 0.301194 0.437815 0.008955 0.021849
0 0.503881 0.815966 0.011940 0.010084
6 0.077910 0.838235 0.024478 0.009244
0 0.095522 0.840756 0.007164 0.014286
