3 0.453731 0.750840 0.009552 0.024370
1 0.412537 0.803782 0.060896 0.054622
1 0.412836 0.189496 0.060299 0.054622
3 0.454030 0.633193 0.007761 0.026050
3 0.465373 0.808824 0.010149 0.026050
3 0.417910 0.270588 0.009552 0.023529
24 0.686269 0.179412 0.019701 0.032773
3 0.465373 0.452941 0.008955 0.023529
1 0.412537 0.323529 0.058507 0.055462
3 0.454030 0.134034 0.008955 0.026050
1 0.412537 0.685294 0.056119 0.056303
1 0.413433 0.446218 0.054328 0.055462
1 0.412239 0.563445 0.053134 0.054622
3 0.418507 0.392437 0.009552 0.025210
3 0.454030 0.508824 0.008955 0.026050
23 0.337910 0.677731 0.015522 0.019328
3 0.465970 0.568487 0.008955 0.024370
3 0.465672 0.690336 0.009552 0.024370
3 0.417910 0.511765 0.008358 0.025210
3 0.417910 0.751261 0.009552 0.025210
3 0.466269 0.329832 0.008358 0.024370
3 0.418209 0.632773 0.008955 0.026891
2 0.338209 0.854622 0.017313 0.016807
3 0.465075 0.194538 0.009552 0.026050
8 0.480299 0.307983 0.019701 0.026050
3 0.454627 0.270588 0.008955 0.025210
3 0.435522 0.634454 0.010149 0.023529
23 0.335522 0.315966 0.015522 0.021849
3 0.418209 0.136134 0.010149 0.025210
3 0.364478 0.796218 0.010149 0.026050
3 0.454328 0.391597 0.008358 0.026891
3 0.435522 0.134874 0.010149 0.022689
23 0.337612 0.796639 0.014925 0.021849
3 0.435224 0.509244 0.009552 0.023529
3 0.364179 0.556723 0.010746 0.026050
23 0.337910 0.437815 0.014328 0.020168
3 0.364478 0.678571 0.010149 0.024370
23 0.337612 0.181933 0.014925 0.022689
3 0.435522 0.751681 0.010149 0.022689
23 0.337910 0.555882 0.014328 0.021008
8 0.480896 0.428992 0.018507 0.027731
3 0.363881 0.181933 0.010149 0.024370
8 0.480896 0.173529 0.017313 0.024370
3 0.435224 0.392437 0.009552 0.023529
8 0.480597 0.786975 0.019104 0.026050
2 0.627463 0.164286 0.014328 0.015966
0 0.628358 0.193277 0.012537 0.011765
8 0.480299 0.547479 0.018507 0.027731
8 0.480896 0.674370 0.018507 0.027731
0 0.338209 0.110924 0.012537 0.011765
3 0.400000 0.138235 0.010746 0.026050
3 0.400597 0.272689 0.010746 0.024370
3 0.435522 0.272269 0.012537 0.023529
3 0.364179 0.318067 0.010746 0.026050
3 0.400000 0.395378 0.013134 0.026050
3 0.363881 0.440336 0.008955 0.021849
3 0.399403 0.511765 0.008358 0.025210
3 0.400597 0.634034 0.010746 0.022689
3 0.400896 0.751681 0.010149 0.024370
