1 0.227731 0.194675 0.078992 0.067456
2 0.420168 0.557988 0.025210 0.017751
4 0.159664 0.207101 0.016807 0.021302
3 0.555462 0.472189 0.011765 0.033136
2 0.321849 0.176923 0.011765 0.027219
2 0.184034 0.246746 0.026891 0.022485
3 0.139916 0.176923 0.024370 0.015385
3 0.270168 0.471598 0.012605 0.031953
3 0.173109 0.472189 0.011765 0.033136
3 0.386975 0.520118 0.022689 0.013018
0 0.121849 0.150888 0.013445 0.013018
35 0.236134 0.431361 0.023529 0.036686
35 0.584034 0.429586 0.025210 0.037870
35 0.168487 0.428994 0.024370 0.031953
0 0.135294 0.393491 0.013445 0.013018
0 0.556303 0.389941 0.013445 0.013018
35 0.551261 0.427219 0.025210 0.037870
35 0.521008 0.429586 0.025210 0.037870
35 0.266387 0.433728 0.023529 0.036686
35 0.297479 0.427811 0.023529 0.036686
35 0.202101 0.428994 0.024370 0.031953
35 0.131513 0.431361 0.024370 0.031953
11 0.414706 0.520710 0.019328 0.033136
0 0.327311 0.200592 0.010924 0.015385
41 0.302521 0.176923 0.011765 0.015385
41 0.302941 0.200000 0.012605 0.014201
