1 0.142857 0.165089 0.060504 0.081657
1 0.168067 0.591124 0.070588 0.152663
1 0.346218 0.164497 0.080672 0.075740
1 0.689496 0.205325 0.041176 0.081657
3 0.255882 0.188757 0.026050 0.015385
2 0.206303 0.207101 0.024370 0.016568
2 0.220168 0.655030 0.013445 0.024852
2 0.407983 0.265089 0.022689 0.018935
4 0.663866 0.134911 0.018487 0.018935
2 0.736555 0.197041 0.017647 0.020118
4 0.486975 0.212426 0.021008 0.029586
2 0.215966 0.525444 0.011765 0.023669
0 0.405882 0.175740 0.010084 0.015385
2 0.664286 0.095858 0.021008 0.018935
2 0.289916 0.189349 0.020168 0.016568
35 0.226891 0.389941 0.033613 0.029586
4 0.205462 0.166864 0.019328 0.018935
0 0.144538 0.367456 0.010084 0.022485
35 0.231513 0.342012 0.027731 0.030769
3 0.184454 0.366272 0.027731 0.017751
4 0.727311 0.236686 0.017647 0.016568
4 0.748319 0.235503 0.017647 0.016568
0 0.226891 0.568639 0.010084 0.022485
0 0.207563 0.130178 0.016807 0.016568
