3 0.715966 0.135503 0.010084 0.031953
3 0.715546 0.276923 0.010924 0.030769
3 0.690336 0.135503 0.010924 0.034320
3 0.765966 0.135503 0.010924 0.034320
3 0.741176 0.136095 0.010084 0.033136
1 0.680252 0.345562 0.073109 0.054438
1 0.680252 0.205325 0.078151 0.055621
3 0.798319 0.420118 0.013445 0.033136
3 0.765966 0.277515 0.010924 0.031953
3 0.344958 0.182840 0.014286 0.034320
3 0.690336 0.276923 0.010924 0.030769
24 0.953782 0.348521 0.033613 0.074556
3 0.797899 0.136095 0.014286 0.033136
3 0.664706 0.278107 0.011765 0.033136
3 0.622689 0.181065 0.013445 0.035503
3 0.797899 0.278107 0.014286 0.033136
1 0.678151 0.631953 0.070588 0.056805
3 0.320168 0.537870 0.026891 0.017751
1 0.234874 0.488166 0.098319 0.117160
3 0.740756 0.277515 0.010924 0.031953
3 0.798319 0.561538 0.013445 0.031953
1 0.150840 0.188757 0.081513 0.065089
1 0.676471 0.490533 0.063866 0.057988
1 0.253361 0.285207 0.081513 0.068639
3 0.320588 0.514201 0.026050 0.017751
3 0.899160 0.610059 0.015126 0.034320
1 0.253782 0.188757 0.082353 0.062722
3 0.740756 0.420118 0.010924 0.030769
3 0.664706 0.136095 0.011765 0.033136
2 0.404202 0.221302 0.021849 0.016568
3 0.152101 0.594675 0.026891 0.017751
2 0.108824 0.610651 0.022689 0.018935
2 0.456723 0.501775 0.014286 0.026036
3 0.740756 0.560947 0.010924 0.033136
1 0.151261 0.284024 0.082353 0.068639
3 0.715126 0.560947 0.011765 0.030769
2 0.856723 0.695266 0.024370 0.017751
1 0.929832 0.176923 0.054622 0.067456
2 0.402941 0.611834 0.024370 0.018935
3 0.765546 0.560947 0.011765 0.033136
2 0.900000 0.695858 0.023529 0.016568
3 0.765546 0.419527 0.011765 0.031953
3 0.621849 0.608876 0.013445 0.031953
3 0.622269 0.323669 0.014286 0.031953
3 0.621849 0.465089 0.013445 0.030769
3 0.076050 0.194083 0.014286 0.033136
0 0.890756 0.102367 0.011765 0.010651
3 0.360924 0.490533 0.026050 0.017751
3 0.428571 0.501775 0.025210 0.018935
3 0.664706 0.420710 0.011765 0.034320
3 0.152101 0.631361 0.026891 0.017751
3 0.664286 0.562722 0.012605 0.034320
2 0.891176 0.210059 0.022689 0.017751
3 0.051261 0.195266 0.013445 0.035503
2 0.370168 0.578107 0.021008 0.017751
3 0.319328 0.324852 0.016807 0.034320
35 0.899160 0.658580 0.023529 0.036686
3 0.715546 0.419527 0.010924 0.031953
3 0.428571 0.408284 0.026891 0.018935
3 0.690336 0.560947 0.010924 0.030769
3 0.429412 0.455030 0.026891 0.017751
0 0.848319 0.102367 0.014286 0.010651
2 0.389076 0.489349 0.013445 0.024852
3 0.109244 0.538462 0.015126 0.040237
3 0.386975 0.560947 0.027731 0.018935
0 0.445798 0.362722 0.015966 0.013018
7 0.890336 0.301775 0.026050 0.018935
3 0.689916 0.419527 0.010084 0.029586
2 0.347059 0.537278 0.013445 0.023669
35 0.800000 0.188166 0.020168 0.030769
35 0.800420 0.611834 0.022689 0.040237
4 0.378151 0.183432 0.018487 0.026036
3 0.428151 0.431361 0.027731 0.017751
4 0.587395 0.228994 0.021849 0.027219
35 0.801681 0.330178 0.023529 0.040237
4 0.589076 0.372781 0.021849 0.028402
3 0.429832 0.476923 0.024370 0.018935
35 0.801261 0.469231 0.022689 0.039053
1 0.479412 0.187574 0.061345 0.065089
8 0.757983 0.623669 0.025210 0.042604
0 0.899160 0.575148 0.015126 0.011834
4 0.589496 0.511243 0.022689 0.035503
0 0.050840 0.160947 0.014286 0.011834
35 0.347059 0.233136 0.023529 0.037870
4 0.402941 0.182249 0.017647 0.021302
35 0.899160 0.658580 0.023529 0.036686
4 0.327731 0.400000 0.020168 0.028402
22 0.428571 0.182249 0.021849 0.026036
8 0.757983 0.478107 0.025210 0.042604
22 0.487395 0.572781 0.021849 0.026036
4 0.621849 0.232544 0.021849 0.027219
4 0.621849 0.369231 0.021849 0.028402
4 0.622269 0.514793 0.022689 0.035503
4 0.590336 0.656805 0.022689 0.035503
8 0.757983 0.342012 0.025210 0.042604
8 0.757143 0.194675 0.025210 0.043787
7 0.891176 0.324260 0.026050 0.018935
7 0.891176 0.351479 0.026050 0.018935
7 0.891176 0.369231 0.026050 0.018935
7 0.892017 0.397633 0.026050 0.018935
7 0.890336 0.136686 0.017647 0.031953
4 0.352941 0.397633 0.018487 0.026036
4 0.378151 0.397633 0.018487 0.026036
4 0.302521 0.396450 0.020168 0.028402
4 0.134454 0.538462 0.020168 0.028402
4 0.159664 0.540828 0.020168 0.028402
4 0.437815 0.572781 0.020168 0.028402
4 0.462185 0.575148 0.020168 0.028402
4 0.622269 0.658580 0.022689 0.027219
4 0.941597 0.655030 0.022689 0.027219
0 0.402521 0.147337 0.016807 0.013018
0 0.345798 0.514201 0.010924 0.015385
0 0.486555 0.539645 0.016807 0.011834
0 0.310924 0.160355 0.016807 0.013018
