1 0.458824 0.244970 0.084034 0.078107
3 0.285294 0.584024 0.012605 0.031953
3 0.234874 0.607692 0.014286 0.031953
3 0.571849 0.632544 0.027731 0.020118
2 0.378571 0.634911 0.024370 0.020118
3 0.665126 0.207101 0.015966 0.035503
1 0.819328 0.259763 0.050420 0.067456
2 0.509664 0.525444 0.014286 0.030769
3 0.681933 0.643195 0.014286 0.036686
3 0.210084 0.277515 0.013445 0.034320
3 0.210504 0.230178 0.012605 0.031953
2 0.566387 0.182840 0.013445 0.029586
2 0.437815 0.683432 0.023529 0.017751
3 0.536975 0.632544 0.026891 0.017751
2 0.664286 0.292899 0.026050 0.017751
2 0.235294 0.742604 0.023529 0.017751
2 0.210924 0.363905 0.023529 0.017751
2 0.509664 0.631953 0.014286 0.030769
3 0.285714 0.537278 0.013445 0.033136
2 0.510084 0.562130 0.013445 0.030769
2 0.715126 0.292899 0.025210 0.017751
3 0.723109 0.595858 0.014286 0.034320
0 0.664286 0.173964 0.014286 0.014201
3 0.437395 0.597041 0.015966 0.034320
3 0.327311 0.681065 0.029412 0.022485
2 0.566387 0.255030 0.015126 0.027219
3 0.328151 0.561538 0.024370 0.020118
2 0.681933 0.729586 0.024370 0.017751
3 0.311345 0.300592 0.027731 0.016568
2 0.285714 0.623669 0.023529 0.016568
35 0.439496 0.648521 0.026891 0.047337
3 0.361765 0.479290 0.026050 0.018935
23 0.344538 0.226627 0.023529 0.031953
2 0.412185 0.508876 0.021008 0.018935
2 0.344958 0.269231 0.022689 0.017751
0 0.344958 0.195266 0.012605 0.011834
4 0.293277 0.230769 0.023529 0.028402
22 0.723109 0.643195 0.024370 0.029586
3 0.537815 0.253254 0.025210 0.018935
0 0.569748 0.231361 0.011765 0.015385
3 0.537815 0.289941 0.026891 0.018935
4 0.528992 0.206509 0.019328 0.022485
35 0.664286 0.257988 0.022689 0.042604
0 0.285714 0.505325 0.013445 0.011834
3 0.311345 0.255030 0.026050 0.017751
6 0.371008 0.206509 0.032773 0.017751
4 0.267647 0.228994 0.024370 0.024852
0 0.715126 0.215976 0.015126 0.013018
7 0.773950 0.231361 0.026891 0.017751
3 0.537395 0.560355 0.026050 0.017751
5 0.394958 0.233136 0.021849 0.030769
0 0.234874 0.574556 0.014286 0.010651
35 0.722689 0.695266 0.021849 0.036686
2 0.268908 0.269822 0.023529 0.016568
0 0.268908 0.195858 0.013445 0.010651
20 0.202941 0.330769 0.026050 0.046154
35 0.681513 0.696450 0.021849 0.036686
22 0.235714 0.675148 0.024370 0.029586
23 0.715966 0.250296 0.023529 0.031953
22 0.755882 0.256213 0.024370 0.029586
0 0.378151 0.514793 0.013445 0.011834
4 0.555042 0.206509 0.019328 0.022485
4 0.184454 0.232544 0.024370 0.024852
4 0.202101 0.608876 0.024370 0.024852
4 0.312185 0.585207 0.024370 0.024852
4 0.271008 0.702367 0.024370 0.024852
4 0.537815 0.527219 0.018487 0.034320
4 0.394118 0.524852 0.018487 0.034320
