1 0.621493 0.150420 0.083582 0.159664
4 0.520000 0.875210 0.013134 0.015966
4 0.520597 0.736555 0.013134 0.017647
1 0.230448 0.231513 0.038209 0.029412
1 0.512836 0.423950 0.089552 0.160504
1 0.289552 0.198319 0.041791 0.028571
1 0.289254 0.832773 0.041194 0.031933
4 0.555224 0.593697 0.013134 0.019328
1 0.228657 0.615546 0.037015 0.029412
1 0.230149 0.423109 0.041194 0.029412
1 0.289254 0.639916 0.041194 0.032773
1 0.464179 0.601261 0.044776 0.054622
1 0.803881 0.542857 0.063881 0.121008
1 0.110448 0.181092 0.040597 0.029412
1 0.229254 0.808824 0.038209 0.029412
1 0.290448 0.775630 0.041194 0.030252
2 0.166567 0.097899 0.009552 0.019328
1 0.111343 0.373529 0.041194 0.029412
1 0.171045 0.533193 0.041194 0.031092
1 0.289552 0.450420 0.041791 0.030252
1 0.290149 0.582353 0.040597 0.030252
1 0.483881 0.881933 0.030448 0.041176
1 0.171045 0.146639 0.041194 0.029412
1 0.170746 0.725210 0.041791 0.031933
1 0.111642 0.566807 0.041791 0.029412
1 0.289851 0.389496 0.041194 0.029412
1 0.170149 0.340756 0.041791 0.031092
2 0.166866 0.484874 0.008955 0.018487
1 0.487164 0.744538 0.028657 0.040336
4 0.451343 0.880252 0.013134 0.014286
4 0.134030 0.812605 0.011343 0.018487
4 0.468955 0.105882 0.012537 0.016807
2 0.055224 0.208403 0.011343 0.020168
1 0.289552 0.255882 0.041791 0.031092
2 0.345373 0.165546 0.010149 0.021849
1 0.111045 0.759664 0.041791 0.028571
2 0.166866 0.678151 0.010149 0.018487
2 0.695522 0.310084 0.016716 0.015126
1 0.110149 0.119748 0.042388 0.031092
2 0.234030 0.863866 0.009552 0.023529
2 0.055224 0.788655 0.011343 0.021008
2 0.808358 0.250000 0.009552 0.021008
1 0.110448 0.314706 0.041791 0.031092
2 0.451343 0.771429 0.017910 0.013445
1 0.110149 0.509664 0.041194 0.031092
1 0.110448 0.700000 0.040597 0.030252
1 0.171045 0.205882 0.041194 0.028571
24 0.426866 0.478992 0.017910 0.045378
4 0.588358 0.594118 0.013731 0.018487
2 0.843582 0.500420 0.008358 0.019328
4 0.546269 0.102941 0.011940 0.014286
2 0.055224 0.401681 0.011343 0.020168
2 0.519701 0.768067 0.017313 0.013445
4 0.567761 0.485294 0.013134 0.015966
2 0.055224 0.594958 0.011343 0.020168
2 0.567761 0.512605 0.017910 0.013445
4 0.495821 0.106723 0.011343 0.018487
4 0.252836 0.668908 0.011343 0.018487
4 0.522090 0.594118 0.013731 0.016807
4 0.134328 0.619328 0.011940 0.015126
2 0.166866 0.291176 0.010149 0.019328
0 0.519701 0.840336 0.008955 0.008403
1 0.170149 0.589496 0.041791 0.034454
4 0.683284 0.157143 0.010149 0.018487
4 0.135224 0.428571 0.011343 0.021849
1 0.170448 0.396639 0.042388 0.033613
1 0.170746 0.784034 0.041791 0.033613
2 0.344478 0.552101 0.009552 0.021849
1 0.230448 0.557143 0.040597 0.031933
4 0.439104 0.105882 0.012537 0.016807
4 0.253433 0.285714 0.012537 0.018487
2 0.811642 0.614706 0.014925 0.010924
1 0.230149 0.749160 0.041194 0.031092
1 0.230149 0.364706 0.041194 0.031933
4 0.252537 0.862185 0.011940 0.018487
4 0.134627 0.234874 0.011343 0.019328
1 0.230746 0.171008 0.041194 0.031092
4 0.206269 0.695798 0.012537 0.015126
2 0.761493 0.578571 0.012537 0.021008
4 0.205970 0.309244 0.013134 0.016807
2 0.344776 0.359244 0.010149 0.021008
2 0.085970 0.522269 0.011940 0.012605
2 0.085970 0.328571 0.011940 0.013445
2 0.145970 0.741597 0.012537 0.014286
2 0.344478 0.745378 0.009552 0.020168
4 0.265970 0.535714 0.010149 0.017647
2 0.085970 0.134874 0.011940 0.012605
3 0.695821 0.281933 0.008955 0.021008
2 0.144776 0.353782 0.012537 0.013445
4 0.147463 0.484874 0.010746 0.018487
4 0.147164 0.099160 0.010149 0.018487
75 0.767164 0.178571 0.015522 0.024370
2 0.145373 0.546639 0.012537 0.014286
4 0.147164 0.291597 0.010149 0.018487
2 0.206866 0.379832 0.012537 0.015126
4 0.253433 0.478151 0.012537 0.021849
4 0.206269 0.502521 0.012537 0.016807
4 0.265970 0.729412 0.011343 0.018487
2 0.844179 0.578992 0.008358 0.023529
4 0.147164 0.678571 0.011343 0.019328
2 0.085970 0.715546 0.011940 0.014286
2 0.494030 0.182353 0.010149 0.021849
2 0.206866 0.573109 0.012537 0.015126
2 0.207164 0.185714 0.013134 0.015126
2 0.145075 0.159664 0.011940 0.011765
2 0.265672 0.597479 0.011940 0.011765
4 0.677612 0.282773 0.013134 0.012605
4 0.266269 0.342017 0.010746 0.018487
4 0.193433 0.837815 0.014328 0.018487
2 0.517313 0.090336 0.008955 0.019328
2 0.114925 0.427311 0.010149 0.019328
2 0.233731 0.283193 0.008955 0.018487
2 0.265373 0.404202 0.010149 0.013445
0 0.436119 0.578151 0.011343 0.011765
4 0.266269 0.150840 0.009552 0.019328
2 0.207164 0.767227 0.011940 0.015126
2 0.114925 0.813445 0.011343 0.021849
2 0.115224 0.620168 0.010746 0.020168
2 0.265373 0.790336 0.012537 0.012605
3 0.716418 0.249160 0.021493 0.012605
2 0.233731 0.477311 0.008955 0.018487
0 0.519701 0.704622 0.010149 0.009244
2 0.114925 0.233613 0.010149 0.020168
4 0.206567 0.115546 0.011940 0.017647
2 0.233731 0.670588 0.008955 0.018487
4 0.074328 0.210504 0.013731 0.017647
0 0.440597 0.456303 0.009552 0.008403
2 0.265672 0.210084 0.010746 0.011765
2 0.254328 0.211345 0.013134 0.012605
2 0.173433 0.839076 0.011343 0.022689
3 0.521493 0.105462 0.011343 0.026050
3 0.788358 0.249580 0.018507 0.013445
4 0.785970 0.279832 0.013731 0.016807
2 0.193134 0.769748 0.013731 0.013445
2 0.254328 0.405462 0.011940 0.014286
4 0.075821 0.786975 0.013134 0.017647
0 0.668657 0.139076 0.005970 0.012605
2 0.253731 0.601261 0.013134 0.012605
4 0.074030 0.401681 0.013134 0.018487
2 0.194328 0.188235 0.007761 0.015126
2 0.194328 0.574790 0.007761 0.015126
2 0.194328 0.381513 0.013731 0.015126
2 0.432836 0.123529 0.010746 0.020168
4 0.074030 0.594958 0.013134 0.018487
0 0.092239 0.594538 0.008955 0.010924
0 0.092239 0.401681 0.008955 0.011765
2 0.226567 0.695798 0.011343 0.018487
2 0.226567 0.502101 0.011343 0.019328
2 0.701493 0.089916 0.010746 0.023529
2 0.226269 0.308403 0.011940 0.018487
4 0.192836 0.453361 0.013134 0.017647
2 0.285373 0.728571 0.010746 0.020168
4 0.325970 0.360924 0.013134 0.015966
2 0.173134 0.644538 0.010746 0.020168
4 0.683582 0.199580 0.011940 0.021008
0 0.092239 0.788235 0.007761 0.011765
4 0.324478 0.168487 0.012537 0.022689
0 0.209254 0.258403 0.010149 0.012605
2 0.226567 0.115126 0.011343 0.021849
2 0.173134 0.450840 0.010746 0.019328
4 0.193433 0.259244 0.009552 0.019328
4 0.679104 0.249580 0.012537 0.018487
3 0.747463 0.250420 0.019104 0.015126
2 0.253731 0.794538 0.013134 0.012605
4 0.325672 0.554202 0.011343 0.021008
4 0.193731 0.645798 0.011343 0.021008
4 0.325672 0.748319 0.010149 0.019328
4 0.449851 0.748319 0.014925 0.014286
2 0.134328 0.164286 0.014328 0.012605
2 0.172836 0.258824 0.012537 0.021849
2 0.285672 0.151261 0.008955 0.020168
2 0.314328 0.239916 0.014925 0.015966
2 0.285075 0.343277 0.011343 0.021008
2 0.134030 0.357563 0.014925 0.014286
2 0.313731 0.433193 0.017313 0.014286
2 0.285075 0.536975 0.011343 0.023529
2 0.313433 0.626471 0.015522 0.012605
2 0.134925 0.744958 0.013134 0.012605
2 0.314627 0.820588 0.015522 0.014286
2 0.438507 0.501681 0.016119 0.013445
2 0.495821 0.608824 0.018507 0.015966
2 0.450448 0.905462 0.014925 0.014286
2 0.676716 0.082353 0.011343 0.020168
2 0.569552 0.448739 0.010746 0.021849
2 0.522687 0.624370 0.017313 0.018487
2 0.761791 0.503782 0.014328 0.021008
7 0.894030 0.519328 0.022090 0.020168
0 0.918806 0.521429 0.008358 0.017647
0 0.437910 0.082773 0.010149 0.007563
0 0.451045 0.705042 0.016119 0.013445
0 0.523881 0.570588 0.016119 0.013445
0 0.617612 0.465126 0.008955 0.019328
3 0.589552 0.465966 0.018507 0.019328
0 0.126866 0.099160 0.008955 0.010084
0 0.187761 0.115966 0.006567 0.015126
0 0.151045 0.233613 0.005970 0.015126
0 0.247463 0.149580 0.007761 0.011765
0 0.308358 0.166807 0.007761 0.015966
0 0.271343 0.284874 0.006567 0.016807
0 0.248657 0.344118 0.007761 0.014286
0 0.189851 0.310084 0.007164 0.013445
0 0.127761 0.292437 0.005970 0.010084
0 0.151045 0.428151 0.005970 0.012605
0 0.210746 0.451681 0.005970 0.010924
0 0.307164 0.360084 0.007761 0.014286
0 0.271045 0.477311 0.007164 0.013445
0 0.188060 0.503782 0.007164 0.010924
0 0.128060 0.486134 0.007761 0.014286
0 0.152537 0.621849 0.007761 0.015126
0 0.211343 0.646639 0.005970 0.015966
0 0.307164 0.555462 0.007761 0.015126
0 0.272537 0.671008 0.008955 0.010924
0 0.248060 0.728571 0.010149 0.013445
0 0.188060 0.696639 0.009552 0.016807
0 0.128955 0.677731 0.007164 0.010924
0 0.150746 0.816387 0.006567 0.012605
0 0.212537 0.839496 0.005970 0.013445
0 0.272239 0.866807 0.008358 0.012605
0 0.308657 0.747479 0.008358 0.015966
0 0.248358 0.536134 0.007164 0.011765
4 0.528060 0.146639 0.008955 0.019328
4 0.725373 0.163025 0.008358 0.018487
4 0.725075 0.180672 0.008955 0.018487
4 0.725075 0.197899 0.010149 0.015966
4 0.725672 0.215966 0.008955 0.021849
22 0.743582 0.231513 0.016119 0.017647
75 0.704478 0.144958 0.015522 0.024370
3 0.528358 0.185294 0.015522 0.012605
21 0.530448 0.165126 0.020896 0.015966
0 0.452239 0.840336 0.016119 0.013445
2 0.519104 0.906303 0.014925 0.014286
