3 0.354030 0.875210 0.010746 0.026050
1 0.160896 0.627731 0.065075 0.127731
3 0.602985 0.660924 0.009552 0.026050
3 0.632537 0.661765 0.010149 0.026050
2 0.620000 0.547479 0.010149 0.021008
1 0.432836 0.629412 0.068060 0.124370
1 0.526269 0.117647 0.059104 0.050420
1 0.713134 0.628151 0.065075 0.126891
2 0.068060 0.540336 0.010746 0.021849
2 0.509552 0.195798 0.010149 0.023529
1 0.153433 0.841176 0.064478 0.126050
1 0.067761 0.375630 0.078209 0.117647
2 0.220896 0.844958 0.016716 0.014286
2 0.619403 0.575630 0.010149 0.018487
1 0.435821 0.844538 0.064478 0.127731
3 0.322388 0.660084 0.009552 0.026050
3 0.080597 0.657983 0.010746 0.026891
4 0.626866 0.173109 0.013134 0.018487
2 0.782388 0.634454 0.018507 0.015126
2 0.046269 0.795378 0.010149 0.022689
2 0.479104 0.828571 0.008955 0.025210
3 0.080299 0.874370 0.010149 0.024370
2 0.504478 0.844538 0.016716 0.013445
3 0.645373 0.130672 0.008358 0.026050
2 0.068060 0.456303 0.017910 0.015126
2 0.161493 0.720168 0.016119 0.011765
4 0.355821 0.152101 0.014328 0.025210
2 0.341791 0.758403 0.011343 0.022689
3 0.554925 0.160084 0.007761 0.027731
3 0.376716 0.792017 0.022687 0.012605
2 0.047761 0.179412 0.013134 0.012605
2 0.502090 0.629832 0.017910 0.014286
2 0.757015 0.615546 0.008358 0.022689
3 0.095224 0.792437 0.018507 0.011765
2 0.698209 0.177311 0.017313 0.015126
2 0.713731 0.722689 0.017313 0.013445
1 0.118209 0.173529 0.048955 0.068067
4 0.318806 0.575630 0.011940 0.018487
3 0.351642 0.661765 0.010746 0.024370
1 0.921493 0.097479 0.031642 0.053782
2 0.195821 0.829412 0.008358 0.023529
2 0.068657 0.298319 0.015522 0.013445
2 0.627761 0.204202 0.018507 0.015126
3 0.321791 0.122269 0.009552 0.027731
24 0.148955 0.063445 0.020896 0.034454
2 0.322687 0.199160 0.018507 0.015126
4 0.319104 0.542437 0.012537 0.019328
3 0.469851 0.677731 0.008358 0.026050
2 0.045373 0.761765 0.009552 0.021008
4 0.047761 0.539916 0.013134 0.019328
2 0.229851 0.626050 0.017910 0.015126
2 0.432836 0.722689 0.016716 0.013445
0 0.035821 0.489916 0.010746 0.010084
4 0.642090 0.088655 0.011343 0.019328
2 0.123284 0.121008 0.013731 0.015126
26 0.782090 0.601681 0.014328 0.020168
2 0.189552 0.193277 0.013731 0.013445
26 0.699104 0.132353 0.013134 0.022689
2 0.109552 0.121429 0.012537 0.012605
2 0.085373 0.194118 0.014328 0.013445
3 0.472537 0.892437 0.008955 0.025210
4 0.611642 0.089076 0.012537 0.016807
4 0.600896 0.579832 0.014925 0.016807
4 0.663284 0.149580 0.011940 0.021849
2 0.120896 0.078151 0.013731 0.020168
3 0.330448 0.051681 0.016119 0.014286
0 0.271343 0.036555 0.011343 0.009244
2 0.525672 0.071429 0.016119 0.013445
3 0.376716 0.805042 0.021493 0.015126
2 0.068657 0.572689 0.010746 0.015966
3 0.376119 0.807563 0.019104 0.011765
2 0.154627 0.163866 0.009552 0.018487
2 0.364776 0.367647 0.011940 0.021008
3 0.584478 0.160084 0.009552 0.027731
4 0.048657 0.572689 0.013731 0.015966
4 0.065373 0.796218 0.013731 0.015966
2 0.343582 0.065126 0.014925 0.014286
2 0.339403 0.544118 0.011343 0.024370
4 0.322687 0.164706 0.014925 0.020168
4 0.064776 0.763025 0.012537 0.020168
4 0.322687 0.790336 0.014925 0.017647
3 0.197910 0.673950 0.010149 0.025210
2 0.096119 0.082353 0.015522 0.013445
2 0.341493 0.789916 0.010746 0.018487
3 0.652239 0.580252 0.019701 0.012605
0 0.044478 0.300420 0.008955 0.009244
4 0.600896 0.545798 0.012537 0.017647
2 0.794030 0.255462 0.017910 0.015126
2 0.123582 0.227731 0.014328 0.015126
4 0.323284 0.757983 0.011343 0.020168
0 0.092836 0.300840 0.010149 0.010084
3 0.777015 0.222689 0.010149 0.026891
2 0.898507 0.073529 0.013134 0.014286
0 0.122388 0.046639 0.010746 0.014286
2 0.204776 0.611345 0.010746 0.021008
2 0.109552 0.228151 0.011343 0.012605
16 0.074328 0.060504 0.028060 0.026891
0 0.081194 0.174370 0.008358 0.010924
35 0.309254 0.055882 0.017910 0.024370
2 0.477015 0.614286 0.010746 0.025210
2 0.946866 0.060924 0.009552 0.021008
0 0.096716 0.043277 0.010746 0.014286
3 0.060896 0.168487 0.017910 0.010924
3 0.176119 0.185294 0.019104 0.010924
0 0.272239 0.090336 0.010746 0.014286
35 0.394030 0.177731 0.017910 0.024370
35 0.383881 0.299580 0.017910 0.024370
35 0.383284 0.324790 0.017910 0.024370
35 0.382687 0.349160 0.017910 0.024370
35 0.383881 0.392857 0.017910 0.024370
35 0.382687 0.420588 0.017910 0.024370
35 0.382687 0.446639 0.017910 0.024370
35 0.437015 0.167647 0.017910 0.024370
35 0.450746 0.177731 0.017910 0.024370
35 0.477015 0.168487 0.017910 0.024370
29 0.534030 0.194958 0.030448 0.020168
6 0.600299 0.117227 0.024478 0.012605
3 0.626269 0.136555 0.008358 0.026050
2 0.627164 0.064706 0.016119 0.013445
3 0.775821 0.182353 0.010149 0.026891
3 0.811045 0.181513 0.010149 0.026891
3 0.811642 0.226050 0.010149 0.026891
3 0.742090 0.117227 0.017910 0.014286
10 0.792537 0.140756 0.014925 0.032773
0 0.587463 0.528151 0.009552 0.009244
3 0.653433 0.588655 0.019701 0.012605
3 0.653433 0.596218 0.019701 0.012605
3 0.748955 0.681092 0.010149 0.026050
35 0.631045 0.633193 0.017910 0.024370
35 0.601194 0.633193 0.017910 0.024370
26 0.501493 0.604202 0.014328 0.020168
3 0.374030 0.579412 0.019701 0.012605
3 0.374030 0.587815 0.019701 0.012605
3 0.374030 0.597059 0.019701 0.012605
35 0.352239 0.634034 0.017910 0.024370
35 0.319403 0.633193 0.017910 0.024370
0 0.306866 0.516387 0.009552 0.009244
0 0.309851 0.743277 0.009552 0.009244
3 0.324776 0.880252 0.010746 0.026050
35 0.323582 0.848319 0.017910 0.024370
35 0.354030 0.847479 0.017910 0.024370
26 0.505672 0.821849 0.014328 0.020168
2 0.437015 0.940336 0.016716 0.013445
3 0.188358 0.895798 0.010149 0.025210
2 0.153134 0.941176 0.016119 0.011765
3 0.102388 0.576050 0.019701 0.012605
3 0.102388 0.586134 0.019701 0.012605
3 0.101791 0.592017 0.019701 0.012605
3 0.097015 0.802521 0.018507 0.011765
3 0.096418 0.810084 0.018507 0.011765
0 0.077015 0.744538 0.010746 0.010084
3 0.050746 0.659664 0.010746 0.026891
35 0.045970 0.628992 0.017910 0.024370
35 0.079104 0.631513 0.018507 0.024370
35 0.049552 0.844118 0.017910 0.024370
35 0.076716 0.842437 0.018507 0.024370
3 0.049851 0.879412 0.010149 0.024370
26 0.229851 0.599160 0.014328 0.020168
26 0.219701 0.820168 0.014328 0.020168
