3 0.378806 0.666387 0.010149 0.026891
3 0.567761 0.665546 0.008358 0.026891
4 0.552836 0.704202 0.014328 0.015126
1 0.633433 0.360924 0.044179 0.042857
1 0.343284 0.098319 0.057313 0.107563
1 0.848060 0.126050 0.054328 0.072269
2 0.457313 0.751681 0.017910 0.014286
4 0.890149 0.169328 0.014328 0.014286
2 0.292836 0.193697 0.019701 0.014286
2 0.241493 0.138655 0.017313 0.013445
3 0.468657 0.657143 0.009552 0.023529
8 0.605373 0.398319 0.019104 0.026891
2 0.847164 0.440336 0.016716 0.013445
2 0.367164 0.355462 0.016716 0.015126
24 0.233731 0.379412 0.029254 0.056303
1 0.537612 0.119328 0.050746 0.038655
1 0.423881 0.690336 0.052537 0.039496
2 0.235821 0.668067 0.016716 0.015126
4 0.457313 0.719748 0.011940 0.017647
4 0.509254 0.348739 0.011940 0.016807
24 0.373731 0.744538 0.020299 0.040336
3 0.263284 0.069328 0.019104 0.010924
2 0.089851 0.419328 0.014925 0.013445
2 0.383284 0.158403 0.017910 0.014286
2 0.066866 0.087395 0.009552 0.021849
2 0.286866 0.397059 0.017313 0.014286
2 0.068955 0.419748 0.014925 0.014286
25 0.310149 0.159664 0.010149 0.026891
4 0.366567 0.312605 0.011940 0.018487
4 0.570149 0.144958 0.013134 0.017647
24 0.086269 0.378151 0.020896 0.057143
2 0.371045 0.690336 0.008955 0.021008
3 0.565075 0.417227 0.019701 0.012605
2 0.889851 0.196639 0.019701 0.016807
3 0.262985 0.119748 0.020896 0.010924
2 0.594627 0.352941 0.013134 0.011765
2 0.486269 0.134454 0.017313 0.013445
2 0.088955 0.335294 0.014328 0.013445
2 0.674030 0.423950 0.016716 0.012605
3 0.528657 0.173109 0.020896 0.013445
3 0.035821 0.075630 0.005970 0.023529
2 0.809254 0.197059 0.018507 0.014286
2 0.805970 0.087815 0.015522 0.015966
3 0.565075 0.340336 0.010149 0.023529
2 0.660000 0.179412 0.017313 0.014286
3 0.126269 0.700000 0.018507 0.011765
2 0.641791 0.151261 0.017910 0.013445
4 0.595224 0.144958 0.010746 0.022689
4 0.808060 0.165126 0.013731 0.019328
4 0.211343 0.636555 0.014328 0.014286
22 0.139701 0.615546 0.016716 0.019328
4 0.668657 0.394538 0.010746 0.019328
0 0.266269 0.281933 0.010746 0.009244
4 0.537015 0.074370 0.019701 0.017647
0 0.380299 0.600000 0.010746 0.010084
41 0.062985 0.210084 0.013731 0.013445
3 0.659403 0.092857 0.007761 0.022689
0 0.244776 0.609244 0.008358 0.010084
3 0.577313 0.702941 0.009552 0.024370
2 0.209254 0.449160 0.018507 0.014286
0 0.906866 0.120168 0.008358 0.015126
41 0.107463 0.617227 0.014328 0.012605
2 0.570149 0.185294 0.016716 0.014286
2 0.469254 0.619748 0.016716 0.014286
6 0.592836 0.089496 0.022687 0.009244
4 0.523582 0.349580 0.011940 0.020168
3 0.576119 0.362605 0.017910 0.010924
4 0.542388 0.349160 0.012537 0.019328
41 0.221493 0.209244 0.010746 0.011765
0 0.368358 0.280252 0.009552 0.007563
24 0.112836 0.118487 0.019104 0.142857
4 0.685970 0.394538 0.010746 0.019328
4 0.642388 0.116387 0.011940 0.014286
2 0.588060 0.730252 0.016716 0.013445
29 0.842090 0.410504 0.018507 0.054622
0 0.771642 0.137395 0.008955 0.010924
22 0.313433 0.288655 0.016716 0.017647
2 0.543582 0.378151 0.017313 0.015126
30 0.621194 0.461345 0.042388 0.042017
2 0.088955 0.039076 0.013134 0.014286
15 0.113433 0.673109 0.019104 0.028571
25 0.291940 0.157143 0.010746 0.026891
25 0.280000 0.159664 0.010746 0.026891
25 0.193433 0.418487 0.010746 0.026891
25 0.181493 0.420168 0.010746 0.026891
25 0.170149 0.418487 0.010746 0.026891
22 0.591045 0.327311 0.016716 0.017647
4 0.236418 0.636555 0.014328 0.014286
4 0.701194 0.397899 0.012537 0.019328
4 0.623881 0.118067 0.011940 0.014286
3 0.041791 0.074370 0.007164 0.024370
0 0.074030 0.063025 0.009552 0.008403
0 0.265672 0.319748 0.009552 0.009244
0 0.209552 0.358403 0.010746 0.010924
0 0.090448 0.606303 0.011343 0.009244
0 0.120299 0.607983 0.014925 0.014286
0 0.090746 0.668908 0.013134 0.010084
0 0.176119 0.662185 0.013134 0.016807
0 0.481493 0.694118 0.014925 0.015126
0 0.522985 0.308403 0.010746 0.015126
0 0.659701 0.063866 0.011940 0.015126
15 0.312836 0.327731 0.019104 0.026891
3 0.528657 0.200840 0.020896 0.013445
6 0.629552 0.325630 0.026866 0.012605
3 0.285970 0.370588 0.009552 0.026891
2 0.153731 0.713445 0.018507 0.013445
2 0.191642 0.221849 0.016716 0.011765
2 0.250746 0.222689 0.015522 0.015126
0 0.641791 0.081933 0.013134 0.015966
35 0.662090 0.141597 0.016716 0.021008
35 0.380597 0.634874 0.019701 0.027731
