1 0.541194 0.096639 0.049552 0.094118
1 0.250149 0.612605 0.076418 0.122689
1 0.152836 0.109244 0.056119 0.119328
1 0.801493 0.531933 0.051940 0.047059
1 0.331343 0.120588 0.042985 0.044538
1 0.091343 0.872269 0.025075 0.048739
1 0.354925 0.872689 0.025672 0.047899
29 0.224179 0.361345 0.037612 0.031933
2 0.884179 0.178151 0.017910 0.015126
1 0.303881 0.872689 0.025075 0.047899
4 0.207761 0.102941 0.013134 0.014286
2 0.564776 0.402101 0.016716 0.014286
0 0.444776 0.032773 0.008358 0.006723
2 0.704776 0.595378 0.017313 0.014286
24 0.898209 0.531092 0.018507 0.036975
24 0.851642 0.119748 0.028060 0.052941
35 0.480896 0.363445 0.016119 0.021008
24 0.397910 0.876471 0.019701 0.040336
1 0.081791 0.356723 0.051343 0.041176
1 0.196119 0.871849 0.025672 0.047899
2 0.241791 0.133613 0.015522 0.013445
1 0.250448 0.872689 0.028060 0.047899
3 0.704776 0.560084 0.010149 0.026050
4 0.865970 0.649580 0.012537 0.023529
1 0.800299 0.649580 0.051940 0.047059
4 0.354030 0.298739 0.016716 0.017647
0 0.728955 0.315126 0.009552 0.008403
2 0.478209 0.406723 0.016716 0.013445
3 0.421194 0.627311 0.010149 0.026050
2 0.328060 0.244538 0.016119 0.015126
2 0.047463 0.823109 0.017313 0.014286
1 0.145970 0.871849 0.025672 0.049580
4 0.221493 0.858403 0.013134 0.014286
24 0.562090 0.598319 0.026866 0.031933
4 0.388657 0.366807 0.013134 0.015966
2 0.836119 0.388235 0.018507 0.015126
4 0.308060 0.627731 0.014328 0.016807
2 0.639701 0.406723 0.018507 0.015126
4 0.114030 0.384874 0.013134 0.013445
4 0.221493 0.101261 0.009552 0.014286
3 0.704776 0.677311 0.010149 0.026891
2 0.114030 0.415966 0.017910 0.015126
3 0.420896 0.573109 0.009552 0.025210
4 0.743582 0.687815 0.012537 0.015966
1 0.355522 0.342857 0.049552 0.036975
2 0.259701 0.382773 0.016716 0.014286
2 0.379403 0.664286 0.016119 0.015966
24 0.554627 0.519328 0.027463 0.030252
2 0.758507 0.419328 0.016119 0.013445
15 0.358806 0.536134 0.019104 0.028571
2 0.913433 0.681092 0.017910 0.015966
3 0.345970 0.423950 0.019701 0.012605
2 0.913134 0.564286 0.017313 0.014286
2 0.035522 0.233613 0.016119 0.013445
2 0.388955 0.406723 0.017313 0.013445
3 0.385075 0.097479 0.009552 0.023529
3 0.262388 0.173950 0.018507 0.011765
2 0.755522 0.595798 0.018507 0.013445
3 0.740299 0.348739 0.019104 0.011765
29 0.713433 0.132353 0.021493 0.052941
4 0.367463 0.151681 0.011343 0.017647
3 0.378209 0.060924 0.010149 0.022689
24 0.028358 0.406303 0.019701 0.039496
0 0.483881 0.542017 0.010149 0.008403
3 0.373134 0.208824 0.019104 0.012605
2 0.840597 0.645798 0.010746 0.024370
4 0.618507 0.362185 0.014328 0.018487
3 0.815224 0.348319 0.010149 0.024370
2 0.704776 0.717647 0.018507 0.015126
3 0.477612 0.316387 0.009552 0.026050
3 0.164776 0.312185 0.010746 0.024370
4 0.865970 0.531092 0.011343 0.023529
4 0.444179 0.056303 0.011940 0.015126
2 0.754627 0.717227 0.017910 0.014286
4 0.160896 0.631513 0.013731 0.015966
24 0.897612 0.647479 0.018507 0.037815
4 0.385373 0.151261 0.011343 0.015126
4 0.478209 0.106303 0.013134 0.015966
4 0.660000 0.362605 0.011343 0.024370
2 0.582090 0.045378 0.014328 0.015126
41 0.597910 0.103361 0.012537 0.011765
22 0.592239 0.292857 0.016716 0.022689
4 0.119701 0.632773 0.013731 0.016807
2 0.840896 0.527311 0.010149 0.021008
4 0.441493 0.337815 0.012537 0.016807
2 0.188657 0.167227 0.015522 0.013445
4 0.241493 0.100840 0.008955 0.016807
4 0.047761 0.855042 0.014328 0.014286
3 0.275224 0.119748 0.017910 0.009244
4 0.742985 0.568487 0.011343 0.019328
4 0.161791 0.590336 0.014328 0.015966
3 0.717015 0.678992 0.014328 0.025210
4 0.218209 0.523529 0.013731 0.018487
41 0.468060 0.188655 0.013134 0.007563
2 0.364179 0.034034 0.015522 0.015966
2 0.308060 0.660504 0.016716 0.013445
3 0.569851 0.193277 0.017313 0.010084
2 0.292836 0.109244 0.012537 0.015126
6 0.411343 0.311345 0.021493 0.009244
0 0.420299 0.335294 0.009552 0.010084
3 0.476716 0.060924 0.008955 0.029412
3 0.564776 0.370168 0.010746 0.029412
8 0.399701 0.536555 0.019701 0.027731
3 0.718806 0.564286 0.008358 0.031092
4 0.411940 0.368487 0.011940 0.014286
3 0.496418 0.515546 0.019701 0.014286
5 0.277612 0.198319 0.011940 0.020168
2 0.027761 0.357563 0.012537 0.019328
2 0.304179 0.360504 0.016119 0.015126
4 0.639104 0.365126 0.012537 0.021008
2 0.445373 0.101261 0.015522 0.014286
8 0.303582 0.154622 0.018507 0.025210
8 0.758507 0.325630 0.019701 0.027731
2 0.594925 0.616807 0.013731 0.015126
2 0.125075 0.284874 0.013731 0.013445
35 0.038806 0.297059 0.017910 0.024370
2 0.307761 0.553361 0.016119 0.014286
41 0.468657 0.179412 0.014328 0.010924
4 0.463582 0.056723 0.012537 0.015966
0 0.220299 0.064286 0.008358 0.010924
2 0.460299 0.378151 0.016716 0.013445
4 0.755522 0.687395 0.012537 0.015126
2 0.704179 0.183193 0.017313 0.015126
2 0.491940 0.150000 0.015522 0.014286
25 0.053433 0.195378 0.012537 0.024370
0 0.379701 0.892437 0.009552 0.010084
3 0.056716 0.171008 0.017910 0.012605
0 0.478507 0.283193 0.010149 0.010084
25 0.034925 0.197899 0.012537 0.024370
25 0.024776 0.198739 0.012537 0.024370
3 0.057910 0.134874 0.017910 0.012605
22 0.285970 0.083193 0.011940 0.018487
3 0.262985 0.101261 0.008955 0.021008
6 0.328358 0.081513 0.025075 0.010084
11 0.324776 0.210924 0.011940 0.025210
11 0.347164 0.210924 0.014925 0.028571
4 0.400896 0.154622 0.011343 0.015126
4 0.400299 0.063866 0.011343 0.015126
2 0.372836 0.183193 0.016119 0.015126
41 0.597910 0.115126 0.012537 0.011765
41 0.468060 0.197059 0.013134 0.007563
41 0.468060 0.205462 0.013134 0.007563
41 0.468657 0.213866 0.013134 0.007563
41 0.468657 0.222269 0.013134 0.007563
41 0.468657 0.229832 0.013134 0.007563
41 0.468060 0.239076 0.013134 0.007563
41 0.548657 0.184454 0.013134 0.007563
41 0.548657 0.193697 0.013134 0.007563
41 0.548657 0.201261 0.013134 0.007563
41 0.548657 0.208824 0.013134 0.007563
41 0.548657 0.218067 0.013134 0.007563
3 0.584478 0.209244 0.007164 0.020168
2 0.585672 0.239076 0.015522 0.014286
0 0.542388 0.286555 0.010149 0.010084
0 0.542985 0.322689 0.010149 0.010084
15 0.591045 0.332353 0.023881 0.027731
4 0.459403 0.339496 0.012537 0.016807
0 0.459701 0.303782 0.013134 0.010924
3 0.346567 0.394538 0.019701 0.012605
29 0.682985 0.134874 0.021493 0.052941
25 0.898209 0.145798 0.012537 0.024370
25 0.911343 0.146639 0.012537 0.024370
25 0.922687 0.145798 0.012537 0.024370
5 0.163881 0.353782 0.012537 0.016807
3 0.035522 0.330672 0.008955 0.024370
3 0.125075 0.323529 0.008955 0.025210
0 0.050149 0.276050 0.010746 0.019328
0 0.137015 0.355042 0.014925 0.017647
0 0.164478 0.286134 0.012537 0.012605
0 0.638209 0.286555 0.009552 0.008403
3 0.794030 0.328151 0.015522 0.014286
11 0.754925 0.382353 0.016119 0.028571
11 0.832537 0.327731 0.016119 0.028571
4 0.106269 0.574790 0.010746 0.018487
4 0.107463 0.592857 0.008358 0.015966
4 0.107463 0.609244 0.009552 0.018487
4 0.277612 0.524370 0.008358 0.016807
4 0.277612 0.541597 0.009552 0.015966
4 0.215522 0.715126 0.010746 0.020168
4 0.215224 0.731092 0.010149 0.015126
3 0.336716 0.575630 0.009552 0.025210
3 0.336716 0.630252 0.009552 0.025210
2 0.191642 0.524370 0.010746 0.021849
2 0.191642 0.731933 0.011940 0.023529
3 0.241791 0.713866 0.017910 0.012605
0 0.248060 0.517647 0.010149 0.011765
0 0.265970 0.517647 0.008955 0.010084
0 0.337612 0.502101 0.011343 0.012605
0 0.379701 0.501261 0.011940 0.012605
0 0.420597 0.502101 0.008955 0.010924
0 0.276119 0.729412 0.010149 0.011765
0 0.517015 0.484454 0.011940 0.012605
0 0.594030 0.580252 0.011940 0.012605
3 0.496418 0.571008 0.019701 0.014286
4 0.755522 0.570168 0.011343 0.019328
46 0.051045 0.631513 0.018507 0.021008
46 0.050448 0.652521 0.018507 0.021008
0 0.048358 0.927731 0.011940 0.010084
2 0.379403 0.858403 0.016119 0.014286
