2 0.163582 0.158403 0.017910 0.014286
2 0.239104 0.209664 0.017313 0.014286
24 0.329254 0.126891 0.017313 0.028571
24 0.327463 0.263025 0.017313 0.031933
2 0.164478 0.283613 0.017313 0.015966
2 0.317015 0.110084 0.014328 0.015126
2 0.235821 0.087815 0.015522 0.015966
3 0.236716 0.145378 0.013731 0.023529
65 0.193433 0.247479 0.047761 0.036134
0 0.236119 0.296639 0.010149 0.010084
3 0.223881 0.144958 0.010746 0.024370
3 0.226866 0.273950 0.007164 0.025210
3 0.236716 0.273950 0.007761 0.023529
0 0.236119 0.170588 0.010149 0.010084
65 0.192836 0.120588 0.047761 0.036134
0 0.316716 0.140336 0.010149 0.010084
