1 0.462256 0.470993 0.040712 0.031699
1 0.202502 0.189294 0.075064 0.117823
1 0.461832 0.401914 0.040712 0.028708
24 0.110263 0.559510 0.021204 0.101077
1 0.747668 0.143541 0.094996 0.075359
59 0.952078 0.706340 0.023749 0.028708
4 0.858991 0.196172 0.008906 0.014354
2 0.858991 0.144737 0.009754 0.015550
4 0.657549 0.230861 0.008906 0.010766
1 0.797286 0.352871 0.050891 0.037081
41 0.608779 0.213517 0.008906 0.005981
4 0.670271 0.230861 0.008906 0.010766
0 0.145674 0.458433 0.008058 0.008971
24 0.956955 0.355562 0.013995 0.029306
41 0.608355 0.189294 0.008058 0.006579
3 0.734309 0.365132 0.008906 0.017344
2 0.250424 0.244617 0.013147 0.011962
41 0.941052 0.141447 0.007634 0.006579
2 0.516327 0.331041 0.008906 0.013756
2 0.636132 0.175538 0.011026 0.010167
4 0.846268 0.195873 0.010602 0.011364
24 0.515903 0.642644 0.019084 0.085526
4 0.418151 0.480263 0.010178 0.014354
3 0.389949 0.632775 0.008906 0.017943
41 0.159457 0.524222 0.011026 0.006579
0 0.517812 0.459330 0.006785 0.009569
4 0.644826 0.231459 0.010602 0.010766
2 0.693596 0.226077 0.013147 0.010766
41 0.383164 0.261663 0.010602 0.007775
41 0.382952 0.248505 0.010178 0.008971
4 0.507422 0.479366 0.007209 0.014952
41 0.867472 0.739533 0.010602 0.006579
2 0.657337 0.257775 0.011874 0.010766
41 0.159245 0.560108 0.009754 0.005383
2 0.632316 0.416268 0.011874 0.010766
4 0.492366 0.479067 0.008482 0.013158
41 0.382103 0.284689 0.011026 0.007177
2 0.398643 0.134868 0.013571 0.010167
41 0.159033 0.542165 0.011026 0.006579
4 0.908397 0.654605 0.010178 0.011364
2 0.188719 0.479964 0.012723 0.013756
2 0.493215 0.256280 0.008482 0.014952
0 0.370441 0.088816 0.008906 0.008971
2 0.852417 0.221292 0.014419 0.013158
41 0.381891 0.297249 0.010602 0.007177
4 0.632103 0.337919 0.011450 0.011962
2 0.974979 0.380981 0.014419 0.013158
41 0.167515 0.462022 0.011026 0.006579
41 0.167515 0.473983 0.011026 0.006579
2 0.147583 0.481160 0.012723 0.013756
41 0.159881 0.512261 0.011026 0.006579
41 0.159881 0.518242 0.011026 0.006579
41 0.159457 0.524222 0.011026 0.006579
41 0.159457 0.530801 0.011026 0.006579
41 0.159457 0.536184 0.011026 0.006579
41 0.158821 0.554127 0.009754 0.005383
41 0.381467 0.226376 0.010602 0.007775
41 0.381467 0.214414 0.010602 0.007775
41 0.381043 0.202452 0.010602 0.007775
41 0.381891 0.188696 0.010602 0.007775
41 0.384012 0.100179 0.010602 0.007775
41 0.436599 0.100179 0.010602 0.007775
41 0.382316 0.273624 0.010602 0.007775
41 0.382740 0.308313 0.010602 0.007775
41 0.382316 0.320873 0.010602 0.007775
41 0.381891 0.334031 0.010602 0.007775
41 0.607930 0.195275 0.008058 0.006579
41 0.607930 0.201854 0.008058 0.006579
41 0.608355 0.207536 0.008906 0.005981
41 0.867472 0.745514 0.010602 0.006579
41 0.867048 0.752093 0.010602 0.006579
41 0.941052 0.135467 0.007634 0.006579
41 0.941052 0.130084 0.007634 0.006579
24 0.532231 0.240132 0.021204 0.158493
4 0.404580 0.479067 0.010178 0.014354
4 0.404792 0.411782 0.009754 0.011364
4 0.417515 0.411782 0.009754 0.010167
4 0.491942 0.412679 0.010178 0.015550
4 0.506785 0.411782 0.009330 0.014952
4 0.459288 0.652512 0.009330 0.011962
4 0.632103 0.396830 0.011450 0.011364
4 0.654580 0.324163 0.009754 0.016746
4 0.655004 0.380383 0.008906 0.015550
4 0.748092 0.365431 0.011026 0.011962
4 0.860687 0.371411 0.011450 0.011962
4 0.873410 0.371411 0.011450 0.013158
4 0.635920 0.093900 0.009754 0.010766
4 0.635284 0.153708 0.009330 0.009569
4 0.648431 0.155801 0.011874 0.011364
4 0.801739 0.196471 0.009754 0.012560
4 0.839483 0.108254 0.007209 0.015550
4 0.839695 0.120514 0.008482 0.012560
4 0.839271 0.131878 0.007634 0.013756
4 0.839271 0.144139 0.008482 0.013158
4 0.839271 0.156400 0.007634 0.013756
4 0.871713 0.109749 0.008906 0.010167
4 0.875530 0.162380 0.007209 0.013756
4 0.875954 0.174940 0.008906 0.014952
4 0.399067 0.116029 0.011026 0.009569
4 0.449746 0.114234 0.009754 0.009569
4 0.462256 0.115132 0.010178 0.012560
4 0.510814 0.115132 0.011450 0.011364
4 0.523537 0.116328 0.012299 0.013756
4 0.089907 0.166567 0.011026 0.010167
4 0.101781 0.165969 0.010178 0.010167
4 0.088634 0.270634 0.010178 0.007775
2 0.088846 0.185706 0.013147 0.011364
2 0.101357 0.184809 0.011026 0.011962
2 0.145886 0.134569 0.010178 0.011962
2 0.250636 0.134270 0.012723 0.011364
2 0.089483 0.290969 0.011874 0.011364
0 0.088634 0.141746 0.006785 0.007177
0 0.088846 0.222189 0.007209 0.006579
3 0.089059 0.240431 0.007634 0.019139
3 0.159033 0.581639 0.012723 0.008971
3 0.158821 0.590610 0.012299 0.010167
3 0.158609 0.599581 0.013571 0.007775
3 0.158397 0.608553 0.013995 0.008971
2 0.091179 0.503289 0.011026 0.011364
2 0.073579 0.535885 0.008058 0.017943
0 0.080153 0.519737 0.007634 0.007177
0 0.188507 0.456639 0.006361 0.007775
0 0.398643 0.089115 0.007634 0.008373
0 0.423664 0.088218 0.006785 0.008971
0 0.462256 0.089713 0.007634 0.009569
0 0.510814 0.089115 0.007209 0.008373
0 0.424936 0.167165 0.008482 0.006579
0 0.453138 0.167165 0.007209 0.007775
0 0.483673 0.167165 0.008906 0.007775
0 0.396522 0.390550 0.007634 0.007177
0 0.516964 0.390550 0.008482 0.008373
2 0.449534 0.135766 0.011026 0.011962
2 0.461620 0.135467 0.009754 0.011364
2 0.511238 0.134868 0.011450 0.012560
2 0.524385 0.134868 0.013147 0.010167
2 0.462468 0.294856 0.011450 0.009569
2 0.636132 0.114533 0.011026 0.010167
2 0.631467 0.359749 0.010178 0.008971
2 0.404580 0.431818 0.011026 0.010766
2 0.417303 0.430024 0.011026 0.009569
2 0.434478 0.430921 0.011450 0.010167
2 0.492154 0.431519 0.010602 0.010167
2 0.506997 0.431818 0.010602 0.009569
2 0.404792 0.499701 0.010602 0.007775
2 0.417727 0.499103 0.011026 0.008971
2 0.434478 0.500000 0.009754 0.010766
2 0.492366 0.499103 0.011874 0.012560
2 0.506785 0.499701 0.011026 0.012560
2 0.462468 0.596591 0.009754 0.010167
2 0.495971 0.603469 0.012299 0.010766
2 0.460984 0.679426 0.011874 0.008373
41 0.500424 0.709629 0.007634 0.006579
41 0.500848 0.715610 0.007634 0.006579
41 0.500848 0.722189 0.007634 0.006579
41 0.500424 0.727572 0.007634 0.006579
41 0.500424 0.733553 0.007634 0.006579
8 0.409881 0.623804 0.015691 0.019139
3 0.392282 0.659390 0.012723 0.007775
3 0.475191 0.605861 0.011450 0.010766
3 0.472434 0.653708 0.007634 0.016746
0 0.389949 0.603469 0.007209 0.005981
0 0.453562 0.628589 0.006361 0.010766
0 0.396735 0.459928 0.007209 0.007177
0 0.733673 0.339414 0.009330 0.006579
0 0.873622 0.351675 0.008482 0.007177
0 0.817642 0.173744 0.005089 0.010167
0 0.630195 0.132177 0.007634 0.009569
2 0.776718 0.096292 0.008906 0.014354
2 0.834394 0.081041 0.008058 0.013756
2 0.871077 0.128888 0.011874 0.011364
2 0.801315 0.221591 0.011450 0.012560
2 0.733885 0.392045 0.011450 0.011364
2 0.748516 0.392344 0.011026 0.010766
2 0.828880 0.391447 0.011450 0.011364
2 0.861535 0.392045 0.010602 0.008971
2 0.873834 0.393242 0.012299 0.010167
3 0.751060 0.344797 0.013571 0.008971
3 0.679177 0.324761 0.013995 0.009569
3 0.678965 0.381280 0.012723 0.008971
3 0.820823 0.082536 0.012299 0.010766
3 0.437023 0.200957 0.013147 0.009569
3 0.462256 0.261364 0.007634 0.020335
3 0.873622 0.655203 0.013571 0.010167
3 0.890585 0.683612 0.005937 0.016746
3 0.901612 0.683014 0.006785 0.019139
2 0.921544 0.656100 0.006785 0.017943
2 0.926421 0.749701 0.011450 0.010167
