1 0.317612 0.376891 0.077612 0.110084
1 0.154328 0.368487 0.053134 0.064706
3 0.361194 0.435714 0.016716 0.012605
2 0.257015 0.503782 0.017313 0.015966
2 0.206567 0.428571 0.019104 0.015126
2 0.407463 0.371429 0.011343 0.021849
2 0.370746 0.265126 0.015522 0.014286
4 0.382090 0.381513 0.013134 0.018487
4 0.206269 0.396218 0.013731 0.017647
3 0.361194 0.459664 0.017910 0.015126
2 0.190746 0.344538 0.010149 0.021849
2 0.285075 0.316387 0.010149 0.022689
5 0.256716 0.476891 0.013134 0.021008
2 0.114925 0.372689 0.011343 0.024370
2 0.190448 0.389496 0.010746 0.021008
2 0.367164 0.358824 0.009552 0.018487
26 0.411642 0.402101 0.014925 0.019328
28 0.357313 0.294958 0.019701 0.036975
4 0.411343 0.427311 0.013134 0.019328
2 0.438507 0.403361 0.011343 0.021849
2 0.310149 0.447059 0.014925 0.011765
2 0.324478 0.448739 0.014925 0.011765
6 0.319701 0.481513 0.024478 0.010084
3 0.295522 0.265966 0.016716 0.014286
35 0.313134 0.295798 0.016119 0.021849
35 0.325373 0.296639 0.017910 0.023529
