1 0.361310 0.578992 0.129762 0.213445
4 0.804167 0.176050 0.014286 0.015966
2 0.089583 0.705462 0.016071 0.014286
3 0.490774 0.115966 0.008929 0.023529
2 0.381548 0.757563 0.015476 0.012605
3 0.657738 0.200840 0.008333 0.026891
2 0.747619 0.194118 0.015476 0.011765
24 0.894940 0.597479 0.033929 0.117647
2 0.089286 0.793697 0.016667 0.014286
2 0.359821 0.756723 0.014881 0.012605
4 0.223214 0.176471 0.014286 0.016807
1 0.566071 0.175630 0.032143 0.053782
4 0.429762 0.671429 0.013095 0.016807
1 0.425595 0.176471 0.034524 0.053782
2 0.391369 0.285294 0.008929 0.021008
1 0.548810 0.062185 0.053571 0.052101
2 0.902381 0.669328 0.016667 0.012605
2 0.450298 0.773109 0.017262 0.013445
2 0.940179 0.124790 0.011310 0.012605
24 0.074702 0.179412 0.017262 0.063025
2 0.920238 0.265546 0.019048 0.015126
4 0.777083 0.176891 0.012500 0.015966
3 0.616071 0.389496 0.008333 0.027731
24 0.955655 0.150420 0.024405 0.036975
2 0.247619 0.691597 0.015476 0.013445
2 0.503869 0.050420 0.008929 0.020168
4 0.646429 0.237815 0.011905 0.018487
1 0.557143 0.286555 0.033333 0.052101
2 0.167262 0.197059 0.016667 0.012605
4 0.193750 0.176471 0.013690 0.015126
2 0.723512 0.194538 0.014881 0.012605
2 0.336310 0.752521 0.015476 0.012605
1 0.422619 0.285714 0.035714 0.053782
4 0.274405 0.510924 0.013095 0.015126
2 0.143750 0.195798 0.017262 0.013445
3 0.889881 0.226050 0.020238 0.011765
3 0.319048 0.726891 0.008333 0.023529
3 0.056845 0.654202 0.019643 0.010924
3 0.133929 0.598739 0.008333 0.027731
2 0.089583 0.875210 0.017262 0.014286
8 0.088988 0.654622 0.019643 0.028571
3 0.324405 0.158824 0.021429 0.010084
2 0.585417 0.285294 0.008929 0.021008
3 0.634524 0.200420 0.008333 0.026050
2 0.089583 0.513866 0.017262 0.014286
8 0.918750 0.225210 0.019643 0.028571
2 0.300595 0.761345 0.016667 0.015126
5 0.356845 0.434874 0.011310 0.021008
2 0.274107 0.691176 0.016071 0.012605
3 0.344940 0.390336 0.008929 0.026050
3 0.382143 0.696218 0.009524 0.024370
4 0.369643 0.724790 0.011905 0.017647
3 0.056548 0.830252 0.020238 0.010084
2 0.085714 0.212185 0.016667 0.010924
2 0.961607 0.198319 0.014881 0.015126
4 0.591071 0.093697 0.010714 0.017647
21 0.089881 0.453361 0.013095 0.034454
8 0.088095 0.831092 0.019048 0.026891
3 0.089583 0.600840 0.010119 0.028571
3 0.056548 0.742437 0.020238 0.010924
4 0.747917 0.171849 0.012500 0.014286
4 0.143452 0.171429 0.013095 0.013445
2 0.702679 0.203361 0.016071 0.013445
2 0.777083 0.202941 0.017262 0.014286
4 0.369345 0.453782 0.011310 0.015126
4 0.324405 0.237815 0.013095 0.016807
3 0.089286 0.414286 0.010714 0.023529
49 0.845238 0.146639 0.045238 0.049580
4 0.336310 0.721849 0.011905 0.013445
3 0.148512 0.556723 0.011310 0.024370
4 0.166667 0.171849 0.013095 0.014286
8 0.088393 0.742437 0.019643 0.029412
2 0.960714 0.121429 0.015476 0.014286
2 0.803869 0.202941 0.018452 0.014286
3 0.585714 0.390756 0.009524 0.028571
4 0.062798 0.449160 0.014881 0.017647
2 0.291964 0.761765 0.020833 0.015966
3 0.645238 0.159664 0.020238 0.010084
0 0.148512 0.506303 0.012500 0.010924
4 0.440476 0.570588 0.011905 0.018487
4 0.723512 0.170588 0.012500 0.013445
2 0.901786 0.521849 0.014286 0.013445
0 0.843155 0.557983 0.006548 0.013445
2 0.427976 0.698319 0.016667 0.013445
2 0.119643 0.203361 0.016667 0.013445
4 0.380655 0.725630 0.013690 0.017647
3 0.114286 0.599160 0.010714 0.025210
2 0.223512 0.202941 0.017262 0.014286
3 0.246429 0.580672 0.020238 0.013445
3 0.288690 0.726891 0.011905 0.025210
49 0.845238 0.146639 0.045238 0.049580
3 0.448810 0.713445 0.011905 0.026891
23 0.120536 0.174370 0.016071 0.019328
2 0.194048 0.203782 0.016667 0.012605
3 0.313095 0.201261 0.010714 0.024370
3 0.337500 0.200420 0.010714 0.024370
2 0.273512 0.484454 0.017262 0.014286
2 0.224107 0.555042 0.008929 0.021008
3 0.039286 0.673109 0.010714 0.023529
3 0.038095 0.761345 0.010714 0.023529
3 0.248512 0.662185 0.010119 0.028571
3 0.300595 0.726891 0.011905 0.025210
3 0.351190 0.728571 0.008333 0.023529
3 0.449405 0.748739 0.011905 0.025210
0 0.090179 0.373529 0.012500 0.010924
0 0.229762 0.578151 0.007143 0.020168
0 0.435417 0.521429 0.012500 0.010924
4 0.464881 0.531092 0.013095 0.023529
2 0.497321 0.451681 0.017262 0.014286
5 0.484821 0.587815 0.016071 0.017647
0 0.501786 0.587395 0.007143 0.020168
3 0.386607 0.393697 0.008929 0.026050
0 0.359226 0.413025 0.012500 0.010924
3 0.511607 0.119328 0.008929 0.023529
6 0.494643 0.235294 0.025000 0.015126
23 0.703274 0.173529 0.016071 0.019328
3 0.889881 0.252941 0.020238 0.011765
3 0.937202 0.173529 0.008929 0.024370
2 0.848214 0.644538 0.010714 0.025210
