1 0.777731 0.430769 0.101681 0.186982
24 0.455042 0.449704 0.037815 0.080473
2 0.509244 0.486391 0.023529 0.018935
2 0.676471 0.575740 0.025210 0.017751
4 0.723109 0.532544 0.017647 0.023669
3 0.534034 0.427219 0.012605 0.040237
2 0.449580 0.511243 0.025210 0.018935
4 0.651261 0.459763 0.018487 0.017751
2 0.677311 0.484615 0.013445 0.027219
2 0.449580 0.386391 0.023529 0.020118
4 0.600420 0.460947 0.019328 0.017751
4 0.676050 0.530769 0.017647 0.022485
3 0.706303 0.485207 0.024370 0.014201
2 0.711765 0.423669 0.013445 0.028402
0 0.508824 0.385799 0.014286 0.011834
0 0.593697 0.437870 0.009244 0.016568
4 0.651261 0.378107 0.015126 0.020118
4 0.625630 0.520118 0.019328 0.024852
0 0.627731 0.400592 0.011765 0.017751
2 0.601681 0.500000 0.021849 0.017751
3 0.546639 0.434911 0.014286 0.039053
4 0.651261 0.352071 0.015126 0.024852
