1 0.552239 0.131933 0.059701 0.077311
24 0.443582 0.658403 0.033433 0.115126
3 0.056418 0.447059 0.010149 0.025210
1 0.185373 0.486975 0.086567 0.147059
24 0.506269 0.469748 0.026269 0.063866
24 0.315821 0.459664 0.020299 0.045378
2 0.433134 0.347479 0.017313 0.012605
2 0.057313 0.507563 0.017910 0.013445
2 0.418806 0.153782 0.017313 0.015126
2 0.510448 0.351261 0.016716 0.013445
1 0.153731 0.113025 0.043582 0.113445
2 0.244776 0.364286 0.017910 0.014286
4 0.057313 0.291176 0.014328 0.014286
24 0.551642 0.661765 0.020299 0.064706
2 0.089552 0.403782 0.015522 0.014286
2 0.056418 0.318067 0.017313 0.012605
0 0.068955 0.562185 0.011343 0.010084
3 0.469254 0.278992 0.009552 0.023529
1 0.117313 0.278992 0.047164 0.038655
2 0.617015 0.149160 0.010149 0.021008
2 0.120896 0.157983 0.008955 0.021849
24 0.315522 0.511345 0.018507 0.044538
3 0.069254 0.585714 0.008358 0.023529
0 0.056418 0.419748 0.010149 0.009244
3 0.069552 0.618067 0.011343 0.026050
8 0.243881 0.321429 0.018507 0.024370
4 0.155522 0.291597 0.014925 0.015126
2 0.155224 0.318908 0.016716 0.012605
2 0.295821 0.524370 0.011343 0.020168
3 0.194328 0.337815 0.007761 0.028571
2 0.530746 0.647899 0.009552 0.018487
2 0.510746 0.423109 0.013731 0.012605
3 0.534627 0.315126 0.010149 0.021849
2 0.510746 0.512185 0.014925 0.012605
3 0.477612 0.076471 0.009552 0.025210
4 0.454328 0.135294 0.013134 0.011765
2 0.105970 0.455882 0.010149 0.017647
2 0.120896 0.065546 0.008955 0.020168
22 0.032537 0.616807 0.011343 0.015126
0 0.057015 0.243277 0.011343 0.009244
2 0.157015 0.665546 0.008358 0.021849
2 0.191642 0.665546 0.009552 0.020168
0 0.477612 0.052941 0.009552 0.008403
3 0.469851 0.077731 0.010746 0.027731
3 0.534627 0.282773 0.008955 0.024370
2 0.279104 0.465546 0.010149 0.018487
0 0.155522 0.252941 0.012537 0.015126
2 0.390746 0.703782 0.008955 0.019328
2 0.453134 0.484874 0.009552 0.020168
2 0.084478 0.279412 0.008955 0.019328
3 0.468657 0.312185 0.009552 0.022689
2 0.450746 0.583613 0.014328 0.014286
2 0.450746 0.731092 0.016716 0.013445
4 0.418209 0.125630 0.012537 0.014286
3 0.219701 0.323950 0.019104 0.012605
74 0.298806 0.306303 0.032836 0.037815
0 0.454925 0.452521 0.007164 0.014286
0 0.534328 0.676050 0.005970 0.014286
74 0.297910 0.240336 0.029851 0.035294
0 0.391343 0.619328 0.007761 0.015126
2 0.453433 0.162605 0.017313 0.014286
2 0.069254 0.654622 0.017910 0.015126
4 0.057612 0.480252 0.013731 0.017647
18 0.207463 0.661765 0.014925 0.017647
2 0.156119 0.636975 0.007761 0.021849
2 0.187761 0.068067 0.008955 0.020168
4 0.089851 0.433613 0.014925 0.015126
22 0.033134 0.633613 0.011343 0.015126
22 0.433134 0.326891 0.011343 0.015126
22 0.433134 0.310924 0.011343 0.015126
22 0.510746 0.315966 0.011343 0.015126
22 0.510746 0.331092 0.011343 0.015126
18 0.206866 0.634454 0.014925 0.016807
18 0.171940 0.634454 0.015522 0.016807
18 0.172537 0.664706 0.015522 0.016807
2 0.192836 0.639496 0.009552 0.020168
0 0.071343 0.441597 0.010149 0.009244
0 0.402985 0.113866 0.009552 0.015966
0 0.445373 0.121429 0.008358 0.014286
0 0.203881 0.074790 0.007761 0.013445
0 0.204179 0.150840 0.007164 0.014286
2 0.186567 0.161345 0.008955 0.021849
5 0.274627 0.271008 0.011940 0.017647
0 0.280597 0.450000 0.007164 0.014286
0 0.299701 0.498739 0.007164 0.014286
