1 0.546639 0.174556 0.083193 0.067456
1 0.225630 0.176331 0.073109 0.087574
1 0.780252 0.176923 0.046218 0.074556
2 0.278151 0.145562 0.011765 0.023669
4 0.343697 0.175148 0.016807 0.018935
2 0.545378 0.294675 0.021849 0.016568
24 0.734034 0.230178 0.026050 0.041420
2 0.179412 0.214201 0.021008 0.018935
4 0.678992 0.221893 0.016807 0.024852
3 0.478571 0.228994 0.027731 0.015385
4 0.313866 0.226627 0.017647 0.020118
3 0.654202 0.198817 0.010924 0.033136
3 0.313866 0.185799 0.012605 0.035503
4 0.654622 0.257396 0.016807 0.024852
2 0.785294 0.298817 0.022689 0.022485
4 0.683613 0.130178 0.015966 0.023669
4 0.717647 0.131953 0.015126 0.027219
2 0.277731 0.181065 0.010924 0.023669
4 0.745378 0.130178 0.015126 0.026036
2 0.315126 0.269822 0.023529 0.018935
2 0.545798 0.103550 0.022689 0.017751
2 0.810504 0.105325 0.012605 0.026036
2 0.655042 0.307101 0.022689 0.017751
29 0.550420 0.268047 0.068908 0.027219
3 0.592017 0.234911 0.014286 0.039053
6 0.613025 0.169822 0.032773 0.017751
35 0.388235 0.201775 0.023529 0.027219
35 0.407563 0.198225 0.023529 0.027219
35 0.427731 0.205325 0.023529 0.027219
35 0.447899 0.205325 0.023529 0.027219
