3 0.331343 0.607143 0.008358 0.022689
1 0.090746 0.463445 0.075224 0.068067
1 0.474925 0.407563 0.159403 0.221849
3 0.504478 0.750840 0.009552 0.024370
2 0.179104 0.225630 0.016716 0.012605
1 0.092239 0.113866 0.063881 0.042857
2 0.203881 0.682773 0.018507 0.014286
1 0.316716 0.444118 0.034030 0.054622
4 0.614030 0.644538 0.012537 0.015126
2 0.354328 0.527731 0.010149 0.020168
2 0.042388 0.195798 0.017910 0.015126
2 0.095522 0.526891 0.015522 0.013445
4 0.298507 0.644538 0.011940 0.018487
2 0.355224 0.494538 0.009552 0.019328
15 0.278806 0.186555 0.022687 0.025210
2 0.093134 0.196218 0.017910 0.014286
2 0.605970 0.419328 0.008358 0.016807
3 0.202985 0.212185 0.019104 0.012605
23 0.204179 0.643277 0.015522 0.015966
2 0.504179 0.827311 0.017313 0.012605
2 0.137910 0.196218 0.016716 0.014286
2 0.277612 0.227311 0.015522 0.012605
2 0.736716 0.685714 0.016716 0.013445
49 0.400299 0.685294 0.044776 0.073109
4 0.137015 0.136134 0.013731 0.018487
4 0.226866 0.643697 0.011940 0.016807
0 0.042090 0.104202 0.008955 0.010084
4 0.330746 0.645378 0.011940 0.018487
2 0.438806 0.827311 0.016716 0.012605
49 0.545075 0.683613 0.044179 0.078151
4 0.686269 0.644958 0.011343 0.021008
3 0.301194 0.211765 0.018507 0.011765
3 0.576716 0.420588 0.020299 0.010924
4 0.251045 0.643697 0.012537 0.018487
2 0.598806 0.685714 0.008358 0.020168
4 0.638806 0.645798 0.011940 0.017647
2 0.556716 0.527731 0.010149 0.016807
4 0.711045 0.643697 0.011940 0.020168
4 0.041493 0.134874 0.013731 0.015966
3 0.438806 0.249160 0.011940 0.029412
3 0.238806 0.402521 0.016716 0.011765
4 0.663582 0.644958 0.012537 0.017647
3 0.167463 0.154202 0.007761 0.024370
2 0.758806 0.402941 0.008358 0.017647
2 0.687463 0.345378 0.010149 0.016807
3 0.438806 0.749580 0.010746 0.025210
2 0.095522 0.400840 0.016716 0.013445
2 0.694030 0.461345 0.010149 0.016807
0 0.202985 0.618908 0.011940 0.007563
15 0.180597 0.187395 0.023284 0.025210
4 0.662687 0.461345 0.013134 0.018487
22 0.379104 0.527311 0.016716 0.015966
0 0.034030 0.477311 0.010746 0.020168
0 0.635224 0.423529 0.010746 0.008403
4 0.438209 0.800000 0.013134 0.016807
2 0.600896 0.221008 0.011343 0.021849
4 0.504478 0.800420 0.013134 0.015966
2 0.597612 0.453782 0.010746 0.020168
0 0.439701 0.208403 0.011343 0.010084
3 0.266567 0.127731 0.008955 0.028571
23 0.737313 0.645798 0.015522 0.019328
22 0.530746 0.528571 0.014328 0.015126
5 0.155821 0.113445 0.013134 0.020168
8 0.277612 0.113445 0.017910 0.028571
8 0.179701 0.138655 0.017910 0.028571
0 0.164776 0.445378 0.010746 0.011765
3 0.238806 0.411765 0.016716 0.011765
4 0.274328 0.646218 0.012537 0.018487
4 0.318209 0.591597 0.011940 0.018487
3 0.318806 0.626471 0.020299 0.010924
4 0.457015 0.553782 0.012537 0.018487
4 0.486866 0.556303 0.012537 0.018487
6 0.471940 0.624790 0.026866 0.012605
2 0.348657 0.686555 0.008358 0.020168
2 0.204776 0.400420 0.009552 0.019328
2 0.204776 0.413866 0.009552 0.019328
0 0.364776 0.428571 0.010746 0.008403
3 0.583284 0.343697 0.019104 0.010084
3 0.583284 0.352101 0.019104 0.010084
3 0.582090 0.360504 0.019104 0.010084
3 0.582090 0.369748 0.019104 0.010084
35 0.628955 0.347899 0.012537 0.020168
35 0.628955 0.357143 0.012537 0.020168
35 0.628955 0.363866 0.012537 0.020168
35 0.628358 0.374790 0.012537 0.020168
2 0.692239 0.436975 0.010149 0.016807
4 0.663881 0.436134 0.013134 0.018487
3 0.725970 0.402941 0.020299 0.010924
21 0.564478 0.200000 0.022090 0.021849
4 0.561493 0.223529 0.013731 0.018487
3 0.635821 0.264286 0.020299 0.010924
2 0.663582 0.264286 0.011343 0.019328
4 0.627463 0.592017 0.011940 0.021008
3 0.626866 0.625630 0.020299 0.010924
3 0.862985 0.410924 0.017313 0.015126
3 0.615224 0.608824 0.008955 0.022689
0 0.737910 0.618067 0.009552 0.005882
2 0.902985 0.412605 0.010149 0.016807
