1 0.445075 0.422689 0.065075 0.132773
2 0.501791 0.352521 0.016119 0.014286
1 0.355224 0.637815 0.032239 0.057143
2 0.558209 0.663866 0.016716 0.015126
4 0.501194 0.318067 0.012537 0.017647
3 0.370149 0.436975 0.016716 0.010084
3 0.605970 0.451681 0.020299 0.014286
1 0.303881 0.637815 0.031045 0.053782
3 0.663881 0.369748 0.019104 0.011765
3 0.379403 0.476891 0.008955 0.026050
3 0.393731 0.333613 0.008955 0.025210
3 0.605373 0.561765 0.020299 0.012605
3 0.555224 0.301261 0.020299 0.012605
3 0.605672 0.384454 0.019701 0.014286
2 0.264478 0.627731 0.010746 0.020168
3 0.605672 0.611765 0.019701 0.011765
4 0.576418 0.577311 0.012537 0.016807
42 0.722985 0.637395 0.016716 0.017647
4 0.421493 0.514706 0.011940 0.017647
2 0.265075 0.674790 0.010746 0.020168
3 0.677015 0.506303 0.025075 0.012605
3 0.677910 0.434454 0.018507 0.011765
2 0.311940 0.393697 0.012537 0.021008
42 0.727463 0.560924 0.017313 0.017647
2 0.421493 0.550000 0.016716 0.015966
3 0.605970 0.531092 0.021493 0.013445
42 0.725672 0.413866 0.016119 0.015966
75 0.707761 0.522269 0.018507 0.027731
75 0.706866 0.603361 0.017910 0.026891
21 0.250149 0.426471 0.019104 0.015966
42 0.728955 0.483193 0.016716 0.016807
4 0.575821 0.497899 0.013731 0.019328
8 0.641493 0.529832 0.020896 0.029412
0 0.716418 0.292857 0.011940 0.012605
2 0.222388 0.428151 0.012537 0.021008
3 0.375821 0.336134 0.008955 0.025210
3 0.370149 0.445378 0.016716 0.010084
8 0.638507 0.455042 0.020896 0.029412
8 0.639104 0.386975 0.020896 0.029412
8 0.642687 0.612185 0.020896 0.029412
75 0.719701 0.451681 0.018507 0.027731
4 0.577015 0.430672 0.013731 0.019328
4 0.576418 0.362605 0.013731 0.019328
2 0.311940 0.445798 0.012537 0.021008
3 0.328358 0.676471 0.016716 0.010084
3 0.349552 0.479412 0.008955 0.026050
3 0.400896 0.521429 0.008955 0.026050
3 0.606567 0.483613 0.020299 0.012605
3 0.605970 0.416387 0.020299 0.014286
3 0.607164 0.344118 0.020299 0.014286
3 0.677313 0.587815 0.018507 0.010924
3 0.337910 0.452941 0.016716 0.010084
5 0.645075 0.301261 0.018507 0.017647
4 0.356418 0.394958 0.008358 0.018487
4 0.355522 0.412605 0.010149 0.018487
4 0.376119 0.403361 0.010746 0.016807
4 0.377015 0.419748 0.010149 0.015966
3 0.444776 0.638655 0.016716 0.013445
