1 0.445970 0.107983 0.047761 0.101681
1 0.792239 0.748319 0.075224 0.091597
1 0.782985 0.594958 0.074627 0.099160
1 0.411343 0.621008 0.060896 0.122689
3 0.370746 0.686134 0.008358 0.026050
3 0.518806 0.594118 0.019104 0.013445
1 0.379403 0.894538 0.035224 0.042857
1 0.071343 0.573529 0.043582 0.044538
1 0.255821 0.895798 0.035224 0.042017
4 0.853731 0.190756 0.013134 0.013445
3 0.895522 0.752941 0.008358 0.025210
4 0.734030 0.106303 0.012537 0.017647
4 0.734328 0.316807 0.014328 0.016807
4 0.835821 0.190336 0.013134 0.014286
1 0.791642 0.124370 0.063284 0.126050
1 0.314030 0.894958 0.037015 0.042017
1 0.790448 0.334034 0.057313 0.125210
1 0.427164 0.347059 0.047164 0.102521
1 0.199701 0.897059 0.037612 0.042857
1 0.449851 0.782773 0.045970 0.046218
2 0.193731 0.242017 0.008955 0.021849
1 0.440000 0.894538 0.037015 0.041176
3 0.882985 0.098319 0.020299 0.013445
1 0.382388 0.782773 0.045970 0.046218
1 0.313134 0.781513 0.045970 0.047059
1 0.176418 0.782353 0.045970 0.047059
2 0.251045 0.630252 0.017313 0.011765
4 0.823881 0.402941 0.013134 0.014286
1 0.245672 0.781933 0.044776 0.046218
2 0.441791 0.714706 0.017910 0.012605
3 0.882985 0.073529 0.019104 0.014286
16 0.163582 0.233193 0.032239 0.029412
4 0.656716 0.538655 0.013134 0.013445
24 0.174030 0.283193 0.019701 0.028571
2 0.046567 0.596218 0.013134 0.010924
2 0.138209 0.826471 0.017313 0.012605
4 0.841194 0.401261 0.013134 0.014286
3 0.709851 0.386555 0.010746 0.025210
4 0.740299 0.186975 0.011940 0.017647
2 0.887164 0.628151 0.017910 0.014286
3 0.710149 0.175210 0.010149 0.026050
2 0.665672 0.665546 0.015522 0.013445
4 0.651045 0.106303 0.013731 0.014286
4 0.459403 0.687395 0.011343 0.013445
2 0.497313 0.627731 0.009552 0.020168
23 0.615224 0.315546 0.012537 0.014286
4 0.853433 0.349580 0.012537 0.016807
2 0.632239 0.135294 0.017910 0.015126
23 0.860000 0.400000 0.012537 0.016807
3 0.876418 0.283613 0.019104 0.012605
3 0.876716 0.307563 0.018507 0.015126
4 0.441791 0.686134 0.011940 0.012605
4 0.633134 0.105042 0.010149 0.011765
4 0.651045 0.315966 0.012537 0.011765
35 0.858806 0.102101 0.016119 0.029412
4 0.351940 0.602521 0.012537 0.016807
4 0.585075 0.056303 0.015522 0.018487
3 0.471045 0.628151 0.019104 0.012605
4 0.632239 0.318908 0.013134 0.012605
3 0.885373 0.598319 0.009552 0.025210
2 0.170448 0.942437 0.016119 0.012605
4 0.740896 0.401261 0.013134 0.019328
2 0.656418 0.511765 0.012537 0.013445
3 0.898209 0.573109 0.017313 0.011765
3 0.519701 0.560504 0.020896 0.013445
4 0.137015 0.783193 0.013731 0.015126
23 0.615224 0.105882 0.011343 0.018487
23 0.274328 0.260084 0.013731 0.019328
6 0.691343 0.300000 0.023881 0.010084
4 0.665075 0.694538 0.014328 0.014286
23 0.878209 0.189916 0.011940 0.020168
23 0.477910 0.684454 0.011343 0.017647
35 0.481791 0.567647 0.017910 0.031092
2 0.465672 0.031513 0.009552 0.019328
2 0.740299 0.642857 0.016716 0.013445
4 0.269552 0.602521 0.012537 0.015126
41 0.538209 0.300420 0.013731 0.012605
2 0.134925 0.466807 0.014328 0.012605
4 0.379104 0.852521 0.010746 0.017647
2 0.445075 0.270588 0.008955 0.020168
35 0.481791 0.602521 0.016716 0.030252
23 0.694030 0.542017 0.012537 0.013445
2 0.420299 0.420588 0.011940 0.012605
18 0.182388 0.444958 0.011343 0.017647
4 0.358507 0.688235 0.012537 0.021849
35 0.854030 0.315546 0.018507 0.027731
35 0.853731 0.283613 0.014328 0.015966
3 0.585373 0.091176 0.020896 0.015966
2 0.194328 0.291176 0.010149 0.014286
4 0.710448 0.131513 0.015522 0.017647
4 0.585672 0.266807 0.015522 0.017647
23 0.898507 0.692017 0.016716 0.024370
2 0.195821 0.287815 0.013134 0.021008
6 0.689552 0.088235 0.025075 0.010084
4 0.257612 0.852101 0.012537 0.016807
4 0.681194 0.540756 0.013134 0.010924
18 0.158209 0.444538 0.011940 0.018487
3 0.585075 0.301261 0.019104 0.014286
2 0.275522 0.289916 0.018507 0.015126
2 0.632537 0.344118 0.016119 0.012605
4 0.710149 0.342437 0.014925 0.017647
22 0.857015 0.691176 0.012537 0.022689
18 0.134328 0.444958 0.013134 0.017647
4 0.668657 0.538655 0.013134 0.013445
23 0.888955 0.541176 0.015522 0.018487
2 0.459403 0.549160 0.014925 0.014286
4 0.280896 0.783613 0.011343 0.015966
2 0.860597 0.073529 0.013731 0.015966
3 0.753134 0.403361 0.012537 0.026891
23 0.702388 0.697479 0.012537 0.013445
23 0.241493 0.603782 0.011343 0.017647
41 0.537612 0.091176 0.013731 0.012605
41 0.156418 0.586975 0.014328 0.012605
6 0.311045 0.586975 0.025075 0.012605
6 0.868955 0.556303 0.025672 0.013445
6 0.877910 0.712185 0.028060 0.014286
4 0.836716 0.151261 0.013731 0.011765
4 0.854328 0.142437 0.013134 0.014286
2 0.806567 0.222689 0.017910 0.015126
2 0.835224 0.063866 0.017910 0.015126
3 0.753134 0.192017 0.010149 0.026050
2 0.862985 0.167227 0.011343 0.018487
2 0.824478 0.273109 0.017910 0.015126
4 0.836716 0.359664 0.012537 0.016807
2 0.864179 0.377311 0.011343 0.018487
2 0.824478 0.431513 0.017910 0.015966
4 0.835821 0.540756 0.013134 0.014286
4 0.901493 0.536555 0.013134 0.014286
4 0.678209 0.696218 0.013134 0.014286
4 0.690149 0.696218 0.013134 0.014286
4 0.845373 0.697059 0.013134 0.014286
22 0.848060 0.538235 0.012537 0.022689
3 0.907761 0.730252 0.017313 0.011765
2 0.896716 0.786134 0.017910 0.014286
2 0.749254 0.801261 0.017910 0.014286
4 0.203582 0.555462 0.011940 0.018487
4 0.208657 0.785714 0.013731 0.015126
4 0.347761 0.786555 0.013731 0.015126
4 0.417612 0.786555 0.013731 0.015126
4 0.439403 0.852521 0.010746 0.017647
4 0.313433 0.852521 0.010746 0.017647
4 0.198806 0.851681 0.010746 0.017647
4 0.251642 0.605882 0.012537 0.015126
3 0.202985 0.588655 0.019104 0.012605
4 0.911045 0.692857 0.013134 0.014286
18 0.200896 0.444958 0.011343 0.017647
