1 0.118487 0.342012 0.073950 0.087574
4 0.236134 0.595266 0.018487 0.035503
1 0.340756 0.585799 0.081513 0.078107
3 0.492437 0.212426 0.026891 0.015385
3 0.244118 0.426036 0.026050 0.016568
1 0.332353 0.307101 0.081513 0.079290
4 0.483613 0.388166 0.017647 0.030769
2 0.176891 0.475148 0.024370 0.020118
2 0.529412 0.362130 0.023529 0.021302
3 0.042017 0.348521 0.025210 0.017751
3 0.234874 0.142604 0.026050 0.015385
30 0.188235 0.111243 0.057143 0.049704
2 0.164286 0.198225 0.026050 0.017751
4 0.483613 0.312426 0.019328 0.028402
3 0.041597 0.312426 0.026050 0.018935
3 0.243277 0.460947 0.024370 0.015385
0 0.218908 0.542604 0.019328 0.015385
0 0.076471 0.275740 0.018487 0.016568
4 0.226891 0.320118 0.015126 0.029586
3 0.483193 0.496450 0.025210 0.015385
2 0.273529 0.256213 0.019328 0.017751
2 0.083613 0.410651 0.024370 0.018935
0 0.210504 0.264497 0.022689 0.015385
0 0.326891 0.236686 0.018487 0.018935
30 0.200840 0.381657 0.055462 0.053254
0 0.336134 0.501775 0.021849 0.018935
0 0.521008 0.201775 0.015126 0.020118
26 0.445378 0.334320 0.033613 0.029586
2 0.273529 0.256805 0.021008 0.018935
26 0.445378 0.365089 0.030252 0.031953
0 0.510084 0.484024 0.015126 0.016568
2 0.281092 0.534320 0.021008 0.020118
35 0.436555 0.516568 0.024370 0.034320
35 0.439076 0.489349 0.024370 0.034320
35 0.445798 0.231361 0.024370 0.034320
35 0.447479 0.208876 0.024370 0.034320
3 0.234874 0.185207 0.026050 0.015385
