1 0.830672 0.620710 0.103361 0.091124
1 0.550000 0.217160 0.145378 0.308876
1 0.185294 0.418935 0.083193 0.066272
1 0.123950 0.153254 0.074790 0.074556
1 0.181933 0.513018 0.061345 0.060355
1 0.492437 0.578698 0.060504 0.061538
3 0.470168 0.661538 0.026050 0.014201
2 0.046639 0.239053 0.022689 0.023669
2 0.597479 0.529586 0.023529 0.022485
4 0.248319 0.438462 0.017647 0.020118
1 0.496218 0.494083 0.084874 0.067456
1 0.521849 0.673373 0.062185 0.056805
2 0.256303 0.210651 0.023529 0.018935
1 0.180252 0.602367 0.061345 0.056805
2 0.297479 0.930769 0.018487 0.022485
1 0.277311 0.267456 0.057143 0.061538
2 0.276891 0.327219 0.026050 0.020118
2 0.071008 0.528994 0.021008 0.021302
2 0.432353 0.375148 0.024370 0.023669
1 0.285294 0.159172 0.032773 0.062722
2 0.848739 0.174556 0.023529 0.020118
4 0.849580 0.141420 0.016807 0.017751
2 0.899580 0.174556 0.022689 0.022485
2 0.394958 0.494083 0.021849 0.022485
2 0.172269 0.239053 0.023529 0.021302
2 0.160084 0.853846 0.022689 0.022485
2 0.395378 0.594675 0.019328 0.022485
2 0.403361 0.688166 0.020168 0.022485
3 0.440756 0.590533 0.026050 0.014201
2 0.677311 0.375148 0.025210 0.023669
2 0.113025 0.641420 0.022689 0.021302
24 0.122269 0.248521 0.024370 0.044970
3 0.441176 0.567456 0.025210 0.015385
3 0.126471 0.525444 0.026050 0.016568
2 0.095798 0.269231 0.023529 0.022485
2 0.274370 0.452071 0.019328 0.021302
4 0.899580 0.142604 0.017647 0.020118
3 0.063445 0.152071 0.024370 0.015385
4 0.239916 0.277515 0.017647 0.020118
2 0.791176 0.565680 0.015966 0.023669
3 0.126050 0.501183 0.026891 0.017751
4 0.128571 0.589941 0.016807 0.022485
2 0.745378 0.175740 0.016807 0.017751
2 0.100000 0.415385 0.020168 0.023669
0 0.264286 0.073373 0.014286 0.011834
3 0.471008 0.684615 0.026050 0.015385
0 0.078571 0.186391 0.014286 0.013018
3 0.230672 0.112426 0.010924 0.037870
75 0.278151 0.844970 0.025210 0.018935
4 0.126891 0.615385 0.013445 0.018935
3 0.658824 0.131361 0.025210 0.016568
4 0.312185 0.277515 0.017647 0.017751
3 0.826471 0.289941 0.026050 0.016568
4 0.172689 0.199408 0.017647 0.020118
75 0.278571 0.815385 0.026050 0.018935
27 0.265126 0.918343 0.029412 0.023669
2 0.213866 0.108284 0.015966 0.022485
4 0.196639 0.094675 0.015126 0.023669
4 0.560084 0.515385 0.017647 0.022485
29 0.265126 0.920118 0.031092 0.024852
35 0.211765 0.145562 0.021849 0.037870
24 0.765126 0.141420 0.029412 0.072189
30 0.126471 0.810059 0.084874 0.057988
35 0.195798 0.173964 0.021849 0.037870
35 0.791597 0.298225 0.021849 0.037870
14 0.874370 0.126036 0.021008 0.024852
0 0.181933 0.079290 0.014286 0.011834
3 0.231092 0.165680 0.026891 0.018935
