3 0.298319 0.614201 0.011765 0.033136
3 0.421008 0.613609 0.013445 0.029586
1 0.300420 0.219527 0.064706 0.162130
24 0.718067 0.467456 0.032773 0.047337
2 0.727731 0.508876 0.020168 0.016568
1 0.552941 0.238462 0.063866 0.131361
3 0.479412 0.265680 0.026050 0.015385
3 0.358403 0.614793 0.012605 0.031953
24 0.807143 0.495266 0.026050 0.039053
2 0.790336 0.540237 0.021008 0.015385
2 0.354622 0.136686 0.011765 0.024852
42 0.507563 0.189349 0.020168 0.016568
2 0.421008 0.652663 0.020168 0.015385
3 0.479832 0.614201 0.011765 0.033136
4 0.588655 0.164497 0.017647 0.021302
24 0.807563 0.408284 0.025210 0.037870
3 0.622269 0.162722 0.012605 0.029586
2 0.395378 0.272189 0.021008 0.016568
0 0.298319 0.647337 0.015126 0.011834
42 0.507563 0.229586 0.021849 0.014201
35 0.392437 0.238462 0.021849 0.034320
42 0.507563 0.277515 0.020168 0.015385
3 0.622689 0.211834 0.013445 0.033136
3 0.395378 0.188757 0.014286 0.034320
0 0.395378 0.155030 0.014286 0.014201
2 0.347059 0.301775 0.010084 0.026036
42 0.507563 0.244970 0.021849 0.016568
2 0.598739 0.287574 0.010924 0.023669
2 0.588655 0.128402 0.021008 0.017751
0 0.630252 0.192308 0.008403 0.017751
42 0.344958 0.224852 0.021008 0.014201
42 0.506723 0.292308 0.018487 0.014201
0 0.621849 0.132544 0.013445 0.014201
42 0.346218 0.178698 0.021849 0.016568
42 0.345378 0.201183 0.021849 0.014201
42 0.390756 0.478698 0.015126 0.027219
49 0.419328 0.537870 0.028571 0.050888
42 0.344538 0.247929 0.023529 0.015385
0 0.456303 0.266272 0.010084 0.016568
49 0.358403 0.539645 0.024370 0.049704
49 0.478151 0.537870 0.025210 0.053254
49 0.299580 0.537870 0.026050 0.048521
35 0.603782 0.232544 0.024370 0.029586
0 0.352521 0.272781 0.010924 0.017751
0 0.690756 0.471598 0.010084 0.015385
42 0.344118 0.213018 0.021008 0.014201
42 0.344118 0.237870 0.021008 0.014201
0 0.790336 0.450888 0.014286 0.014201
