1 0.164303 0.434385 0.080378 0.101329
3 0.881797 0.168605 0.016548 0.044850
4 0.353428 0.111296 0.021277 0.029900
1 0.131206 0.086379 0.099291 0.073090
1 0.806738 0.136213 0.086288 0.069767
4 0.579787 0.127076 0.024823 0.038206
24 0.443262 0.236711 0.035461 0.058140
1 0.426123 0.127907 0.086288 0.069767
2 0.685579 0.240864 0.033097 0.023256
2 0.521868 0.230897 0.034279 0.026578
4 0.272459 0.185216 0.024823 0.034884
0 0.271868 0.140365 0.018913 0.014950
2 0.128842 0.269103 0.018913 0.036545
3 0.732861 0.136213 0.033097 0.016611
2 0.580378 0.181894 0.033097 0.028239
2 0.213948 0.240033 0.035461 0.024917
2 0.220449 0.455150 0.029551 0.026578
2 0.271868 0.240033 0.035461 0.028239
2 0.354019 0.165282 0.031915 0.024917
2 0.411939 0.266611 0.031915 0.024917
3 0.521277 0.178571 0.018913 0.048173
3 0.520686 0.112126 0.017730 0.041528
0 0.413712 0.213455 0.016548 0.014950
4 0.881797 0.102159 0.023641 0.024917
3 0.089243 0.267442 0.036643 0.023256
4 0.213357 0.185216 0.027187 0.028239
4 0.076241 0.432724 0.024823 0.024917
2 0.112293 0.489203 0.030733 0.021595
0 0.112293 0.387043 0.018913 0.013289
3 0.142435 0.210963 0.036643 0.019934
3 0.142435 0.152824 0.034279 0.019934
2 0.489362 0.128738 0.016548 0.031561
0 0.212766 0.139535 0.016548 0.016611
74 0.896572 0.069767 0.015366 0.019934
0 0.354610 0.064784 0.018913 0.016611
0 0.579196 0.064784 0.018913 0.013289
0 0.176714 0.212625 0.013002 0.026578
6 0.423759 0.073090 0.046099 0.016611
8 0.686170 0.104651 0.036643 0.046512
15 0.685579 0.188538 0.040189 0.051495
22 0.498227 0.077243 0.027187 0.034884
35 0.091608 0.161130 0.029551 0.049834
35 0.091608 0.225914 0.029551 0.049834
0 0.175532 0.152824 0.013002 0.026578
0 0.878251 0.220930 0.016548 0.016611
