1 0.846218 0.452663 0.072269 0.053254
1 0.076471 0.124260 0.073950 0.087574
23 0.534874 0.478698 0.019328 0.024852
23 0.299160 0.478107 0.020168 0.023669
35 0.076471 0.334320 0.030252 0.034320
3 0.248319 0.153846 0.012605 0.037870
35 0.790756 0.332544 0.026891 0.037870
2 0.668908 0.327811 0.025210 0.021302
1 0.128151 0.453254 0.073109 0.054438
3 0.197899 0.500592 0.012605 0.037870
1 0.604202 0.447929 0.073950 0.053254
1 0.367647 0.447929 0.073109 0.050888
2 0.433193 0.333728 0.026050 0.021302
3 0.193277 0.395266 0.013445 0.035503
35 0.312185 0.328994 0.026050 0.035503
3 0.920588 0.395266 0.012605 0.040237
35 0.253361 0.104142 0.029412 0.030769
2 0.424370 0.190533 0.025210 0.018935
3 0.786134 0.389349 0.012605 0.040237
3 0.433193 0.395266 0.014286 0.037870
23 0.129832 0.092899 0.019328 0.024852
3 0.071849 0.389349 0.012605 0.037870
2 0.273950 0.527219 0.025210 0.022485
3 0.932773 0.501775 0.013445 0.037870
2 0.508824 0.527811 0.024370 0.021302
2 0.920168 0.327811 0.025210 0.021302
2 0.192857 0.339053 0.026050 0.020118
0 0.307143 0.281065 0.014286 0.013018
3 0.668067 0.394675 0.013445 0.036686
3 0.542857 0.389349 0.011765 0.040237
3 0.445798 0.496450 0.012605 0.036686
0 0.070588 0.280473 0.013445 0.011834
0 0.542857 0.281657 0.013445 0.014201
2 0.038235 0.220710 0.024370 0.020118
23 0.059664 0.484615 0.021849 0.024852
2 0.752941 0.533136 0.025210 0.020118
2 0.248739 0.202367 0.023529 0.018935
4 0.159664 0.081657 0.018487 0.016568
3 0.307563 0.389349 0.013445 0.040237
0 0.248319 0.049704 0.014286 0.011834
23 0.778571 0.485207 0.021008 0.023669
3 0.681092 0.496450 0.012605 0.036686
0 0.786134 0.281065 0.014286 0.013018
23 0.129832 0.165089 0.021008 0.024852
35 0.546639 0.326627 0.026050 0.033136
35 0.192017 0.555030 0.027731 0.035503
2 0.174370 0.194675 0.014286 0.029586
2 0.034034 0.534320 0.024370 0.020118
18 0.339916 0.137870 0.021008 0.034320
35 0.437815 0.557396 0.030252 0.030769
0 0.171429 0.141420 0.008403 0.017751
4 0.159244 0.164497 0.017647 0.018935
2 0.175630 0.052663 0.013445 0.027219
0 0.171008 0.108284 0.009244 0.017751
35 0.926050 0.556805 0.030252 0.036686
18 0.504202 0.137870 0.021849 0.036686
0 0.185714 0.613018 0.015126 0.014201
35 0.673109 0.556213 0.031933 0.035503
18 0.449580 0.137870 0.021849 0.034320
18 0.395378 0.137870 0.021008 0.034320
0 0.432773 0.605917 0.015126 0.014201
0 0.668908 0.607101 0.015126 0.014201
0 0.921849 0.608284 0.015126 0.014201
