1 0.165126 0.236686 0.074790 0.087574
3 0.651681 0.480473 0.012605 0.033136
4 0.681513 0.566864 0.016807 0.030769
1 0.599580 0.196450 0.089916 0.080473
1 0.599580 0.534911 0.089916 0.085207
4 0.681513 0.231953 0.016807 0.028402
3 0.652101 0.566272 0.011765 0.036686
24 0.830672 0.557396 0.027731 0.056805
24 0.276050 0.645562 0.027731 0.162130
4 0.651261 0.613609 0.018487 0.022485
75 0.155882 0.460355 0.024370 0.030769
2 0.601261 0.650888 0.026050 0.018935
2 0.601261 0.316568 0.024370 0.017751
24 0.776471 0.213609 0.043697 0.041420
4 0.651681 0.276923 0.019328 0.023669
24 0.776891 0.551479 0.044538 0.042604
4 0.248319 0.242012 0.019328 0.022485
2 0.407983 0.582840 0.022689 0.017751
24 0.834454 0.219527 0.030252 0.053254
3 0.651681 0.145562 0.012605 0.033136
2 0.286134 0.279882 0.024370 0.017751
75 0.238655 0.447337 0.026891 0.030769
4 0.285714 0.241420 0.018487 0.023669
3 0.407983 0.542604 0.012605 0.029586
2 0.403782 0.239053 0.022689 0.016568
3 0.651681 0.229586 0.012605 0.035503
24 0.198319 0.455030 0.023529 0.041420
2 0.215546 0.476923 0.021008 0.016568
30 0.415546 0.152663 0.047899 0.061538
0 0.286134 0.208876 0.014286 0.010651
3 0.404202 0.200000 0.011765 0.030769
0 0.180252 0.438462 0.012605 0.013018
2 0.248319 0.626036 0.010924 0.026036
3 0.419328 0.201775 0.010084 0.029586
3 0.424790 0.544379 0.010924 0.030769
30 0.419748 0.491716 0.049580 0.060355
4 0.512605 0.533728 0.015126 0.028402
5 0.496639 0.507692 0.016807 0.028402
5 0.497479 0.173373 0.016807 0.029586
3 0.432353 0.544379 0.010924 0.030769
3 0.429412 0.202959 0.010084 0.029586
4 0.513866 0.193491 0.015966 0.022485
0 0.479412 0.161538 0.014286 0.015385
0 0.479412 0.497633 0.014286 0.015385
0 0.680252 0.498817 0.014286 0.015385
0 0.680252 0.160355 0.014286 0.015385
35 0.709664 0.165089 0.022689 0.029586
35 0.727311 0.163905 0.022689 0.029586
35 0.701261 0.502367 0.022689 0.029586
35 0.718067 0.502367 0.022689 0.029586
0 0.260084 0.568639 0.012605 0.013018
