1 0.595420 0.362141 0.026293 0.020933
1 0.951654 0.416567 0.025445 0.020933
1 0.645886 0.361244 0.025445 0.020335
1 0.232400 0.375299 0.032231 0.029306
1 0.268024 0.541268 0.050891 0.129187
1 0.343936 0.175538 0.061917 0.109450
1 0.951866 0.523923 0.025021 0.021531
1 0.951654 0.469199 0.024597 0.019737
1 0.595632 0.469199 0.024173 0.020933
1 0.493639 0.577153 0.024597 0.021531
1 0.544741 0.469498 0.025021 0.021531
1 0.544741 0.523624 0.024173 0.020933
1 0.952078 0.577452 0.025445 0.020933
1 0.091815 0.389653 0.034351 0.080742
1 0.696565 0.361244 0.026718 0.020335
1 0.544105 0.361842 0.026293 0.020335
1 0.595420 0.415670 0.025445 0.021531
1 0.646310 0.415969 0.025445 0.020933
1 0.596268 0.577153 0.024597 0.021531
1 0.697201 0.416268 0.024597 0.021531
1 0.493639 0.524222 0.024597 0.022129
1 0.544529 0.415969 0.025445 0.020933
1 0.646098 0.469498 0.025021 0.021531
1 0.901187 0.416567 0.025445 0.020933
1 0.595844 0.523325 0.024597 0.021531
1 0.646522 0.524222 0.025021 0.020933
1 0.090119 0.551734 0.069126 0.092703
1 0.647159 0.631878 0.023749 0.020933
1 0.596692 0.632177 0.023749 0.020335
1 0.798982 0.416268 0.024597 0.020335
1 0.798134 0.361543 0.027142 0.019737
1 0.901187 0.469797 0.025445 0.020933
1 0.952078 0.633373 0.025445 0.021531
1 0.900975 0.524522 0.025021 0.021531
1 0.849449 0.469199 0.023749 0.019737
1 0.118321 0.155502 0.036472 0.080144
1 0.545802 0.576854 0.023749 0.022129
1 0.546014 0.632177 0.024173 0.021531
1 0.749152 0.631878 0.024173 0.019737
3 0.069550 0.175239 0.012723 0.010766
3 0.405428 0.066986 0.013571 0.008373
1 0.749152 0.469199 0.025021 0.019737
1 0.494063 0.468900 0.023749 0.021531
1 0.799194 0.632775 0.026718 0.021531
1 0.748516 0.361244 0.026293 0.019139
1 0.799406 0.577452 0.025445 0.020933
0 0.879559 0.402512 0.008482 0.007177
1 0.493639 0.360945 0.024597 0.020933
1 0.698473 0.632177 0.023749 0.019139
1 0.697837 0.469797 0.025021 0.020933
1 0.798770 0.469199 0.025021 0.019737
1 0.952290 0.362440 0.025869 0.019139
1 0.798770 0.524522 0.025869 0.020335
1 0.495123 0.632177 0.023325 0.022727
1 0.748516 0.577153 0.024597 0.021531
1 0.850085 0.524821 0.025021 0.022129
1 0.900763 0.577153 0.025445 0.020335
0 0.930450 0.402512 0.009330 0.007177
2 0.271841 0.169856 0.014419 0.014354
1 0.697625 0.523923 0.024597 0.020335
1 0.493215 0.415969 0.023749 0.022129
1 0.849661 0.577452 0.026718 0.019737
1 0.697625 0.578050 0.026293 0.022129
1 0.748516 0.416268 0.025445 0.020335
1 0.850721 0.632476 0.024597 0.023325
0 0.829517 0.401914 0.008482 0.007177
1 0.849237 0.415969 0.023325 0.020933
0 0.778414 0.401914 0.008906 0.007177
1 0.647159 0.577153 0.025445 0.021531
2 0.267600 0.458134 0.011026 0.011962
1 0.901399 0.631878 0.024173 0.022129
0 0.521628 0.402811 0.009330 0.008971
1 0.850085 0.361543 0.025021 0.018541
1 0.748516 0.524522 0.025445 0.020335
0 0.931086 0.351376 0.007209 0.006579
0 0.930450 0.457536 0.008482 0.005981
2 0.719254 0.648923 0.010178 0.009569
2 0.566370 0.648624 0.009754 0.010167
2 0.617684 0.648923 0.010602 0.009569
2 0.303435 0.124103 0.009754 0.012560
2 0.872349 0.649522 0.011026 0.010766
1 0.407549 0.357356 0.029686 0.026914
1 0.900975 0.361543 0.026718 0.018541
2 0.317218 0.489234 0.009330 0.016746
2 0.770568 0.648624 0.011026 0.010167
2 0.667727 0.648923 0.009754 0.010766
2 0.515903 0.649522 0.010602 0.010766
0 0.880407 0.510766 0.006785 0.007177
0 0.779262 0.511065 0.007209 0.006579
2 0.821459 0.648624 0.011026 0.010167
2 0.202926 0.381579 0.009754 0.014354
0 0.829304 0.510766 0.007209 0.007177
2 0.053647 0.140251 0.009754 0.013756
0 0.728159 0.402512 0.008482 0.007177
2 0.186811 0.229964 0.013147 0.013756
0 0.572519 0.403110 0.010178 0.007177
0 0.829517 0.350778 0.006785 0.005383
2 0.084182 0.187799 0.009754 0.014354
0 0.880407 0.457835 0.006785 0.006579
2 0.973070 0.649222 0.010602 0.010167
0 0.472434 0.402811 0.009330 0.007775
0 0.930662 0.510766 0.006361 0.005981
3 0.182146 0.477871 0.008058 0.016746
0 0.880195 0.351376 0.006361 0.005383
2 0.922816 0.649222 0.011026 0.010167
2 0.820187 0.542464 0.009330 0.010766
2 0.145250 0.121711 0.007209 0.017344
24 0.441688 0.181220 0.015691 0.022727
2 0.718617 0.542763 0.008906 0.010167
2 0.146098 0.188696 0.008906 0.014952
3 0.392706 0.106160 0.014419 0.010167
2 0.769508 0.542464 0.009754 0.010766
3 0.431298 0.093301 0.008482 0.019139
0 0.676845 0.403110 0.010178 0.007177
0 0.828880 0.456938 0.008058 0.005981
0 0.879983 0.563696 0.006785 0.006579
2 0.668363 0.541866 0.009330 0.010766
2 0.370865 0.351077 0.008058 0.015550
4 0.405852 0.121411 0.010178 0.013158
0 0.728159 0.511065 0.007634 0.007775
2 0.343936 0.098684 0.012723 0.013158
2 0.617472 0.542464 0.009330 0.009569
2 0.668363 0.435108 0.008482 0.010167
0 0.472222 0.510467 0.008906 0.007775
2 0.871289 0.542464 0.010602 0.010766
2 0.718830 0.594797 0.009330 0.008971
4 0.257209 0.142045 0.009754 0.011364
0 0.727523 0.458134 0.008906 0.007177
2 0.566794 0.542763 0.009754 0.010167
2 0.617684 0.595096 0.009754 0.009569
2 0.668151 0.594199 0.009754 0.010167
2 0.922816 0.542464 0.011026 0.010766
2 0.288168 0.332237 0.012299 0.013756
2 0.718617 0.435706 0.008058 0.010167
0 0.829304 0.563995 0.007209 0.007177
2 0.820187 0.594797 0.011026 0.010167
4 0.234945 0.141447 0.009330 0.012560
2 0.820611 0.435407 0.009330 0.010766
0 0.472010 0.563995 0.009330 0.008373
0 0.930662 0.564294 0.007209 0.006579
2 0.515479 0.542165 0.009754 0.010167
0 0.471162 0.455742 0.008482 0.008373
0 0.727947 0.348983 0.008906 0.007775
2 0.718405 0.487739 0.009330 0.010167
2 0.617472 0.487739 0.010178 0.010167
2 0.820399 0.487739 0.010602 0.011364
0 0.571671 0.457237 0.010178 0.007775
2 0.769296 0.435407 0.008482 0.010766
2 0.567006 0.595096 0.010178 0.009569
3 0.080577 0.621711 0.006785 0.020933
2 0.232612 0.487141 0.008906 0.011364
0 0.182146 0.459928 0.008058 0.009569
2 0.122137 0.424641 0.008482 0.016746
0 0.879771 0.617225 0.006361 0.007177
2 0.769508 0.487440 0.010602 0.010766
2 0.617684 0.435706 0.008058 0.010167
0 0.677693 0.511364 0.008482 0.007177
4 0.214377 0.519438 0.008906 0.014952
2 0.667939 0.487440 0.009330 0.010766
2 0.053859 0.175837 0.009330 0.013158
2 0.286260 0.381878 0.011026 0.013756
4 0.405004 0.081938 0.009330 0.013158
2 0.922604 0.594498 0.011450 0.010766
0 0.521841 0.510167 0.009754 0.007177
2 0.972858 0.595096 0.011026 0.009569
2 0.871077 0.594498 0.011026 0.009569
2 0.515903 0.594797 0.010602 0.008971
2 0.769720 0.594797 0.010178 0.010167
0 0.521416 0.456041 0.009754 0.007775
2 0.515903 0.487739 0.010602 0.011364
2 0.922392 0.488038 0.011026 0.010766
2 0.973070 0.543062 0.010602 0.009569
2 0.871289 0.487739 0.011450 0.011364
2 0.566582 0.487739 0.010178 0.010167
0 0.521416 0.563397 0.009754 0.007177
0 0.571035 0.563397 0.009754 0.007177
2 0.516327 0.381280 0.010602 0.011364
0 0.778414 0.563696 0.008058 0.006579
2 0.667727 0.380981 0.009754 0.011962
2 0.083969 0.121112 0.007634 0.012560
2 0.179389 0.519737 0.010178 0.015550
2 0.870865 0.436005 0.008906 0.010766
2 0.770356 0.380383 0.010602 0.013158
0 0.626166 0.564593 0.012299 0.005981
0 0.572095 0.350179 0.010178 0.007775
0 0.430025 0.039773 0.009330 0.006579
2 0.566582 0.435407 0.009330 0.009569
0 0.930237 0.618122 0.007209 0.007775
0 0.472434 0.348983 0.009330 0.007775
0 0.525021 0.348983 0.009330 0.008971
0 0.625530 0.348983 0.010178 0.007775
0 0.675573 0.348983 0.010178 0.007775
0 0.779262 0.348983 0.008906 0.007775
0 0.472434 0.618421 0.009330 0.008373
0 0.523325 0.617225 0.009330 0.008373
0 0.575064 0.617823 0.009330 0.008373
0 0.625954 0.617823 0.009330 0.008373
0 0.675997 0.617225 0.009330 0.008373
0 0.675997 0.564593 0.009330 0.008373
0 0.726463 0.563995 0.009330 0.008373
0 0.726887 0.617225 0.009330 0.008373
0 0.779050 0.617823 0.009330 0.008373
0 0.829092 0.618421 0.009330 0.008373
0 0.624682 0.402512 0.010178 0.007177
0 0.625954 0.456340 0.010178 0.007177
0 0.677693 0.456340 0.010178 0.007177
0 0.626802 0.511364 0.010178 0.007177
0 0.575488 0.510766 0.010178 0.007177
0 0.777566 0.456340 0.008906 0.007177
2 0.973282 0.486842 0.011026 0.010766
2 0.974131 0.433014 0.011026 0.010766
2 0.974131 0.380383 0.011026 0.010766
2 0.922392 0.380383 0.011026 0.010766
2 0.923240 0.434809 0.011026 0.010766
2 0.871925 0.381579 0.011026 0.010766
2 0.821459 0.380981 0.011026 0.010766
2 0.719042 0.381579 0.010602 0.013158
2 0.617684 0.380383 0.009754 0.011962
2 0.565522 0.380981 0.009754 0.011962
2 0.514843 0.434809 0.009330 0.009569
4 0.388889 0.177632 0.010178 0.013158
4 0.388889 0.207536 0.010178 0.013158
4 0.416455 0.200957 0.010178 0.013158
3 0.418575 0.104964 0.014419 0.010167
4 0.430237 0.058612 0.010602 0.013158
4 0.298134 0.147129 0.010178 0.013158
3 0.286684 0.130084 0.014419 0.010167
4 0.214165 0.140849 0.009330 0.012560
3 0.070399 0.138756 0.012723 0.010766
3 0.287108 0.195275 0.014419 0.010167
3 0.298982 0.200658 0.014419 0.010167
3 0.299406 0.218600 0.014419 0.010167
22 0.430450 0.140550 0.009330 0.015550
2 0.122137 0.357656 0.008482 0.016746
2 0.045802 0.357057 0.008482 0.016746
2 0.044953 0.424043 0.008482 0.016746
2 0.260390 0.186902 0.013571 0.011364
4 0.180662 0.199163 0.010178 0.013158
21 0.195293 0.198864 0.008906 0.017344
0 0.073367 0.181519 0.005937 0.007775
0 0.064037 0.363337 0.005937 0.007775
3 0.040288 0.375598 0.012723 0.010766
3 0.041137 0.410287 0.012723 0.010766
0 0.064037 0.416567 0.005937 0.007775
0 0.184902 0.369019 0.005937 0.008373
0 0.256573 0.354067 0.005937 0.008373
4 0.268024 0.357356 0.009330 0.012560
4 0.287532 0.357356 0.009330 0.012560
4 0.272689 0.380981 0.010178 0.013158
0 0.362171 0.395933 0.005937 0.008373
0 0.361323 0.357656 0.005937 0.008373
0 0.375742 0.363636 0.005937 0.008373
41 0.388253 0.395335 0.008906 0.007177
0 0.390585 0.159689 0.005937 0.008373
0 0.399067 0.142344 0.005937 0.008373
0 0.416879 0.213517 0.005937 0.008373
0 0.405428 0.100478 0.005937 0.008373
0 0.214165 0.119318 0.009330 0.006579
2 0.280110 0.146531 0.009754 0.014354
35 0.271204 0.198565 0.011450 0.017943
35 0.270780 0.216507 0.011450 0.017943
0 0.072095 0.126196 0.005937 0.008373
2 0.025233 0.374402 0.008906 0.016746
2 0.025657 0.410885 0.008906 0.016746
2 0.064461 0.473086 0.008482 0.016746
3 0.085030 0.483254 0.008058 0.016746
2 0.036684 0.535586 0.012299 0.013756
0 0.038380 0.569976 0.006361 0.010766
0 0.175360 0.494617 0.006361 0.010766
4 0.187871 0.506280 0.009330 0.012560
4 0.199746 0.506280 0.009330 0.012560
3 0.216073 0.501196 0.013147 0.010766
3 0.101993 0.677033 0.013147 0.010766
3 0.101993 0.724880 0.013147 0.010766
11 0.072943 0.677632 0.011026 0.020335
11 0.072943 0.723086 0.011026 0.020335
0 0.080577 0.639653 0.008482 0.007775
