18 0.442177 0.892647 0.017687 0.024510
18 0.377891 0.892157 0.017007 0.027451
1 0.531293 0.188725 0.073469 0.230392
18 0.340136 0.891667 0.017687 0.026471
3 0.044898 0.905882 0.010884 0.027451
3 0.680952 0.131373 0.009524 0.029412
1 0.311224 0.186765 0.068707 0.226471
1 0.190136 0.647549 0.053741 0.048039
2 0.411565 0.920588 0.017687 0.015686
2 0.442517 0.919608 0.018367 0.015686
2 0.680952 0.168137 0.020408 0.016667
1 0.173810 0.889706 0.065986 0.042157
1 0.676190 0.416176 0.057143 0.071569
2 0.377891 0.919608 0.018367 0.015686
2 0.041497 0.722059 0.020408 0.018627
3 0.041156 0.665196 0.010204 0.030392
3 0.418367 0.724020 0.009524 0.028431
1 0.793197 0.593137 0.065306 0.060784
18 0.411905 0.893137 0.017007 0.027451
2 0.442177 0.757843 0.017687 0.015686
1 0.081293 0.138725 0.042857 0.073529
4 0.235374 0.671078 0.014966 0.024510
3 0.832993 0.239706 0.021088 0.012745
2 0.248639 0.944118 0.021088 0.017647
4 0.755442 0.420098 0.015646 0.016667
2 0.776190 0.453431 0.019048 0.016667
3 0.921429 0.239216 0.022449 0.011765
3 0.836395 0.092647 0.021088 0.012745
2 0.360204 0.413235 0.018367 0.016667
2 0.304762 0.656373 0.012245 0.020588
29 0.378231 0.463725 0.027211 0.031373
2 0.119048 0.491176 0.017687 0.017647
2 0.045238 0.948529 0.021088 0.018627
2 0.690136 0.613725 0.019728 0.015686
2 0.214626 0.413235 0.018367 0.016667
4 0.115646 0.666176 0.014966 0.024510
2 0.164286 0.712255 0.019728 0.018627
2 0.340476 0.919608 0.018367 0.015686
3 0.925170 0.093137 0.023129 0.013725
2 0.715306 0.453431 0.018367 0.018627
29 0.231633 0.379902 0.031973 0.032353
2 0.261565 0.412745 0.018367 0.017647
4 0.718367 0.130882 0.014966 0.024510
12 0.131973 0.382353 0.024490 0.033333
2 0.312585 0.413725 0.018367 0.017647
4 0.084694 0.908333 0.014286 0.020588
29 0.275510 0.464216 0.027211 0.028431
3 0.680612 0.082843 0.010204 0.028431
2 0.925510 0.291667 0.019728 0.016667
29 0.329592 0.380882 0.030612 0.030392
0 0.401020 0.600000 0.012925 0.011765
29 0.377211 0.380392 0.027891 0.033333
4 0.772449 0.683824 0.014286 0.018627
2 0.714966 0.369118 0.017687 0.018627
2 0.840476 0.555392 0.018367 0.018627
4 0.224830 0.900980 0.015646 0.015686
2 0.638776 0.434804 0.013605 0.018627
0 0.689456 0.654412 0.011565 0.010784
3 0.877211 0.638725 0.011565 0.028431
3 0.115986 0.900980 0.022449 0.013725
2 0.258844 0.497549 0.018367 0.016667
4 0.077891 0.665196 0.012925 0.020588
4 0.751701 0.684314 0.014966 0.015686
4 0.812585 0.709314 0.021088 0.018627
2 0.211224 0.497059 0.019728 0.017647
29 0.228231 0.463235 0.029252 0.032353
2 0.752041 0.718627 0.018367 0.017647
2 0.360884 0.497549 0.019728 0.016667
29 0.337075 0.660294 0.025170 0.020588
0 0.815646 0.364706 0.010884 0.013725
15 0.442517 0.614216 0.021088 0.032353
29 0.330952 0.462745 0.027891 0.033333
0 0.897959 0.363235 0.012245 0.010784
0 0.680952 0.055392 0.010884 0.010784
2 0.773810 0.764216 0.014286 0.024510
11 0.115306 0.425000 0.015646 0.030392
4 0.247959 0.900980 0.015646 0.013725
3 0.088776 0.444118 0.011565 0.029412
51 0.743537 0.106373 0.025850 0.016667
29 0.278912 0.380392 0.028571 0.031373
0 0.098639 0.349020 0.012245 0.011765
0 0.839796 0.268137 0.010204 0.016667
0 0.846939 0.755882 0.009524 0.013725
6 0.143197 0.635294 0.025170 0.011765
0 0.776190 0.384314 0.010884 0.009804
8 0.100340 0.847549 0.025170 0.030392
2 0.312245 0.496078 0.019048 0.015686
8 0.113605 0.607353 0.025850 0.030392
3 0.462585 0.646078 0.021769 0.015686
8 0.100680 0.847059 0.025850 0.029412
3 0.397619 0.700980 0.019728 0.013725
22 0.098299 0.381863 0.012925 0.024510
0 0.247619 0.872549 0.010884 0.007843
22 0.058844 0.635784 0.018367 0.020588
3 0.922109 0.268627 0.021088 0.013725
49 0.379592 0.656863 0.027211 0.049020
3 0.925850 0.122059 0.023129 0.014706
35 0.866667 0.088235 0.019048 0.027451
35 0.890476 0.088235 0.019048 0.027451
35 0.889116 0.116667 0.019048 0.027451
35 0.863265 0.235294 0.019048 0.027451
35 0.882993 0.233333 0.019048 0.027451
35 0.885034 0.265686 0.019048 0.027451
35 0.867687 0.586275 0.022449 0.031373
35 0.861905 0.623529 0.020408 0.033333
0 0.041497 0.573529 0.012245 0.011765
0 0.115646 0.574510 0.012245 0.011765
0 0.044898 0.772549 0.012245 0.011765
0 0.101361 0.770588 0.012245 0.011765
26 0.814626 0.764216 0.022449 0.036275
0 0.849320 0.111275 0.010204 0.016667
0 0.727211 0.392157 0.010884 0.009804
3 0.741837 0.591667 0.022449 0.016667
3 0.726871 0.661275 0.022449 0.016667
3 0.063605 0.426961 0.019728 0.012745
25 0.776190 0.422549 0.009524 0.027451
7 0.856463 0.373039 0.019048 0.018627
3 0.887415 0.640686 0.011565 0.028431
11 0.439116 0.700000 0.018367 0.033333
