3 0.390448 0.063445 0.009552 0.026050
1 0.442687 0.297479 0.078209 0.068908
2 0.441791 0.365126 0.019104 0.014286
3 0.343582 0.346639 0.008955 0.024370
3 0.845075 0.333193 0.008955 0.029412
2 0.844776 0.369328 0.017910 0.015966
1 0.786866 0.108403 0.083582 0.068908
2 0.441194 0.175210 0.017910 0.014286
24 0.394925 0.787395 0.020896 0.030252
1 0.786567 0.302521 0.082985 0.068908
24 0.588955 0.721008 0.023284 0.028571
3 0.390149 0.253361 0.010149 0.024370
3 0.343881 0.157563 0.009552 0.026050
1 0.158209 0.496639 0.058507 0.052101
2 0.844776 0.175630 0.017910 0.015126
24 0.589254 0.771008 0.022687 0.029412
2 0.498507 0.175210 0.016716 0.014286
2 0.669254 0.175630 0.016716 0.013445
2 0.322388 0.176050 0.016716 0.014286
1 0.440597 0.108824 0.080000 0.068067
2 0.498806 0.365546 0.018507 0.015126
1 0.872537 0.560924 0.060299 0.049580
2 0.788358 0.175210 0.017313 0.014286
24 0.876716 0.747899 0.060299 0.052101
24 0.662687 0.721429 0.020299 0.027731
2 0.268657 0.915546 0.016716 0.015966
2 0.668955 0.370168 0.017313 0.014286
1 0.095821 0.159244 0.030448 0.061345
2 0.322388 0.365966 0.017910 0.014286
1 0.634627 0.497479 0.057313 0.053782
3 0.845373 0.139496 0.009552 0.028571
1 0.095522 0.292017 0.029851 0.047899
2 0.788060 0.369328 0.017910 0.014286
1 0.214627 0.787395 0.065075 0.048739
3 0.370149 0.156723 0.008358 0.026050
2 0.214925 0.840336 0.016716 0.013445
3 0.209254 0.526891 0.008955 0.026891
2 0.687164 0.575210 0.017910 0.014286
24 0.663284 0.771008 0.020299 0.029412
2 0.448060 0.575210 0.017313 0.014286
2 0.119701 0.118067 0.016119 0.015966
2 0.122687 0.315546 0.016119 0.014286
1 0.157015 0.560504 0.062090 0.048739
3 0.716418 0.155882 0.009552 0.026050
1 0.632537 0.561345 0.057910 0.053782
4 0.280896 0.730672 0.016119 0.014286
3 0.369851 0.345378 0.008955 0.025210
2 0.089851 0.873529 0.017313 0.014286
3 0.331343 0.807143 0.008358 0.024370
2 0.926567 0.576050 0.017910 0.014286
2 0.209254 0.575630 0.017313 0.015126
1 0.396418 0.496639 0.056119 0.052101
1 0.393134 0.562185 0.059104 0.052101
3 0.689552 0.156303 0.010746 0.025210
4 0.322388 0.315546 0.017910 0.017647
24 0.350149 0.733613 0.020896 0.030252
3 0.268657 0.821429 0.009552 0.027731
4 0.340299 0.486134 0.014328 0.014286
4 0.331642 0.849160 0.016119 0.015966
0 0.391642 0.226891 0.009552 0.010084
3 0.689851 0.349580 0.010149 0.025210
1 0.872239 0.497059 0.058507 0.052941
4 0.817910 0.487395 0.014328 0.015126
3 0.716418 0.348739 0.009552 0.025210
4 0.101493 0.488235 0.014328 0.013445
4 0.307761 0.731513 0.013731 0.014286
4 0.250448 0.731092 0.016119 0.015126
4 0.579403 0.486555 0.013731 0.015126
3 0.080896 0.477311 0.019701 0.011765
2 0.379104 0.818908 0.017910 0.015966
3 0.498507 0.328992 0.010746 0.027731
4 0.358806 0.849580 0.013134 0.016807
4 0.062687 0.836975 0.016716 0.016807
0 0.142985 0.136975 0.007761 0.008403
4 0.089552 0.815546 0.015522 0.017647
0 0.391642 0.036975 0.011940 0.010084
3 0.319403 0.477731 0.019104 0.012605
3 0.447761 0.526050 0.010746 0.025210
4 0.322388 0.125630 0.016716 0.017647
3 0.558507 0.477731 0.019701 0.012605
3 0.797015 0.478151 0.020299 0.013445
2 0.119701 0.196639 0.017313 0.013445
3 0.686269 0.528992 0.011343 0.026050
0 0.122388 0.273950 0.010746 0.013445
4 0.668657 0.320588 0.016716 0.017647
4 0.513731 0.286555 0.013731 0.016807
2 0.280896 0.702101 0.014925 0.012605
3 0.498209 0.139916 0.011343 0.026050
35 0.345672 0.117647 0.019104 0.020168
35 0.371940 0.116387 0.020299 0.022689
35 0.344776 0.306303 0.017313 0.017647
35 0.372239 0.306303 0.019701 0.019328
35 0.692239 0.119748 0.022090 0.019328
35 0.718507 0.118067 0.024478 0.017647
35 0.692239 0.311765 0.019701 0.016807
35 0.717612 0.311765 0.019104 0.018487
3 0.737910 0.068067 0.009552 0.025210
23 0.142687 0.162185 0.015522 0.015126
0 0.059104 0.462185 0.009552 0.008403
0 0.298209 0.463866 0.010149 0.008403
0 0.537015 0.461345 0.011343 0.010084
0 0.062090 0.765126 0.009552 0.009244
3 0.061791 0.796639 0.008955 0.025210
35 0.116119 0.895378 0.022090 0.019328
35 0.143284 0.894958 0.020299 0.020168
35 0.174030 0.894538 0.017313 0.017647
35 0.203881 0.894958 0.018507 0.015126
27 0.269851 0.870168 0.010746 0.027731
6 0.294328 0.782353 0.039403 0.016807
2 0.331343 0.891176 0.013134 0.014286
3 0.925672 0.530672 0.011343 0.026050
4 0.859701 0.289916 0.015522 0.013445
0 0.860000 0.273109 0.010149 0.008403
0 0.737015 0.231092 0.010149 0.013445
0 0.777313 0.463445 0.010746 0.010924
4 0.668657 0.128571 0.016716 0.015126
4 0.513731 0.098739 0.017313 0.015966
4 0.859403 0.100000 0.014925 0.013445
0 0.736716 0.038235 0.008358 0.009244
0 0.859403 0.080672 0.011343 0.010084
0 0.511940 0.267227 0.011343 0.010084
0 0.512537 0.080672 0.008955 0.008403
