1 0.389353 0.173950 0.038970 0.183193
1 0.038796 0.691176 0.022617 0.150420
1 0.106994 0.692857 0.014962 0.069748
2 0.534447 0.580252 0.011830 0.014286
2 0.466423 0.219328 0.008003 0.016807
24 0.536708 0.678151 0.015658 0.055462
2 0.108038 0.636555 0.009395 0.014286
2 0.308281 0.369328 0.009047 0.014286
3 0.534447 0.555042 0.006959 0.027731
2 0.531837 0.331092 0.008699 0.015126
4 0.191545 0.213866 0.007307 0.022689
2 0.466597 0.401261 0.008351 0.015966
2 0.531663 0.418908 0.009047 0.021008
2 0.532533 0.237815 0.011482 0.018487
2 0.436848 0.277311 0.012178 0.015126
4 0.104558 0.150840 0.008003 0.014286
4 0.480515 0.427311 0.006263 0.026050
2 0.241823 0.371008 0.007655 0.014286
4 0.241301 0.499160 0.007307 0.028571
15 0.166493 0.445378 0.015658 0.026891
52 0.064196 0.668487 0.012178 0.012605
52 0.064196 0.684874 0.012178 0.011765
52 0.064022 0.693697 0.014614 0.010924
52 0.063674 0.702101 0.013918 0.012605
52 0.063848 0.717647 0.012178 0.011765
52 0.063848 0.726891 0.012874 0.008403
52 0.064196 0.735294 0.014266 0.010084
52 0.064370 0.744118 0.012526 0.010924
52 0.130654 0.707143 0.012178 0.009244
52 0.151357 0.689076 0.011830 0.010084
52 0.151183 0.698319 0.012874 0.011765
52 0.028184 0.444538 0.011830 0.011765
52 0.417537 0.117647 0.011830 0.011765
52 0.417711 0.126471 0.011482 0.010924
52 0.417884 0.135294 0.012526 0.010084
52 0.418058 0.142857 0.012874 0.008403
52 0.417189 0.160924 0.011134 0.010924
52 0.417189 0.176891 0.012526 0.010924
52 0.416841 0.185714 0.011134 0.011765
52 0.424322 0.201681 0.011482 0.010084
52 0.417711 0.227311 0.011482 0.010924
52 0.448504 0.109244 0.011830 0.011765
52 0.464161 0.101261 0.011830 0.010924
52 0.508177 0.102521 0.005219 0.026891
52 0.467641 0.142857 0.012526 0.011765
52 0.541058 0.193277 0.011830 0.011765
52 0.540710 0.286555 0.012526 0.010084
52 0.540362 0.374370 0.011830 0.012605
52 0.540884 0.458824 0.011482 0.013445
52 0.488866 0.444958 0.012526 0.010924
52 0.482951 0.478992 0.013222 0.011765
52 0.545755 0.538235 0.013570 0.010924
52 0.519833 0.668067 0.011134 0.010084
52 0.520007 0.676891 0.012178 0.010924
52 0.520355 0.684874 0.011482 0.008403
51 0.520529 0.694118 0.012526 0.011765
51 0.553758 0.051681 0.005915 0.029412
42 0.417537 0.150840 0.012526 0.009244
41 0.471468 0.478151 0.004175 0.008403
2 0.056541 0.623950 0.006611 0.017647
2 0.056715 0.636555 0.004871 0.015966
2 0.056541 0.644958 0.004523 0.012605
2 0.056541 0.652101 0.005915 0.016807
2 0.064196 0.647479 0.009395 0.014286
2 0.060891 0.764706 0.008351 0.015126
2 0.107690 0.752101 0.008699 0.011765
2 0.124565 0.670168 0.009047 0.014286
2 0.084203 0.395798 0.009743 0.013445
2 0.088900 0.163445 0.009395 0.014286
2 0.242345 0.528992 0.009395 0.014286
2 0.276792 0.527731 0.008699 0.015126
2 0.390049 0.064706 0.009743 0.011765
2 0.469207 0.168067 0.005219 0.023529
2 0.465727 0.192857 0.005915 0.021008
2 0.568720 0.091176 0.008699 0.012605
2 0.532011 0.502101 0.009047 0.014286
2 0.523486 0.657983 0.007307 0.018487
2 0.537056 0.632353 0.008699 0.012605
2 0.537404 0.721008 0.008699 0.011765
2 0.426235 0.209244 0.006263 0.018487
3 0.532881 0.475210 0.006611 0.022689
3 0.532533 0.390336 0.005219 0.024370
3 0.532707 0.302941 0.006263 0.021008
3 0.532359 0.208824 0.004871 0.021008
3 0.542450 0.081513 0.009047 0.015126
3 0.561239 0.080672 0.009743 0.015126
3 0.456333 0.084874 0.008003 0.021849
3 0.440501 0.093277 0.005567 0.023529
3 0.457550 0.168487 0.009743 0.014286
3 0.412491 0.415966 0.006611 0.021849
3 0.418928 0.445798 0.009743 0.014286
3 0.335769 0.373950 0.005567 0.021849
3 0.276270 0.462605 0.006263 0.024370
3 0.241823 0.463866 0.004871 0.020168
3 0.221468 0.358403 0.005219 0.026050
3 0.173626 0.360924 0.005567 0.022689
3 0.062457 0.378151 0.005915 0.023529
3 0.143006 0.416387 0.006263 0.021008
3 0.136221 0.445378 0.009395 0.013445
5 0.050800 0.376891 0.007655 0.015966
5 0.211030 0.357983 0.007307 0.016807
5 0.161273 0.360924 0.006611 0.017647
4 0.050626 0.421008 0.007307 0.016807
4 0.078288 0.429412 0.006959 0.011765
4 0.085595 0.429412 0.007655 0.013445
4 0.093598 0.429832 0.008351 0.012605
4 0.101949 0.430252 0.006959 0.013445
4 0.136221 0.380252 0.006611 0.021008
4 0.173800 0.425630 0.008003 0.015966
4 0.230863 0.394118 0.005219 0.016807
4 0.276618 0.500000 0.009743 0.018487
4 0.297669 0.396218 0.005915 0.015966
4 0.335595 0.415966 0.007307 0.015126
4 0.419450 0.361765 0.006611 0.019328
4 0.436152 0.253361 0.008699 0.012605
4 0.454071 0.217227 0.005567 0.019328
4 0.453897 0.193277 0.005219 0.018487
4 0.457724 0.428992 0.006611 0.012605
4 0.464509 0.428151 0.006959 0.014286
4 0.472512 0.430252 0.007655 0.013445
0 0.439631 0.059244 0.006611 0.009244
0 0.445024 0.184874 0.005567 0.011765
0 0.444850 0.210924 0.005219 0.010084
5 0.347773 0.373529 0.005915 0.015966
27 0.518267 0.079832 0.010090 0.015126
5 0.278358 0.361345 0.006263 0.021849
3 0.288796 0.360924 0.006263 0.024370
4 0.320111 0.286555 0.009047 0.016807
8 0.342902 0.445378 0.015658 0.026891
6 0.259221 0.447899 0.015310 0.020168
75 0.461378 0.460504 0.010438 0.025210
75 0.461378 0.481092 0.011830 0.024370
54 0.056541 0.447899 0.015658 0.033613
15 0.308107 0.413025 0.014266 0.029412
15 0.241997 0.412185 0.014266 0.029412
