1 0.389353 0.173950 0.039666 0.183193
24 0.522443 0.549580 0.015658 0.045378
1 0.028010 0.904202 0.025400 0.149580
2 0.465553 0.217227 0.006263 0.021008
3 0.455811 0.083613 0.008351 0.022689
2 0.527662 0.485294 0.008699 0.014286
3 0.240779 0.458824 0.006959 0.025210
2 0.466423 0.401681 0.008699 0.016807
2 0.308281 0.369328 0.009047 0.014286
4 0.191545 0.213866 0.007307 0.022689
52 0.535143 0.180252 0.012526 0.012605
2 0.436848 0.281933 0.012178 0.014286
52 0.467641 0.142437 0.012526 0.012605
52 0.449200 0.109664 0.012526 0.012605
52 0.464509 0.101261 0.012526 0.012605
52 0.539318 0.265126 0.012526 0.012605
52 0.537578 0.310504 0.012526 0.012605
52 0.537578 0.365126 0.012526 0.012605
52 0.536186 0.440756 0.012526 0.012605
52 0.489214 0.445798 0.012526 0.012605
52 0.483299 0.479412 0.012526 0.012605
52 0.507655 0.546218 0.011830 0.011765
52 0.508351 0.555462 0.011830 0.011765
52 0.507655 0.563025 0.011830 0.011765
52 0.417884 0.226471 0.012526 0.012605
52 0.424148 0.202101 0.012526 0.012605
52 0.416841 0.184454 0.012526 0.012605
52 0.416841 0.176891 0.012526 0.012605
52 0.417537 0.160084 0.012526 0.012605
52 0.416841 0.142437 0.012526 0.012605
52 0.417189 0.134874 0.012526 0.012605
52 0.416841 0.127311 0.012526 0.012605
52 0.417189 0.118067 0.012526 0.012605
42 0.418058 0.151681 0.012178 0.009244
2 0.426061 0.210504 0.005219 0.017647
52 0.508351 0.101681 0.006959 0.028571
51 0.553584 0.051681 0.006263 0.031092
2 0.465553 0.192017 0.006263 0.021008
2 0.469729 0.168487 0.006263 0.021008
2 0.569415 0.092857 0.012178 0.014286
2 0.528010 0.225630 0.012178 0.014286
2 0.528706 0.411345 0.012178 0.014286
2 0.276966 0.527311 0.009047 0.014286
2 0.389701 0.063445 0.009047 0.014286
0 0.439805 0.058824 0.004871 0.010084
27 0.518963 0.079832 0.010786 0.011765
3 0.542971 0.081092 0.010786 0.015966
3 0.561413 0.078571 0.009395 0.014286
3 0.440153 0.093277 0.006263 0.023529
3 0.457724 0.167227 0.009395 0.016807
3 0.527314 0.198319 0.005915 0.023529
3 0.530445 0.281092 0.005219 0.022689
3 0.528880 0.328571 0.005567 0.021849
3 0.529054 0.382773 0.005915 0.019328
3 0.520181 0.458403 0.005567 0.021008
3 0.412317 0.416387 0.004871 0.022689
3 0.419450 0.445798 0.008699 0.014286
3 0.351253 0.373950 0.005915 0.021849
3 0.276966 0.462185 0.005567 0.023529
3 0.220946 0.357563 0.005567 0.024370
3 0.289144 0.363866 0.006263 0.025210
3 0.142832 0.415966 0.008003 0.025210
3 0.135003 0.444118 0.011134 0.012605
3 0.173800 0.361765 0.005915 0.022689
3 0.062283 0.380252 0.006263 0.029412
52 0.027662 0.444958 0.012874 0.012605
5 0.050974 0.378151 0.008699 0.018487
5 0.161621 0.362185 0.008699 0.018487
5 0.211030 0.358403 0.006611 0.021008
5 0.277836 0.361345 0.005915 0.015126
5 0.342554 0.373950 0.008003 0.021849
15 0.241997 0.412605 0.012178 0.026891
15 0.307933 0.413866 0.011134 0.029412
8 0.342902 0.443697 0.013570 0.028571
15 0.166841 0.445378 0.010786 0.028571
8 0.057237 0.446639 0.010786 0.027731
4 0.078114 0.429412 0.008699 0.013445
4 0.085247 0.430252 0.006959 0.013445
4 0.102296 0.344958 0.004871 0.019328
4 0.135873 0.383613 0.006611 0.021008
4 0.319763 0.284454 0.008351 0.014286
4 0.419450 0.360504 0.006611 0.020168
4 0.436674 0.252521 0.008351 0.014286
4 0.457376 0.428571 0.006611 0.011765
4 0.464857 0.429832 0.007655 0.012605
4 0.473034 0.429412 0.007307 0.008403
4 0.453897 0.193277 0.005219 0.018487
4 0.453549 0.220168 0.005915 0.020168
0 0.444502 0.184454 0.005219 0.009244
0 0.445198 0.210924 0.005915 0.010084
75 0.461204 0.460504 0.008699 0.020168
75 0.461204 0.478151 0.008699 0.020168
41 0.470946 0.478992 0.004523 0.008403
2 0.467641 0.490756 0.007655 0.011765
2 0.511308 0.535714 0.005915 0.021008
2 0.536186 0.300000 0.006263 0.020168
2 0.534099 0.345378 0.006263 0.020168
2 0.082985 0.396218 0.009395 0.015966
2 0.095511 0.356723 0.010090 0.014286
2 0.242693 0.371849 0.011482 0.015966
6 0.258003 0.443277 0.017049 0.019328
2 0.241649 0.529832 0.010090 0.012605
4 0.241997 0.501261 0.006611 0.014286
4 0.276966 0.501681 0.007655 0.015126
2 0.050278 0.978151 0.009395 0.011765
2 0.053758 0.862185 0.008699 0.015126
2 0.046625 0.838235 0.004871 0.017647
2 0.046625 0.849580 0.004871 0.013445
2 0.046799 0.858824 0.004523 0.013445
2 0.046799 0.867227 0.005219 0.013445
52 0.050452 0.883193 0.012526 0.011765
52 0.050452 0.898739 0.011830 0.010924
52 0.050800 0.907983 0.014614 0.009244
52 0.050626 0.917227 0.012874 0.010924
52 0.050104 0.931933 0.013222 0.010084
52 0.049582 0.940756 0.012178 0.010924
52 0.050278 0.949580 0.012874 0.011765
52 0.050104 0.957983 0.013222 0.013445
