3 0.119385 0.500831 0.018913 0.051495
3 0.479314 0.500831 0.017730 0.048173
24 0.755910 0.326412 0.050827 0.061462
24 0.223404 0.808970 0.037825 0.149502
1 0.183215 0.225083 0.137116 0.234219
1 0.562057 0.284884 0.112293 0.098007
3 0.248818 0.502492 0.017730 0.051495
3 0.816194 0.353821 0.017730 0.053156
24 0.104019 0.809801 0.040189 0.154485
4 0.437352 0.416113 0.026005 0.024917
2 0.721631 0.429402 0.034279 0.028239
0 0.070331 0.720930 0.020095 0.016611
2 0.479314 0.562292 0.039007 0.028239
2 0.273050 0.347176 0.033097 0.026578
2 0.683806 0.250831 0.015366 0.036545
2 0.249409 0.571429 0.035461 0.026578
2 0.094563 0.346346 0.033097 0.028239
4 0.668440 0.360465 0.027187 0.033223
2 0.188534 0.904485 0.031915 0.024917
3 0.459220 0.284053 0.039007 0.019934
4 0.401300 0.415282 0.027187 0.026578
2 0.398936 0.269103 0.017730 0.039867
0 0.380615 0.319767 0.011820 0.024917
35 0.153073 0.595515 0.031915 0.048173
22 0.817376 0.110465 0.031915 0.031561
0 0.118203 0.446013 0.021277 0.014950
0 0.868794 0.099668 0.021277 0.016611
35 0.121749 0.593854 0.030733 0.041528
0 0.083333 0.112957 0.020095 0.016611
15 0.814421 0.246678 0.040189 0.054817
0 0.284279 0.115449 0.020095 0.018272
22 0.815603 0.176910 0.033097 0.031561
