1 0.302521 0.224852 0.082353 0.073373
1 0.573950 0.288757 0.062185 0.052071
1 0.169748 0.480473 0.075630 0.203550
2 0.231513 0.320710 0.026050 0.021302
4 0.684874 0.359172 0.020168 0.029586
2 0.656303 0.214793 0.021849 0.020118
4 0.373950 0.277515 0.020168 0.029586
2 0.685294 0.402367 0.026050 0.021302
4 0.231092 0.276331 0.020168 0.027219
2 0.223109 0.475148 0.024370 0.022485
0 0.621429 0.244379 0.014286 0.013018
2 0.094118 0.565680 0.016807 0.030769
2 0.518067 0.289349 0.014286 0.029586
2 0.375210 0.320710 0.026050 0.021302
3 0.651681 0.275740 0.012605 0.033136
2 0.093697 0.388757 0.012605 0.024852
2 0.410504 0.200000 0.014286 0.026036
0 0.448319 0.224852 0.010924 0.018935
29 0.645798 0.154438 0.031092 0.069822
2 0.093277 0.476331 0.016807 0.027219
3 0.420588 0.224260 0.024370 0.015385
0 0.406723 0.248521 0.011765 0.018935
0 0.202101 0.249112 0.014286 0.017751
0 0.097479 0.460947 0.011765 0.017751
0 0.160084 0.201183 0.010924 0.018935
0 0.099160 0.402959 0.011765 0.017751
0 0.096639 0.500000 0.011765 0.017751
2 0.199160 0.225444 0.016807 0.027219
35 0.226891 0.207692 0.020168 0.036686
35 0.375210 0.218935 0.024370 0.028402
0 0.684454 0.230769 0.010924 0.009467
8 0.684874 0.301183 0.026891 0.041420
3 0.188235 0.201183 0.023529 0.016568
3 0.378151 0.199408 0.025210 0.020118
