1 0.189916 0.157988 0.072269 0.067456
18 0.139076 0.853846 0.021008 0.034320
18 0.218908 0.853254 0.021008 0.035503
18 0.168067 0.854438 0.021849 0.035503
1 0.508824 0.372189 0.064706 0.072189
1 0.125630 0.483432 0.073109 0.088757
1 0.785714 0.435503 0.072269 0.073373
24 0.860504 0.195858 0.025210 0.043787
2 0.092437 0.240237 0.023529 0.021302
3 0.092017 0.193491 0.012605 0.034320
2 0.466807 0.174556 0.024370 0.022485
4 0.244538 0.553846 0.018487 0.021302
2 0.188235 0.102959 0.021849 0.023669
24 0.952941 0.526036 0.026891 0.041420
2 0.931513 0.545562 0.019328 0.021302
24 0.860924 0.089349 0.026050 0.041420
24 0.953361 0.580473 0.024370 0.043787
2 0.252941 0.132544 0.021849 0.021302
2 0.085714 0.401775 0.018487 0.027219
1 0.525630 0.131953 0.044538 0.093491
18 0.193277 0.853846 0.020168 0.036686
2 0.669748 0.424852 0.016807 0.028402
2 0.931933 0.600000 0.020168 0.021302
2 0.786134 0.499408 0.026050 0.021302
2 0.068067 0.478698 0.016807 0.024852
2 0.563025 0.404142 0.023529 0.022485
3 0.244118 0.513609 0.012605 0.035503
4 0.286555 0.093491 0.015126 0.023669
4 0.252101 0.094083 0.018487 0.020118
2 0.243697 0.588166 0.025210 0.021302
2 0.874790 0.482249 0.023529 0.020118
2 0.315546 0.131953 0.022689 0.020118
2 0.261345 0.191716 0.021849 0.021302
2 0.328992 0.205917 0.021008 0.018935
2 0.086134 0.572781 0.017647 0.026036
0 0.718487 0.578107 0.016807 0.015385
2 0.119748 0.419527 0.014286 0.022485
2 0.127731 0.549704 0.015126 0.020118
0 0.466387 0.102367 0.011765 0.010651
2 0.121429 0.198225 0.017647 0.020118
4 0.432773 0.377515 0.018487 0.018935
4 0.315966 0.094083 0.016807 0.020118
3 0.136134 0.400592 0.028571 0.013018
2 0.843697 0.110059 0.018487 0.018935
4 0.327731 0.181657 0.018487 0.022485
4 0.704202 0.478698 0.015126 0.024852
3 0.140336 0.572189 0.030252 0.015385
0 0.890756 0.544379 0.010084 0.016568
4 0.886555 0.431361 0.020168 0.017751
2 0.843277 0.215976 0.017647 0.017751
2 0.525630 0.200000 0.022689 0.018935
4 0.705462 0.426036 0.012605 0.023669
3 0.403782 0.359763 0.027731 0.016568
0 0.776471 0.126036 0.015126 0.013018
30 0.499160 0.589941 0.040336 0.060355
30 0.679832 0.537870 0.028571 0.050888
0 0.886555 0.403550 0.013445 0.009467
29 0.055042 0.195266 0.021008 0.042604
4 0.857983 0.430769 0.018487 0.016568
26 0.441176 0.607692 0.016807 0.029586
26 0.441176 0.665680 0.016807 0.029586
2 0.286555 0.134911 0.021849 0.021302
2 0.526471 0.068639 0.022689 0.018935
0 0.348739 0.058580 0.011765 0.010651
35 0.142437 0.184024 0.017647 0.031953
35 0.244118 0.184024 0.017647 0.031953
2 0.471008 0.443787 0.017647 0.026036
4 0.458824 0.420118 0.018487 0.018935
