3 0.519403 0.630672 0.009552 0.026050
3 0.495522 0.652101 0.008358 0.028571
1 0.403881 0.403361 0.226269 0.317647
18 0.331045 0.703782 0.016119 0.026050
3 0.445373 0.641176 0.009552 0.030252
1 0.879403 0.564706 0.050149 0.114286
2 0.784179 0.408403 0.020896 0.020168
3 0.468358 0.640336 0.008955 0.026891
1 0.874328 0.250840 0.036418 0.049580
4 0.782687 0.378992 0.013134 0.016807
1 0.874627 0.351681 0.037015 0.051261
2 0.564478 0.406723 0.016119 0.013445
2 0.520299 0.664286 0.016119 0.012605
3 0.520000 0.555462 0.009552 0.025210
2 0.223582 0.840756 0.016119 0.015966
4 0.782687 0.278151 0.013134 0.018487
2 0.591642 0.406723 0.017910 0.013445
4 0.564478 0.379832 0.011343 0.016807
2 0.675224 0.405882 0.015522 0.013445
4 0.591343 0.379832 0.011343 0.016807
2 0.433134 0.136555 0.016119 0.012605
18 0.360896 0.705042 0.016119 0.025210
42 0.238507 0.829832 0.024478 0.015966
2 0.520299 0.529832 0.013731 0.015966
6 0.230149 0.328571 0.026866 0.011765
4 0.782388 0.543697 0.014925 0.016807
4 0.253134 0.353782 0.013134 0.023529
2 0.831940 0.326891 0.014925 0.015126
2 0.538209 0.406303 0.016119 0.014286
4 0.408955 0.615546 0.014328 0.019328
4 0.176119 0.354202 0.014328 0.021008
2 0.408955 0.730672 0.017910 0.014286
3 0.639701 0.365546 0.022090 0.013445
4 0.202985 0.353782 0.011940 0.021849
4 0.537313 0.380252 0.013134 0.017647
4 0.674627 0.378151 0.013134 0.018487
4 0.638507 0.334874 0.014925 0.021008
2 0.832537 0.226471 0.017313 0.014286
2 0.191940 0.394118 0.016119 0.015126
3 0.540299 0.176471 0.020299 0.011765
42 0.175821 0.442857 0.012537 0.030252
42 0.237910 0.729832 0.023284 0.015966
24 0.540597 0.150420 0.024478 0.023529
42 0.175224 0.308824 0.012537 0.036134
8 0.755821 0.364706 0.020299 0.030252
21 0.194627 0.424370 0.019104 0.015126
71 0.145075 0.292017 0.014328 0.019328
29 0.421493 0.655042 0.016716 0.042857
2 0.782388 0.571849 0.017313 0.014286
46 0.046567 0.688235 0.014328 0.013445
46 0.046269 0.709244 0.013731 0.015126
46 0.046567 0.727311 0.014328 0.014286
46 0.047463 0.747899 0.014925 0.015126
46 0.045970 0.776050 0.014328 0.015966
46 0.046567 0.797059 0.013134 0.015966
46 0.046269 0.818908 0.013731 0.014286
46 0.046866 0.839496 0.014925 0.015126
46 0.089851 0.749160 0.016119 0.015966
46 0.116418 0.763866 0.010746 0.021849
46 0.167164 0.760924 0.042985 0.037815
46 0.149851 0.831933 0.017910 0.025210
46 0.185373 0.832773 0.017313 0.031933
46 0.224478 0.781513 0.010746 0.025210
4 0.420000 0.168908 0.014925 0.015126
4 0.434328 0.168067 0.014925 0.013445
4 0.453433 0.168067 0.017313 0.015126
3 0.501493 0.150420 0.017910 0.011765
2 0.325373 0.220168 0.014328 0.013445
71 0.145672 0.269328 0.014328 0.019328
71 0.143284 0.307143 0.014328 0.019328
71 0.143881 0.329832 0.014328 0.019328
71 0.145672 0.376891 0.014328 0.019328
71 0.145672 0.397899 0.014328 0.019328
71 0.145672 0.418908 0.014328 0.019328
71 0.144478 0.444118 0.014328 0.019328
35 0.570149 0.496218 0.016716 0.027731
35 0.566866 0.522689 0.013731 0.025210
35 0.567761 0.538235 0.015522 0.027731
35 0.565672 0.564286 0.011343 0.029412
35 0.567761 0.580252 0.014328 0.026050
35 0.491343 0.619748 0.019104 0.022689
8 0.756418 0.531092 0.020299 0.030252
8 0.756418 0.263025 0.020299 0.030252
2 0.912836 0.567647 0.011940 0.021008
2 0.782687 0.307983 0.017910 0.015966
