1 0.489254 0.369748 0.087761 0.121008
1 0.606866 0.273529 0.071045 0.133613
1 0.628060 0.400420 0.046567 0.052941
3 0.483284 0.606723 0.010149 0.025210
1 0.668657 0.594118 0.040597 0.050420
1 0.438806 0.573529 0.057313 0.041176
3 0.321791 0.631933 0.009552 0.026891
2 0.689851 0.649160 0.017313 0.014286
2 0.400597 0.683613 0.017910 0.014286
2 0.601194 0.470168 0.017910 0.014286
4 0.334328 0.383613 0.013134 0.014286
2 0.415522 0.503782 0.017910 0.014286
23 0.481791 0.468067 0.011940 0.015126
2 0.304478 0.336134 0.017910 0.015126
4 0.457313 0.468487 0.011940 0.010924
2 0.705970 0.350840 0.011343 0.021008
4 0.319701 0.384454 0.013731 0.014286
4 0.665672 0.420168 0.013134 0.020168
28 0.582388 0.450840 0.023284 0.017647
4 0.483582 0.649160 0.015522 0.017647
3 0.432537 0.301681 0.020896 0.011765
3 0.414925 0.438235 0.010746 0.026050
4 0.354925 0.635294 0.013731 0.023529
4 0.444776 0.469328 0.011940 0.012605
4 0.630149 0.614706 0.013731 0.015966
4 0.525970 0.649160 0.014328 0.015966
4 0.432836 0.468487 0.011940 0.012605
2 0.642090 0.653782 0.018507 0.016807
4 0.677313 0.418908 0.011343 0.017647
4 0.469552 0.468487 0.012537 0.012605
4 0.497612 0.466807 0.010149 0.014286
3 0.608955 0.590336 0.020299 0.012605
4 0.349254 0.383193 0.013134 0.013445
4 0.690149 0.418487 0.013134 0.016807
6 0.397313 0.365546 0.026866 0.013445
4 0.427761 0.385714 0.012537 0.021849
3 0.343284 0.325210 0.022687 0.015126
4 0.650746 0.213866 0.011940 0.017647
22 0.379403 0.539496 0.018507 0.016807
3 0.433731 0.250000 0.019701 0.012605
4 0.510448 0.467227 0.010746 0.015126
6 0.437910 0.540336 0.026866 0.013445
5 0.539701 0.583193 0.011940 0.015126
3 0.522090 0.470588 0.008955 0.025210
3 0.555821 0.448739 0.016716 0.013445
25 0.688955 0.214706 0.010746 0.024370
4 0.663284 0.213866 0.011940 0.017647
4 0.675224 0.214706 0.011940 0.017647
35 0.398806 0.256723 0.013134 0.027731
35 0.395821 0.276050 0.014328 0.027731
35 0.398507 0.308403 0.013731 0.026891
35 0.394627 0.321429 0.014328 0.026050
2 0.303881 0.416807 0.017910 0.015126
