1 0.184454 0.223669 0.145378 0.310059
2 0.331513 0.443787 0.012605 0.028402
24 0.226891 0.668639 0.030252 0.052071
24 0.211345 0.862130 0.027731 0.067456
2 0.255042 0.526036 0.014286 0.029586
24 0.761345 0.304142 0.042017 0.123077
2 0.882353 0.711834 0.023529 0.017751
42 0.083613 0.134320 0.031092 0.015385
42 0.173950 0.880473 0.033613 0.016568
42 0.277731 0.136095 0.029412 0.016568
42 0.259664 0.444379 0.030252 0.017751
24 0.242017 0.862130 0.028571 0.067456
4 0.151681 0.460355 0.019328 0.016568
2 0.757563 0.378698 0.012605 0.026036
42 0.710504 0.272781 0.032773 0.015385
4 0.075630 0.459763 0.018487 0.017751
4 0.100840 0.460355 0.018487 0.016568
42 0.711345 0.259763 0.034454 0.017751
4 0.050420 0.459763 0.020168 0.020118
42 0.278151 0.207101 0.028571 0.016568
42 0.172269 0.844970 0.031933 0.018935
4 0.126471 0.460355 0.019328 0.016568
4 0.328571 0.507101 0.016807 0.017751
42 0.596218 0.342604 0.031092 0.020118
42 0.278151 0.242012 0.030252 0.013018
42 0.084034 0.347929 0.031933 0.018935
42 0.595378 0.371598 0.029412 0.018935
2 0.950420 0.712426 0.021849 0.016568
42 0.083613 0.088757 0.029412 0.018935
42 0.083193 0.313018 0.030252 0.020118
29 0.302941 0.507692 0.029412 0.047337
42 0.083613 0.159763 0.029412 0.014201
42 0.083613 0.171006 0.031092 0.015385
24 0.598739 0.675740 0.026050 0.066272
42 0.278571 0.087574 0.031092 0.016568
2 0.330672 0.395266 0.012605 0.028402
42 0.664286 0.656213 0.031092 0.017751
24 0.626471 0.673964 0.026050 0.062722
2 0.758403 0.223077 0.014286 0.024852
42 0.279412 0.159763 0.027731 0.014201
42 0.769328 0.681657 0.032773 0.018935
42 0.083613 0.206509 0.031092 0.015385
42 0.281513 0.844379 0.030252 0.017751
42 0.172689 0.669231 0.032773 0.015385
42 0.282353 0.656213 0.031933 0.017751
42 0.278992 0.231361 0.028571 0.015385
42 0.559244 0.655621 0.031092 0.016568
42 0.173109 0.858580 0.031933 0.015385
42 0.769328 0.655621 0.031092 0.018935
42 0.260084 0.396450 0.031092 0.018935
42 0.596218 0.385207 0.031092 0.017751
42 0.282773 0.859172 0.032773 0.016568
42 0.278992 0.101183 0.030252 0.015385
42 0.559664 0.669231 0.031933 0.015385
3 0.810504 0.679882 0.027731 0.015385
42 0.083613 0.242604 0.031092 0.014201
2 0.849160 0.711243 0.024370 0.018935
2 0.916387 0.711834 0.022689 0.017751
42 0.769748 0.668047 0.033613 0.015385
42 0.083613 0.277515 0.031092 0.017751
42 0.278151 0.301775 0.028571 0.016568
4 0.882353 0.673373 0.016807 0.018935
42 0.280252 0.679882 0.032773 0.015385
42 0.173109 0.655030 0.031933 0.017751
42 0.710924 0.309467 0.031933 0.015385
42 0.281933 0.668639 0.031092 0.014201
42 0.173109 0.681065 0.031933 0.015385
42 0.279412 0.881065 0.031092 0.015385
42 0.084454 0.230178 0.031092 0.015385
42 0.084454 0.194083 0.031092 0.014201
42 0.256723 0.490533 0.029412 0.020118
4 0.176050 0.460355 0.019328 0.016568
4 0.302521 0.393491 0.010084 0.022485
4 0.915966 0.672781 0.016807 0.015385
42 0.560924 0.691124 0.034454 0.016568
42 0.709664 0.284615 0.032773 0.015385
42 0.709244 0.331953 0.031933 0.015385
42 0.663866 0.680473 0.031933 0.016568
42 0.560084 0.679882 0.032773 0.015385
4 0.303782 0.443195 0.012605 0.024852
3 0.639496 0.384024 0.025210 0.015385
42 0.084454 0.360355 0.032773 0.017751
2 0.050420 0.498225 0.023529 0.018935
42 0.278992 0.255621 0.030252 0.016568
2 0.126471 0.500000 0.019328 0.017751
2 0.177311 0.500000 0.021849 0.017751
4 0.949580 0.673373 0.016807 0.016568
42 0.278992 0.289941 0.026891 0.016568
3 0.810084 0.668639 0.026891 0.014201
42 0.277311 0.220118 0.028571 0.014201
42 0.710504 0.296450 0.031092 0.015385
2 0.151681 0.500000 0.019328 0.017751
42 0.279412 0.147929 0.027731 0.016568
42 0.663445 0.669231 0.031092 0.015385
42 0.084454 0.256213 0.032773 0.015385
0 0.150840 0.426036 0.014286 0.014201
42 0.082773 0.147929 0.029412 0.014201
42 0.083613 0.182840 0.031092 0.015385
42 0.084454 0.218343 0.031092 0.015385
0 0.127311 0.427219 0.014286 0.014201
0 0.102101 0.427219 0.014286 0.014201
0 0.076050 0.429586 0.014286 0.014201
0 0.050840 0.428402 0.014286 0.014201
0 0.176891 0.429586 0.014286 0.014201
14 0.285714 0.419527 0.016807 0.022485
2 0.075630 0.502959 0.023529 0.018935
2 0.100000 0.502959 0.023529 0.018935
42 0.172269 0.870414 0.031933 0.015385
42 0.280252 0.869822 0.032773 0.016568
42 0.663866 0.692308 0.031933 0.016568
42 0.709244 0.319527 0.031933 0.016568
3 0.638655 0.371006 0.025210 0.015385
3 0.809244 0.657988 0.026891 0.014201
3 0.705042 0.343787 0.025210 0.015385
10 0.667647 0.347929 0.027731 0.028402
0 0.849160 0.642012 0.012605 0.015385
0 0.881092 0.642012 0.012605 0.015385
0 0.914706 0.642012 0.012605 0.015385
0 0.950000 0.642012 0.012605 0.015385
