1 0.552662 0.682372 0.054385 0.129976
1 0.138836 0.223396 0.105324 0.212835
1 0.317120 0.385865 0.047491 0.116978
1 0.597281 0.350122 0.034853 0.037368
1 0.066450 0.878960 0.032555 0.056864
1 0.296055 0.903737 0.032172 0.043054
1 0.345845 0.678310 0.039065 0.060114
3 0.480276 0.544679 0.013788 0.013810
1 0.167177 0.508530 0.018001 0.043867
1 0.065875 0.731113 0.031406 0.053615
1 0.066833 0.656377 0.034853 0.051990
3 0.456147 0.608855 0.006894 0.026807
1 0.105324 0.510967 0.021448 0.047116
22 0.384910 0.783103 0.010724 0.017872
2 0.103792 0.907799 0.011490 0.013810
1 0.066067 0.803818 0.034853 0.054427
2 0.546534 0.510154 0.011490 0.011373
1 0.166986 0.455727 0.018384 0.042242
2 0.530640 0.510967 0.011107 0.016247
1 0.323248 0.112510 0.017618 0.046304
3 0.469935 0.377742 0.008426 0.022746
1 0.327269 0.257920 0.027193 0.064175
3 0.182497 0.742486 0.008043 0.029245
2 0.617005 0.509342 0.013788 0.012998
4 0.456339 0.725020 0.009575 0.020309
2 0.445998 0.508936 0.011873 0.015435
2 0.469743 0.513404 0.013405 0.019496
2 0.577365 0.509748 0.010341 0.012185
2 0.404826 0.508123 0.013788 0.015435
4 0.545768 0.482941 0.009192 0.013810
2 0.021639 0.456539 0.011107 0.014622
1 0.323248 0.168156 0.017618 0.047116
8 0.273267 0.723802 0.012639 0.029245
1 0.424741 0.422421 0.031406 0.030869
24 0.242436 0.184403 0.019150 0.055240
2 0.489851 0.640942 0.010724 0.012998
2 0.471084 0.642567 0.009958 0.012998
2 0.103983 0.837124 0.012639 0.013810
4 0.404634 0.785134 0.010341 0.017059
4 0.556109 0.564988 0.009192 0.010561
2 0.268863 0.967506 0.009958 0.014622
2 0.355802 0.430544 0.009192 0.021121
2 0.515128 0.510154 0.010724 0.012998
4 0.153390 0.407392 0.009575 0.015435
3 0.516852 0.768887 0.005745 0.020309
6 0.543087 0.568237 0.006894 0.036556
4 0.406358 0.119415 0.007660 0.014622
2 0.227691 0.967506 0.009575 0.014622
1 0.105324 0.454915 0.019916 0.045491
2 0.250862 0.309098 0.012256 0.018684
4 0.469935 0.482535 0.009958 0.014622
2 0.561279 0.509748 0.011107 0.012185
3 0.318269 0.893989 0.005362 0.023558
2 0.384718 0.813160 0.011873 0.017872
0 0.021256 0.350934 0.009575 0.011373
4 0.417465 0.118197 0.006894 0.013810
3 0.147453 0.464663 0.005362 0.024370
0 0.454998 0.087734 0.006128 0.009748
8 0.227308 0.641755 0.012639 0.024370
3 0.197051 0.619009 0.007277 0.027620
0 0.306588 0.646629 0.007277 0.009748
0 0.405400 0.086921 0.006511 0.011373
4 0.122750 0.870837 0.010341 0.017872
2 0.425507 0.510154 0.013022 0.012998
8 0.227882 0.724208 0.013788 0.025183
15 0.182306 0.789602 0.013788 0.025995
2 0.251436 0.457352 0.011873 0.016247
25 0.456339 0.118603 0.007277 0.030869
42 0.072578 0.207149 0.012639 0.009748
42 0.072195 0.216491 0.013405 0.008936
42 0.072961 0.264419 0.014171 0.010561
42 0.073152 0.272949 0.014554 0.009748
42 0.072961 0.281072 0.014171 0.009748
42 0.072961 0.289602 0.014937 0.010561
42 0.126388 0.098294 0.005362 0.027620
42 0.130027 0.098700 0.004979 0.028432
42 0.134048 0.098700 0.004596 0.028432
42 0.137687 0.099513 0.004979 0.031682
42 0.141708 0.098294 0.005362 0.032494
42 0.145538 0.097482 0.004596 0.030869
42 0.149368 0.098294 0.004596 0.027620
42 0.153198 0.098294 0.004596 0.029245
42 0.156836 0.098700 0.004979 0.030057
42 0.122367 0.350122 0.004213 0.027620
42 0.126388 0.350122 0.004596 0.029245
42 0.130027 0.350122 0.005745 0.027620
42 0.133857 0.350122 0.004979 0.029245
42 0.137878 0.350528 0.004596 0.030057
42 0.141900 0.350122 0.004213 0.029245
42 0.145538 0.351340 0.004596 0.028432
42 0.149560 0.351340 0.004979 0.028432
42 0.168326 0.391145 0.013405 0.010561
42 0.167943 0.423233 0.014171 0.009748
42 0.103792 0.391145 0.013022 0.012185
42 0.104175 0.423233 0.014554 0.011373
42 0.190732 0.480097 0.013788 0.011373
42 0.190732 0.520715 0.014554 0.009748
42 0.080812 0.480504 0.013022 0.012185
42 0.081003 0.521121 0.014171 0.010561
42 0.283225 0.085297 0.012639 0.011373
42 0.284182 0.103168 0.014554 0.011373
42 0.284374 0.110479 0.014937 0.012998
42 0.283991 0.126726 0.014171 0.012998
42 0.283799 0.154752 0.014554 0.010561
42 0.284182 0.162876 0.016086 0.012185
42 0.284182 0.179935 0.014554 0.012185
42 0.284182 0.216897 0.014554 0.012998
42 0.283991 0.239236 0.014171 0.012185
42 0.283991 0.249391 0.014937 0.011373
42 0.283799 0.265232 0.014554 0.010561
42 0.284182 0.273355 0.015320 0.010561
42 0.282650 0.296913 0.013022 0.012185
42 0.283033 0.365963 0.012256 0.010561
42 0.283225 0.374898 0.014171 0.008936
42 0.283416 0.382210 0.013788 0.010561
42 0.283416 0.390333 0.014554 0.010561
42 0.284182 0.406986 0.014554 0.011373
42 0.352355 0.366775 0.013788 0.010561
42 0.352164 0.382616 0.013405 0.011373
42 0.351972 0.391552 0.013788 0.009748
42 0.352164 0.398863 0.014171 0.011373
42 0.352164 0.407799 0.013405 0.009748
42 0.384910 0.183184 0.013788 0.010561
42 0.384910 0.192120 0.013788 0.010561
42 0.476063 0.182778 0.016086 0.009748
42 0.476637 0.191714 0.014171 0.009748
42 0.545768 0.142161 0.013788 0.009748
42 0.545576 0.151503 0.014937 0.010561
42 0.545385 0.159220 0.014554 0.011373
42 0.545959 0.167750 0.015703 0.010561
42 0.593259 0.141755 0.013788 0.010561
42 0.593259 0.151097 0.015320 0.011373
42 0.593259 0.160032 0.016086 0.009748
42 0.592876 0.167750 0.015320 0.010561
42 0.189774 0.890333 0.014171 0.012998
42 0.036193 0.642973 0.012639 0.010561
42 0.036385 0.651503 0.013022 0.009748
42 0.036768 0.666937 0.013788 0.011373
42 0.036768 0.675467 0.015320 0.010561
42 0.036959 0.715678 0.014171 0.009748
42 0.036959 0.724208 0.014937 0.010561
42 0.036576 0.740049 0.013405 0.009748
42 0.036768 0.748985 0.013788 0.009748
42 0.036385 0.789196 0.013788 0.012185
42 0.036193 0.797319 0.012639 0.010561
42 0.035810 0.812754 0.012639 0.010561
42 0.035427 0.820877 0.012639 0.010561
42 0.035810 0.861495 0.012639 0.010561
42 0.035810 0.870431 0.012639 0.010561
42 0.035810 0.885865 0.012639 0.010561
42 0.036193 0.894801 0.012639 0.010561
42 0.099004 0.878554 0.012639 0.010561
42 0.099387 0.870431 0.012639 0.010561
42 0.099387 0.862307 0.012639 0.010561
42 0.099004 0.805443 0.012639 0.010561
42 0.099387 0.797319 0.012639 0.010561
42 0.099387 0.789196 0.012639 0.010561
42 0.099004 0.731519 0.012639 0.010561
42 0.099004 0.723396 0.012639 0.010561
42 0.099387 0.715272 0.012639 0.010561
42 0.099387 0.659220 0.012639 0.010561
42 0.099004 0.651097 0.012639 0.010561
42 0.099387 0.642161 0.012639 0.010561
42 0.328993 0.865963 0.013022 0.011373
42 0.328801 0.914703 0.013405 0.011373
42 0.506319 0.695370 0.014554 0.011373
42 0.593451 0.610073 0.014937 0.009748
42 0.501532 0.589764 0.014171 0.011373
42 0.425699 0.545491 0.015703 0.012185
15 0.167560 0.642567 0.012639 0.024370
15 0.213328 0.704712 0.013788 0.025183
24 0.564152 0.155971 0.011490 0.045491
24 0.575642 0.155158 0.011490 0.045491
25 0.126388 0.390739 0.009958 0.014622
25 0.145538 0.389927 0.009958 0.014622
2 0.135772 0.406174 0.011107 0.014622
4 0.118537 0.407392 0.009575 0.015435
3 0.124473 0.463851 0.005362 0.024370
2 0.124665 0.519903 0.011107 0.014622
2 0.146496 0.519090 0.011107 0.014622
4 0.147262 0.496751 0.009575 0.015435
4 0.124665 0.496751 0.009575 0.015435
3 0.078514 0.422421 0.005362 0.024370
3 0.194178 0.424045 0.005362 0.024370
3 0.202987 0.424045 0.005362 0.024370
3 0.212562 0.424858 0.005362 0.024370
4 0.193987 0.382210 0.009575 0.015435
4 0.222712 0.422827 0.009575 0.015435
4 0.231903 0.422015 0.009575 0.015435
4 0.241095 0.422827 0.009575 0.015435
3 0.068939 0.423233 0.005362 0.024370
3 0.059364 0.424858 0.005362 0.024370
4 0.077939 0.382210 0.009575 0.015435
4 0.049981 0.422015 0.009575 0.015435
4 0.040406 0.423639 0.009575 0.015435
4 0.030448 0.423639 0.009575 0.015435
2 0.084642 0.503656 0.006894 0.021121
2 0.187476 0.503249 0.007277 0.020309
2 0.180199 0.345654 0.011107 0.012185
2 0.061471 0.248172 0.010341 0.013810
23 0.020873 0.422015 0.008043 0.017059
23 0.251819 0.422421 0.008809 0.019496
24 0.072386 0.224208 0.012256 0.011373
21 0.208924 0.085297 0.014937 0.021121
4 0.208924 0.098700 0.004979 0.017059
3 0.209115 0.110885 0.009958 0.012185
3 0.208541 0.167344 0.011107 0.009748
3 0.209307 0.174655 0.011873 0.009748
3 0.209307 0.183591 0.011107 0.008123
3 0.208541 0.190902 0.011107 0.008123
3 0.209115 0.200650 0.011490 0.009748
3 0.209690 0.223802 0.012639 0.010561
3 0.208924 0.232738 0.012639 0.008936
3 0.208924 0.240455 0.011873 0.009748
3 0.209115 0.264825 0.009958 0.009748
4 0.208732 0.255890 0.005362 0.014622
4 0.237648 0.262794 0.008043 0.023558
28 0.237840 0.274980 0.010724 0.015435
4 0.209115 0.281885 0.005362 0.017872
3 0.302949 0.127132 0.010724 0.012185
3 0.303141 0.179123 0.011107 0.012185
2 0.251053 0.129163 0.008809 0.011373
3 0.442168 0.119821 0.006511 0.025183
4 0.428763 0.118603 0.008043 0.012998
3 0.394868 0.207961 0.006128 0.022746
3 0.427231 0.204712 0.006511 0.021121
3 0.434891 0.205118 0.005745 0.025183
3 0.467254 0.208367 0.005362 0.023558
3 0.484680 0.439480 0.005745 0.021121
2 0.406358 0.154752 0.009192 0.013810
2 0.417848 0.155971 0.009958 0.014622
2 0.428571 0.153940 0.008426 0.015435
2 0.456339 0.154346 0.009575 0.012998
8 0.408081 0.224614 0.010341 0.025183
15 0.454041 0.225020 0.011873 0.025995
8 0.444849 0.184809 0.010341 0.025183
15 0.417465 0.185215 0.009958 0.029245
15 0.469552 0.337124 0.013022 0.029245
2 0.354653 0.342811 0.009192 0.021121
8 0.530065 0.337124 0.013022 0.029245
8 0.530257 0.419171 0.011873 0.025995
15 0.514937 0.398863 0.011873 0.025995
15 0.484680 0.484159 0.011873 0.025995
0 0.417656 0.088546 0.006511 0.011373
0 0.429529 0.089358 0.006511 0.011373
0 0.442551 0.088546 0.006511 0.011373
0 0.442551 0.149472 0.006511 0.011373
0 0.434508 0.173030 0.006511 0.011373
0 0.427614 0.173842 0.006511 0.011373
2 0.394485 0.235175 0.009192 0.013810
2 0.467254 0.235175 0.009192 0.013810
0 0.404251 0.327376 0.006511 0.011373
0 0.413443 0.329001 0.006511 0.011373
5 0.427231 0.358245 0.008043 0.016247
5 0.507277 0.337937 0.008043 0.016247
3 0.500383 0.317628 0.005745 0.021121
3 0.514937 0.317628 0.005745 0.021121
3 0.530257 0.378554 0.005745 0.021121
2 0.484297 0.510967 0.013405 0.019496
2 0.500000 0.511779 0.013405 0.019496
4 0.446189 0.488221 0.009958 0.014622
4 0.403294 0.487409 0.009958 0.014622
28 0.500574 0.478067 0.009192 0.030057
3 0.561279 0.484972 0.005745 0.021121
4 0.576408 0.482941 0.009192 0.013810
2 0.573535 0.341592 0.007277 0.021933
22 0.501340 0.546304 0.007660 0.017059
3 0.490425 0.569456 0.005745 0.021121
3 0.490042 0.610073 0.005745 0.021121
4 0.471084 0.612510 0.009958 0.014622
2 0.455764 0.640942 0.009958 0.012998
4 0.446381 0.545491 0.006511 0.020309
6 0.394676 0.660845 0.015703 0.010561
4 0.617005 0.490252 0.009192 0.013810
4 0.558790 0.599106 0.009192 0.010561
4 0.540023 0.598294 0.009192 0.010561
4 0.517043 0.720146 0.009192 0.010561
4 0.466679 0.721771 0.009575 0.020309
4 0.478552 0.723396 0.009575 0.020309
3 0.595557 0.654752 0.009958 0.009748
3 0.595557 0.678716 0.009958 0.008936
3 0.595940 0.687652 0.010724 0.008936
3 0.534278 0.753046 0.009958 0.011373
3 0.534087 0.784322 0.009575 0.010561
3 0.438912 0.683997 0.004596 0.022746
3 0.448487 0.662876 0.010724 0.011373
3 0.438721 0.784728 0.005745 0.021121
4 0.415741 0.783509 0.010341 0.017059
4 0.427231 0.784322 0.010341 0.017059
2 0.500766 0.735581 0.007277 0.020309
21 0.588089 0.731925 0.008809 0.025995
4 0.599770 0.733144 0.009958 0.012185
4 0.569131 0.752234 0.004596 0.016247
2 0.627537 0.655565 0.006511 0.024370
2 0.627346 0.679529 0.006128 0.023558
35 0.614707 0.657595 0.009192 0.026807
35 0.615282 0.682778 0.011873 0.023558
2 0.404634 0.816409 0.011873 0.017872
2 0.415741 0.818034 0.011873 0.017872
2 0.426848 0.815597 0.011873 0.017872
2 0.439104 0.815597 0.011873 0.017872
2 0.455573 0.817222 0.011873 0.017872
4 0.306205 0.782697 0.010341 0.017059
2 0.322290 0.818034 0.011873 0.017872
4 0.376676 0.655158 0.010341 0.017059
3 0.288778 0.790008 0.006894 0.025183
3 0.258905 0.790008 0.006894 0.025183
4 0.242627 0.789196 0.010341 0.017059
3 0.228265 0.683591 0.006894 0.025183
3 0.212562 0.623477 0.006894 0.025183
2 0.306588 0.815597 0.011873 0.017872
2 0.288970 0.815597 0.011873 0.017872
2 0.274416 0.814785 0.011873 0.017872
2 0.258713 0.814785 0.011873 0.017872
2 0.243393 0.815597 0.011873 0.017872
2 0.228074 0.815597 0.011873 0.017872
2 0.212754 0.813972 0.011873 0.017872
2 0.197817 0.817222 0.011873 0.017872
2 0.182497 0.814785 0.011873 0.017872
28 0.198583 0.783103 0.010341 0.029245
6 0.294332 0.864744 0.015703 0.010561
2 0.255841 0.966694 0.009958 0.014622
2 0.241287 0.967506 0.009958 0.014622
4 0.254883 0.937043 0.010341 0.017059
22 0.263501 0.898050 0.008426 0.021933
0 0.241478 0.857839 0.007277 0.009748
0 0.227691 0.860276 0.007277 0.009748
3 0.167177 0.683184 0.008043 0.029245
4 0.166028 0.790008 0.010341 0.017059
4 0.151475 0.790820 0.010341 0.017059
0 0.151092 0.594639 0.007277 0.009748
2 0.167560 0.817222 0.011873 0.017872
2 0.151475 0.816409 0.011873 0.017872
3 0.227882 0.934606 0.006128 0.023558
23 0.241287 0.935012 0.011490 0.016247
10 0.225967 0.889927 0.010724 0.028432
3 0.208924 0.890739 0.010341 0.012185
5 0.204711 0.644192 0.008043 0.019496
4 0.123516 0.796101 0.010341 0.017872
4 0.122367 0.725426 0.010341 0.017872
4 0.121601 0.648253 0.010341 0.017872
2 0.104175 0.762388 0.011490 0.013810
2 0.103409 0.689277 0.011490 0.013810
4 0.095940 0.675061 0.005745 0.017872
4 0.095557 0.748172 0.005745 0.017872
4 0.095557 0.820471 0.005745 0.017872
4 0.095557 0.894395 0.005745 0.017872
0 0.087897 0.693745 0.007277 0.009748
0 0.087897 0.766044 0.007277 0.009748
0 0.088280 0.839968 0.007277 0.009748
0 0.087897 0.912266 0.007277 0.009748
24 0.071237 0.232331 0.012256 0.011373
