42 0.310924 0.314793 0.031933 0.021302
42 0.311345 0.485207 0.034454 0.023669
35 0.513866 0.337278 0.026050 0.028402
35 0.590336 0.336095 0.031092 0.033136
35 0.550420 0.336095 0.028571 0.030769
35 0.590336 0.388757 0.031092 0.031953
35 0.475630 0.336686 0.026891 0.027219
35 0.551261 0.389349 0.026891 0.030769
35 0.362605 0.334320 0.029412 0.029586
35 0.362605 0.386982 0.027731 0.030769
35 0.439076 0.337278 0.026050 0.026036
35 0.589916 0.442012 0.031933 0.034320
35 0.550000 0.442012 0.031092 0.036686
35 0.398739 0.442604 0.031092 0.035503
35 0.439076 0.388757 0.026050 0.029586
35 0.510504 0.389349 0.026050 0.030769
35 0.362605 0.442604 0.029412 0.035503
35 0.397899 0.387574 0.032773 0.031953
35 0.434874 0.440237 0.031092 0.035503
35 0.474370 0.439053 0.031092 0.035503
35 0.510504 0.440237 0.031092 0.035503
35 0.474370 0.388166 0.026050 0.030769
35 0.397899 0.334320 0.032773 0.031953
