1 0.385374 0.401031 0.067347 0.103093
1 0.153401 0.143814 0.101361 0.182474
14 0.452041 0.086082 0.021088 0.021649
3 0.333673 0.863918 0.010204 0.030928
1 0.236054 0.401546 0.068027 0.106186
3 0.578571 0.432990 0.008844 0.030928
1 0.775850 0.602577 0.057823 0.075258
4 0.278912 0.205155 0.014966 0.016495
3 0.334014 0.797423 0.009524 0.031959
70 0.334694 0.614948 0.097959 0.163918
1 0.578912 0.599485 0.055782 0.062887
1 0.092857 0.402577 0.065986 0.104124
24 0.478571 0.839175 0.022449 0.055670
2 0.517347 0.626289 0.018367 0.017526
1 0.623810 0.340722 0.063946 0.069072
4 0.071429 0.842784 0.014966 0.017526
2 0.494218 0.168041 0.019728 0.020619
4 0.669728 0.412371 0.010204 0.020619
3 0.279252 0.153608 0.010204 0.030928
2 0.434014 0.832990 0.012245 0.024742
70 0.153061 0.613402 0.099320 0.164948
2 0.329592 0.436598 0.012925 0.023711
24 0.630952 0.122680 0.022449 0.057732
2 0.330952 0.127320 0.018367 0.017526
2 0.532313 0.380412 0.012925 0.020619
2 0.032653 0.437113 0.013605 0.024742
1 0.162925 0.830928 0.044218 0.049485
2 0.056122 0.108763 0.012925 0.025773
2 0.194558 0.892784 0.020408 0.018557
4 0.666667 0.391237 0.009524 0.019588
2 0.178912 0.437113 0.010884 0.022680
4 0.370748 0.864433 0.014966 0.021649
4 0.517347 0.596907 0.015646 0.016495
2 0.707483 0.646392 0.019048 0.018557
2 0.666327 0.318041 0.010204 0.019588
3 0.863946 0.394845 0.024490 0.014433
35 0.706803 0.333505 0.020408 0.029897
3 0.102041 0.892784 0.010884 0.030928
2 0.632993 0.625773 0.018367 0.016495
4 0.414966 0.123711 0.016327 0.026804
2 0.458163 0.396392 0.011565 0.025773
2 0.102721 0.927320 0.019048 0.019588
2 0.415646 0.167010 0.020408 0.020619
2 0.071769 0.876804 0.019728 0.019588
2 0.891497 0.636082 0.019728 0.016495
4 0.194218 0.860309 0.015646 0.021649
3 0.102041 0.843814 0.009524 0.027835
3 0.679592 0.338660 0.020408 0.013402
2 0.813946 0.609794 0.017007 0.019588
2 0.417007 0.343814 0.010884 0.019588
0 0.329932 0.056701 0.009524 0.010309
3 0.863605 0.333505 0.022449 0.013402
3 0.710544 0.092784 0.010204 0.028866
4 0.632653 0.596907 0.014966 0.016495
2 0.578571 0.658247 0.015646 0.015464
4 0.132993 0.344845 0.011565 0.021649
0 0.517007 0.568041 0.010884 0.008247
3 0.560884 0.338660 0.021088 0.013402
2 0.165646 0.396392 0.014286 0.017526
4 0.493878 0.123196 0.016327 0.025773
2 0.871088 0.105670 0.015646 0.017526
0 0.891497 0.562371 0.011565 0.011340
2 0.278912 0.236082 0.020408 0.018557
0 0.830952 0.376804 0.010204 0.011340
2 0.587075 0.306701 0.013605 0.019588
3 0.710884 0.152577 0.010884 0.032990
4 0.434354 0.344845 0.010204 0.021649
2 0.113946 0.342784 0.011565 0.019588
2 0.697619 0.426804 0.017007 0.016495
35 0.892857 0.338660 0.021088 0.034021
0 0.272109 0.057732 0.010884 0.010309
2 0.334014 0.898969 0.017687 0.016495
0 0.721088 0.305670 0.012245 0.011340
2 0.542857 0.352062 0.016327 0.015464
4 0.329932 0.099485 0.016327 0.017526
2 0.263946 0.343814 0.010884 0.019588
35 0.892517 0.401031 0.021769 0.035052
2 0.307483 0.394845 0.013605 0.016495
29 0.900340 0.111340 0.029252 0.039175
0 0.279252 0.125258 0.011565 0.011340
0 0.448299 0.814433 0.010884 0.010309
0 0.333673 0.769588 0.011565 0.011340
4 0.557823 0.362887 0.013605 0.014433
2 0.669728 0.363918 0.012925 0.016495
4 0.564966 0.377320 0.012925 0.014433
0 0.663605 0.108763 0.011565 0.009278
0 0.710884 0.182474 0.013605 0.012371
0 0.148980 0.330928 0.010884 0.010309
0 0.291837 0.329897 0.010884 0.010309
0 0.076871 0.097938 0.009524 0.018557
6 0.302381 0.069072 0.031973 0.014433
4 0.281973 0.343814 0.011565 0.021649
0 0.155102 0.425773 0.009524 0.018557
0 0.296599 0.427835 0.009524 0.018557
0 0.446939 0.330928 0.010884 0.010309
0 0.446939 0.425773 0.009524 0.018557
6 0.159184 0.770619 0.029932 0.011340
2 0.125850 0.846392 0.020408 0.018557
0 0.213946 0.765464 0.011565 0.011340
0 0.071088 0.805670 0.011565 0.011340
22 0.101701 0.794845 0.017007 0.024742
0 0.645238 0.572165 0.010204 0.012371
0 0.720748 0.610309 0.010204 0.012371
26 0.890816 0.602062 0.018367 0.018557
0 0.829592 0.326289 0.010204 0.011340
4 0.563946 0.406701 0.009524 0.019588
0 0.657143 0.437629 0.012245 0.011340
0 0.578231 0.461340 0.012245 0.011340
2 0.667007 0.142784 0.015646 0.017526
0 0.710204 0.064433 0.012245 0.011340
