3 0.918654 0.711009 0.011220 0.042813
3 0.827489 0.710245 0.011220 0.047401
1 0.663043 0.399083 0.058205 0.100917
2 0.157784 0.485474 0.021038 0.029052
3 0.242286 0.610092 0.009116 0.042813
1 0.323282 0.436544 0.070126 0.099388
2 0.610449 0.639908 0.021739 0.029052
3 0.890603 0.711009 0.009818 0.045872
1 0.052244 0.366972 0.062412 0.107034
3 0.206872 0.532875 0.011220 0.047401
24 0.455820 0.758410 0.025245 0.067278
3 0.855891 0.712538 0.010519 0.045872
4 0.579593 0.567278 0.014727 0.030581
4 0.157433 0.435015 0.016129 0.029052
4 0.561010 0.305046 0.015428 0.032110
2 0.375526 0.569572 0.020337 0.035168
2 0.694600 0.523700 0.021739 0.032110
2 0.400421 0.570336 0.021038 0.033639
2 0.014376 0.615443 0.021739 0.032110
3 0.241935 0.531346 0.011220 0.050459
7 0.719144 0.334098 0.010519 0.047401
3 0.266830 0.609327 0.010519 0.044343
2 0.554348 0.640673 0.020337 0.030581
2 0.665498 0.242355 0.021038 0.029052
2 0.281557 0.514526 0.018934 0.025994
2 0.102735 0.615443 0.021739 0.029052
2 0.579243 0.639144 0.021038 0.030581
2 0.560659 0.242355 0.018934 0.029052
4 0.821178 0.397554 0.015428 0.027523
2 0.747195 0.241590 0.020337 0.027523
3 0.102384 0.555046 0.011220 0.051988
26 0.609748 0.574924 0.021739 0.045872
4 0.196704 0.373089 0.011921 0.033639
3 0.158135 0.376147 0.011921 0.042813
2 0.267181 0.692661 0.021038 0.030581
2 0.845722 0.448777 0.018233 0.025994
2 0.241585 0.692661 0.020337 0.030581
3 0.372370 0.382263 0.012623 0.045872
2 0.771038 0.121560 0.014727 0.032110
4 0.172861 0.373853 0.011921 0.029052
4 0.841865 0.875382 0.011921 0.029052
4 0.718794 0.397554 0.015428 0.030581
26 0.745442 0.120031 0.015428 0.032110
3 0.447756 0.398318 0.021739 0.019878
2 0.846073 0.302752 0.018934 0.027523
2 0.740533 0.448012 0.018233 0.027523
24 0.786466 0.273700 0.021739 0.058104
4 0.375175 0.496942 0.016830 0.042813
4 0.740182 0.396789 0.011921 0.025994
4 0.554348 0.566514 0.014727 0.025994
4 0.842216 0.841743 0.011220 0.022936
24 0.523142 0.541284 0.019635 0.055046
23 0.904979 0.804281 0.014727 0.024465
2 0.547335 0.416667 0.018934 0.029052
4 0.846073 0.396024 0.014727 0.027523
22 0.801192 0.362385 0.020337 0.039755
22 0.254909 0.374618 0.016129 0.030581
3 0.119565 0.552752 0.009116 0.047401
22 0.462132 0.464832 0.019635 0.036697
4 0.313114 0.609327 0.013324 0.035168
2 0.820827 0.448777 0.018934 0.025994
4 0.905330 0.842508 0.011220 0.021407
4 0.206522 0.610092 0.016129 0.030581
3 0.560659 0.366972 0.017532 0.024465
11 0.914446 0.931957 0.016830 0.050459
2 0.358345 0.383792 0.012623 0.030581
3 0.231767 0.373853 0.010519 0.044343
4 0.904628 0.876147 0.014025 0.024465
24 0.747896 0.030581 0.030154 0.042813
2 0.719144 0.447248 0.016129 0.029052
35 0.901823 0.405963 0.022440 0.050459
3 0.589411 0.368502 0.021739 0.021407
4 0.401122 0.496177 0.019635 0.025994
24 0.820477 0.276758 0.026648 0.064220
22 0.608696 0.496942 0.019635 0.036697
35 0.927069 0.405963 0.022440 0.050459
35 0.877279 0.405963 0.021038 0.044343
35 0.789621 0.774465 0.021038 0.044343
35 0.811360 0.777523 0.021038 0.044343
35 0.833100 0.769878 0.021038 0.044343
35 0.922861 0.772936 0.021038 0.044343
35 0.944600 0.774465 0.021038 0.044343
35 0.964937 0.772936 0.021038 0.044343
23 0.840463 0.805810 0.014727 0.024465
30 0.589762 0.183486 0.063114 0.058104
30 0.718794 0.186544 0.063114 0.058104
2 0.172861 0.450306 0.018934 0.029052
2 0.196003 0.448777 0.018934 0.029052
6 0.757714 0.364679 0.032959 0.019878
3 0.866059 0.368502 0.021038 0.021407
11 0.830996 0.933486 0.016830 0.050459
35 0.412693 0.406728 0.020337 0.048930
35 0.412693 0.460245 0.020337 0.048930
3 0.288569 0.613914 0.010519 0.044343
3 0.224755 0.613150 0.009116 0.042813
