1 0.449254 0.455042 0.084179 0.155462
1 0.140597 0.470168 0.056716 0.123529
2 0.181194 0.422269 0.008955 0.022689
4 0.710746 0.442017 0.012537 0.021849
2 0.137910 0.557983 0.017910 0.015126
4 0.268955 0.400840 0.013731 0.021849
4 0.238507 0.400420 0.013731 0.019328
4 0.534030 0.502941 0.013731 0.019328
3 0.355821 0.467647 0.017910 0.012605
3 0.364179 0.494118 0.019104 0.011765
4 0.534328 0.460924 0.013134 0.017647
2 0.517015 0.388235 0.016716 0.016807
3 0.594328 0.324370 0.011343 0.025210
2 0.181791 0.513866 0.008955 0.024370
4 0.301791 0.401261 0.013731 0.022689
2 0.326269 0.549580 0.017313 0.015126
21 0.684179 0.447059 0.011940 0.026891
4 0.570448 0.478992 0.013731 0.021849
3 0.555522 0.268067 0.020896 0.011765
3 0.537015 0.350420 0.018507 0.010084
3 0.365075 0.518487 0.018507 0.015126
22 0.594030 0.381092 0.016716 0.021008
2 0.098806 0.514286 0.011343 0.023529
2 0.335224 0.442857 0.018507 0.016807
6 0.571045 0.440336 0.008955 0.040336
2 0.098806 0.423109 0.011343 0.024370
2 0.137612 0.378571 0.014925 0.015966
3 0.572239 0.352101 0.018507 0.013445
2 0.682687 0.486555 0.017313 0.016807
0 0.083582 0.470168 0.011940 0.010924
2 0.376418 0.381513 0.014925 0.013445
4 0.555224 0.363445 0.013134 0.015966
0 0.196119 0.471008 0.016119 0.012605
4 0.594627 0.245798 0.013134 0.017647
4 0.388955 0.420588 0.013731 0.019328
4 0.556119 0.302941 0.013731 0.019328
0 0.239701 0.363445 0.016119 0.012605
3 0.353433 0.393697 0.017910 0.012605
2 0.448657 0.359664 0.014925 0.013445
0 0.525075 0.423109 0.016119 0.012605
0 0.554627 0.344118 0.011940 0.010924
0 0.593433 0.217227 0.011940 0.010924
35 0.336418 0.500420 0.012537 0.022689
35 0.337015 0.526471 0.012537 0.024370
