4 0.633613 0.147929 0.013445 0.030769
1 0.497479 0.257988 0.134454 0.165680
3 0.394958 0.313609 0.026891 0.016568
1 0.209664 0.235503 0.073109 0.087574
2 0.369748 0.345562 0.025210 0.023669
4 0.617647 0.240828 0.018487 0.017751
1 0.836555 0.362130 0.041176 0.068639
2 0.703782 0.266272 0.019328 0.030769
24 0.860924 0.156213 0.027731 0.087574
2 0.865126 0.226627 0.026050 0.020118
3 0.117647 0.272189 0.011765 0.028402
2 0.836975 0.450296 0.026891 0.027219
2 0.836134 0.279882 0.025210 0.022485
4 0.660084 0.313609 0.019328 0.033136
4 0.572269 0.355030 0.018487 0.030769
2 0.260504 0.308284 0.023529 0.015385
2 0.495798 0.115385 0.025210 0.022485
2 0.865966 0.078698 0.021008 0.020118
2 0.164286 0.308284 0.022689 0.015385
2 0.572269 0.411834 0.026891 0.021302
3 0.394118 0.230769 0.025210 0.016568
3 0.394538 0.278107 0.024370 0.016568
3 0.613866 0.111834 0.012605 0.036686
0 0.668067 0.116568 0.013445 0.013018
4 0.096218 0.241420 0.021008 0.016568
2 0.097059 0.308284 0.022689 0.015385
4 0.592437 0.241420 0.018487 0.021302
3 0.139076 0.271598 0.012605 0.031953
2 0.168067 0.173964 0.020168 0.016568
4 0.642857 0.217751 0.018487 0.021302
3 0.609244 0.326036 0.026891 0.015385
4 0.586555 0.147929 0.015126 0.023669
4 0.668487 0.217160 0.017647 0.020118
3 0.394958 0.253846 0.026891 0.017751
35 0.351261 0.287574 0.023529 0.035503
4 0.580672 0.314793 0.015126 0.023669
3 0.394118 0.292308 0.026891 0.016568
6 0.614706 0.285799 0.034454 0.015385
