1 0.210149 0.451681 0.048955 0.042857
1 0.065373 0.223529 0.053134 0.062185
1 0.421194 0.292017 0.048358 0.078151
75 0.250448 0.402101 0.016119 0.024370
75 0.565672 0.315126 0.020896 0.020168
3 0.314328 0.261345 0.022090 0.013445
3 0.510448 0.347479 0.021493 0.014286
4 0.608955 0.245378 0.013134 0.018487
2 0.105075 0.382773 0.016716 0.014286
3 0.525672 0.311345 0.019701 0.012605
75 0.695821 0.230252 0.022090 0.025210
2 0.380000 0.451261 0.010149 0.021849
4 0.503881 0.219748 0.011940 0.021008
75 0.565970 0.247899 0.020299 0.020168
3 0.297910 0.451261 0.020299 0.011765
3 0.525075 0.245798 0.019701 0.010924
3 0.525672 0.278571 0.019701 0.010924
4 0.251642 0.438235 0.013731 0.014286
75 0.084478 0.131933 0.020896 0.021849
4 0.457612 0.336134 0.012537 0.015126
75 0.565672 0.347479 0.020896 0.021008
75 0.084776 0.168487 0.021493 0.026050
2 0.026269 0.229412 0.011940 0.023529
4 0.158209 0.442437 0.011940 0.017647
4 0.480299 0.300000 0.012537 0.018487
3 0.369254 0.280252 0.020896 0.010924
75 0.250149 0.478151 0.016716 0.028571
3 0.464776 0.357983 0.010149 0.025210
4 0.492537 0.266807 0.013134 0.015966
75 0.566567 0.280672 0.019104 0.020168
35 0.339104 0.457143 0.020299 0.028571
3 0.167164 0.216807 0.010746 0.023529
23 0.105373 0.358824 0.012537 0.016807
2 0.111045 0.203361 0.010746 0.023529
2 0.131343 0.121849 0.015522 0.015126
4 0.341194 0.297479 0.010149 0.021849
4 0.131343 0.151261 0.013134 0.013445
2 0.638806 0.272689 0.016716 0.014286
3 0.639701 0.245378 0.008955 0.023529
49 0.166269 0.173109 0.032836 0.053782
23 0.078209 0.357983 0.011940 0.020168
22 0.131343 0.202521 0.011940 0.025210
49 0.307463 0.202521 0.032239 0.050420
49 0.357612 0.202521 0.034627 0.050420
2 0.209552 0.418067 0.016716 0.014286
2 0.092537 0.308824 0.016716 0.014286
3 0.314925 0.288235 0.022090 0.013445
3 0.338209 0.272269 0.022090 0.013445
4 0.368060 0.307563 0.010149 0.021849
3 0.490746 0.376891 0.021493 0.014286
2 0.522985 0.360084 0.016716 0.014286
27 0.439104 0.149160 0.023284 0.015966
3 0.639104 0.215966 0.008955 0.023529
