1 0.273109 0.317751 0.068908 0.084024
1 0.499580 0.555030 0.052941 0.054438
1 0.559664 0.324852 0.080672 0.076923
1 0.299580 0.520710 0.081513 0.052071
2 0.319748 0.262722 0.024370 0.021302
2 0.220168 0.507692 0.015126 0.030769
24 0.742857 0.550296 0.026891 0.063905
1 0.299160 0.580473 0.082353 0.055621
2 0.219748 0.590533 0.014286 0.030769
2 0.613866 0.284024 0.021008 0.018935
2 0.417647 0.324852 0.015126 0.027219
2 0.621849 0.426627 0.026891 0.020118
2 0.401261 0.555030 0.014286 0.030769
2 0.702101 0.515385 0.024370 0.020118
4 0.555042 0.526627 0.017647 0.021302
2 0.320168 0.374556 0.023529 0.017751
3 0.483193 0.348521 0.025210 0.017751
3 0.579412 0.556213 0.027731 0.014201
3 0.439916 0.555621 0.022689 0.015385
4 0.445378 0.371006 0.021849 0.017751
3 0.483613 0.326036 0.022689 0.015385
3 0.681092 0.325444 0.024370 0.016568
0 0.714706 0.324260 0.010924 0.018935
0 0.326891 0.301775 0.011765 0.018935
4 0.622269 0.378698 0.019328 0.014201
0 0.466387 0.424260 0.015126 0.015385
3 0.634454 0.311834 0.025210 0.017751
35 0.643277 0.335503 0.021008 0.031953
35 0.641597 0.347337 0.019328 0.031953
0 0.326050 0.336095 0.011765 0.018935
