1 0.257092 0.231728 0.098109 0.117940
3 0.650709 0.170266 0.036643 0.018272
2 0.768322 0.573920 0.026005 0.041528
0 0.118794 0.181063 0.020095 0.016611
2 0.199764 0.294020 0.028369 0.026578
1 0.664894 0.250000 0.102837 0.071429
4 0.588061 0.318106 0.024823 0.024917
4 0.560284 0.318937 0.026005 0.023256
2 0.687352 0.553156 0.024823 0.036545
24 0.229905 0.545681 0.036643 0.058140
2 0.131206 0.230897 0.016548 0.033223
0 0.144208 0.523256 0.021277 0.016611
2 0.763002 0.386213 0.031915 0.028239
2 0.321513 0.243355 0.028369 0.031561
2 0.206856 0.596346 0.030733 0.026578
4 0.807920 0.317276 0.024823 0.026578
22 0.847518 0.269934 0.030733 0.031561
2 0.199764 0.166113 0.026005 0.029900
26 0.628842 0.554817 0.037825 0.033223
3 0.584515 0.251661 0.034279 0.021595
3 0.752955 0.234219 0.037825 0.019934
35 0.594563 0.158638 0.030733 0.054817
2 0.799054 0.248339 0.026005 0.041528
3 0.172577 0.220930 0.037825 0.019934
3 0.172577 0.240864 0.037825 0.019934
0 0.900118 0.253322 0.020095 0.014950
74 0.842790 0.533223 0.040189 0.046512
74 0.839243 0.619601 0.040189 0.046512
74 0.911348 0.529900 0.040189 0.046512
74 0.911348 0.624585 0.040189 0.046512
