1 0.240756 0.136095 0.078151 0.073373
1 0.513866 0.117751 0.051261 0.072189
1 0.698319 0.230769 0.048739 0.040237
1 0.698319 0.160947 0.045378 0.040237
1 0.567647 0.438462 0.157143 0.069822
3 0.181092 0.135503 0.022689 0.015385
2 0.441597 0.163314 0.024370 0.023669
4 0.441597 0.117751 0.019328 0.024852
2 0.290336 0.096450 0.019328 0.020118
24 0.278151 0.430769 0.033613 0.052071
1 0.699580 0.082249 0.044538 0.041420
2 0.310924 0.420710 0.015126 0.029586
24 0.097899 0.249112 0.024370 0.062722
2 0.089076 0.168639 0.023529 0.017751
24 0.096218 0.084615 0.029412 0.036686
2 0.163866 0.108284 0.018487 0.020118
35 0.345798 0.142012 0.026050 0.033136
2 0.552101 0.131953 0.021849 0.022485
4 0.121429 0.130178 0.019328 0.023669
2 0.284034 0.208284 0.018487 0.023669
24 0.073109 0.124852 0.025210 0.041420
0 0.441176 0.084615 0.013445 0.010651
2 0.124790 0.228994 0.014286 0.024852
4 0.294118 0.184615 0.020168 0.023669
2 0.486555 0.469822 0.015126 0.018935
4 0.471008 0.455030 0.014286 0.022485
0 0.668067 0.065680 0.013445 0.013018
4 0.471008 0.430178 0.010924 0.020118
0 0.318067 0.124852 0.009244 0.017751
0 0.307563 0.443195 0.010084 0.017751
46 0.421008 0.353254 0.055462 0.081657
0 0.121008 0.266864 0.010084 0.017751
0 0.667647 0.142012 0.012605 0.011834
0 0.667227 0.213609 0.011765 0.010651
2 0.728151 0.253846 0.019328 0.017751
2 0.728151 0.182840 0.019328 0.017751
2 0.727311 0.103550 0.019328 0.017751
0 0.653782 0.443195 0.010084 0.020118
0 0.447479 0.455621 0.010924 0.018935
0 0.165126 0.170414 0.012605 0.011834
0 0.313445 0.159172 0.008403 0.017751
0 0.118487 0.095858 0.013445 0.016568
2 0.442857 0.431361 0.015126 0.029586
0 0.373109 0.147337 0.008403 0.017751
