24 0.717647 0.331361 0.026891 0.042604
3 0.399580 0.372189 0.014286 0.041420
3 0.584034 0.371598 0.015126 0.040237
3 0.492017 0.371598 0.014286 0.042604
27 0.278571 0.475148 0.041176 0.022485
4 0.631092 0.423077 0.018487 0.036686
3 0.336555 0.394675 0.012605 0.041420
27 0.559244 0.475740 0.044538 0.026036
27 0.463445 0.476331 0.034454 0.020118
20 0.300420 0.391124 0.024370 0.046154
27 0.371849 0.475740 0.039496 0.021302
5 0.671849 0.323669 0.022689 0.039053
28 0.373529 0.607692 0.039496 0.050888
