3 0.521064 0.202247 0.015521 0.058427
1 0.870843 0.240449 0.094235 0.134831
3 0.555432 0.203371 0.015521 0.060674
3 0.128049 0.440449 0.016630 0.062921
1 0.383592 0.430337 0.106430 0.128090
3 0.703991 0.485393 0.015521 0.067416
3 0.472284 0.641573 0.017738 0.065169
2 0.742794 0.685393 0.028825 0.035955
2 0.876940 0.359551 0.031042 0.040449
2 0.538248 0.278652 0.029933 0.035955
1 0.052661 0.586517 0.047672 0.112360
2 0.127494 0.683146 0.028825 0.040449
2 0.876386 0.096629 0.032151 0.040449
3 0.482816 0.204494 0.016630 0.067416
4 0.710089 0.234831 0.021064 0.029213
2 0.741685 0.925843 0.024390 0.049438
42 0.498891 0.924719 0.042129 0.042697
4 0.687361 0.235955 0.022173 0.031461
3 0.665188 0.485393 0.015521 0.071910
4 0.743902 0.493258 0.022173 0.060674
2 0.764412 0.365169 0.027716 0.042697
4 0.754989 0.233708 0.022173 0.031461
4 0.731153 0.234831 0.021064 0.024719
3 0.588137 0.204494 0.016630 0.067416
2 0.421286 0.886517 0.026608 0.042697
2 0.383038 0.264045 0.027716 0.042697
4 0.682373 0.607865 0.025499 0.051685
4 0.160754 0.555056 0.024390 0.040449
1 0.625277 0.932584 0.199557 0.125843
4 0.126940 0.552809 0.027716 0.031461
35 0.549889 0.078652 0.028825 0.062921
35 0.478381 0.078652 0.029933 0.062921
35 0.516075 0.078652 0.029933 0.062921
6 0.555432 0.417978 0.046563 0.026966
35 0.584257 0.077528 0.033259 0.069663
42 0.771619 0.419101 0.039911 0.033708
28 0.416297 0.759551 0.029933 0.089888
35 0.286585 0.588764 0.029933 0.062921
35 0.256652 0.586517 0.029933 0.062921
35 0.220067 0.593258 0.029933 0.062921
35 0.189579 0.592135 0.033259 0.065169
