1 0.166455 0.677632 0.024173 0.038278
1 0.242791 0.281100 0.153944 0.061005
1 0.256785 0.678230 0.022477 0.043062
2 0.606870 0.701555 0.014419 0.013158
1 0.400975 0.523026 0.053859 0.061603
1 0.354750 0.677632 0.022477 0.038278
1 0.202926 0.514055 0.042833 0.050837
2 0.582697 0.669258 0.009330 0.015550
1 0.454411 0.678230 0.024173 0.040670
42 0.128923 0.297548 0.017812 0.012560
3 0.148007 0.510467 0.015267 0.008971
14 0.681298 0.554127 0.024173 0.024522
3 0.211620 0.368720 0.015267 0.008971
2 0.704835 0.560706 0.008482 0.013756
42 0.350085 0.297548 0.015691 0.011364
2 0.640797 0.584031 0.014419 0.011364
4 0.560221 0.354067 0.012723 0.011962
2 0.184266 0.628888 0.013147 0.011364
42 0.349661 0.278708 0.016539 0.009569
24 0.603265 0.671053 0.014843 0.025120
2 0.471162 0.493720 0.006785 0.013756
42 0.449958 0.530203 0.017812 0.008971
27 0.240246 0.366926 0.025021 0.011364
2 0.372986 0.628888 0.011450 0.010167
2 0.606658 0.638158 0.010602 0.013158
2 0.473070 0.629486 0.011450 0.010167
2 0.355810 0.262859 0.009330 0.017344
42 0.528626 0.269139 0.008058 0.021531
2 0.181086 0.715610 0.011874 0.012560
42 0.129771 0.261663 0.017812 0.012560
42 0.349661 0.285287 0.016539 0.009569
42 0.186387 0.368720 0.015691 0.011364
42 0.449534 0.536782 0.017812 0.008971
42 0.475191 0.339414 0.015691 0.011364
42 0.572731 0.340012 0.015691 0.011364
42 0.641858 0.478768 0.015691 0.011364
42 0.701654 0.306519 0.015691 0.011364
42 0.701654 0.327452 0.015691 0.011364
42 0.392494 0.674342 0.016539 0.007775
42 0.392070 0.680323 0.016539 0.007775
42 0.294529 0.674342 0.016539 0.007775
42 0.294529 0.680323 0.016539 0.007775
42 0.202502 0.674342 0.016539 0.007775
42 0.202502 0.680323 0.016539 0.007775
51 0.269296 0.543062 0.014419 0.008373
51 0.268872 0.558014 0.014419 0.008373
51 0.268872 0.587321 0.014419 0.008373
51 0.339483 0.500897 0.015691 0.007775
51 0.340119 0.507177 0.016115 0.008373
51 0.340331 0.513158 0.018236 0.007177
51 0.338846 0.519139 0.018660 0.007177
51 0.338422 0.524821 0.017812 0.007775
51 0.338634 0.531100 0.017388 0.007177
51 0.338634 0.536782 0.017388 0.007775
51 0.338422 0.543062 0.016964 0.008373
3 0.280322 0.515849 0.015267 0.008971
51 0.753817 0.305921 0.013995 0.013756
51 0.754241 0.326854 0.017388 0.011364
3 0.153096 0.290670 0.015267 0.009569
0 0.324640 0.246711 0.007209 0.007775
0 0.324852 0.262560 0.006785 0.005981
4 0.335454 0.252691 0.007634 0.013756
4 0.335242 0.267943 0.007209 0.014354
0 0.267176 0.368720 0.004241 0.010167
2 0.304283 0.516746 0.007209 0.020335
2 0.268448 0.571770 0.009330 0.016746
2 0.275445 0.627093 0.013995 0.012560
2 0.271416 0.715311 0.011026 0.011962
2 0.368957 0.715311 0.010178 0.011962
2 0.469678 0.715012 0.011450 0.011364
4 0.184690 0.653409 0.008906 0.010167
4 0.276506 0.654605 0.011874 0.010167
4 0.372986 0.653708 0.009754 0.008373
4 0.473707 0.654605 0.011026 0.011364
4 0.451866 0.506878 0.010602 0.008971
4 0.462256 0.506579 0.009330 0.010766
0 0.469042 0.524222 0.006785 0.011364
0 0.484521 0.667165 0.006361 0.011364
0 0.385496 0.667763 0.006785 0.010167
0 0.287532 0.667165 0.005937 0.008971
0 0.195929 0.668062 0.005937 0.010766
4 0.666031 0.533792 0.008906 0.012560
4 0.659245 0.572667 0.008906 0.012560
7 0.678753 0.479366 0.015691 0.011364
0 0.712680 0.478768 0.007209 0.011364
2 0.523537 0.380084 0.011450 0.011364
2 0.499152 0.313696 0.009330 0.017344
2 0.547498 0.315490 0.009330 0.017344
2 0.555980 0.289773 0.009330 0.017344
2 0.519720 0.285586 0.011450 0.011364
4 0.488550 0.354067 0.012723 0.011962
4 0.541137 0.291567 0.009330 0.014952
3 0.487913 0.324462 0.008058 0.018541
3 0.559584 0.324462 0.008058 0.018541
0 0.487913 0.306818 0.008058 0.008373
0 0.560008 0.306220 0.008058 0.008373
30 0.523749 0.315490 0.022901 0.031699
2 0.746395 0.283194 0.009330 0.017344
0 0.711832 0.281400 0.005513 0.010167
4 0.727735 0.282895 0.006785 0.015550
