18 0.882353 0.118935 0.021849 0.031953
18 0.928992 0.120710 0.022689 0.033136
3 0.105462 0.845562 0.026050 0.017751
1 0.320168 0.868639 0.077311 0.059172
2 0.744538 0.173373 0.023529 0.020118
1 0.419748 0.471006 0.076471 0.066272
4 0.546218 0.389941 0.016807 0.027219
2 0.296218 0.173373 0.012605 0.029586
4 0.786555 0.389349 0.016807 0.028402
1 0.701261 0.560355 0.061345 0.065089
1 0.515546 0.154438 0.061345 0.147929
1 0.194958 0.850296 0.100840 0.159763
3 0.604622 0.608876 0.010924 0.034320
4 0.546639 0.488757 0.019328 0.018935
1 0.244538 0.147337 0.057143 0.081657
3 0.466387 0.514793 0.008403 0.035503
2 0.717647 0.172781 0.023529 0.018935
2 0.419748 0.398817 0.024370 0.018935
1 0.400000 0.149704 0.060504 0.072189
3 0.235294 0.478107 0.013445 0.033136
2 0.048319 0.797041 0.014286 0.027219
1 0.111765 0.123669 0.075630 0.152663
1 0.701681 0.472189 0.060504 0.063905
2 0.256303 0.580473 0.025210 0.020118
3 0.603361 0.672781 0.011765 0.034320
1 0.034034 0.923077 0.021008 0.063905
2 0.653782 0.492308 0.013445 0.028402
2 0.508824 0.617160 0.022689 0.020118
7 0.685714 0.101183 0.026891 0.015385
2 0.487815 0.349704 0.022689 0.017751
2 0.054202 0.189941 0.014286 0.024852
4 0.487395 0.390533 0.018487 0.026036
2 0.746218 0.519527 0.013445 0.028402
2 0.460504 0.112426 0.011765 0.028402
4 0.256303 0.477515 0.016807 0.017751
0 0.369748 0.840237 0.013445 0.009467
4 0.605462 0.389941 0.017647 0.027219
25 0.718908 0.122485 0.012605 0.034320
4 0.235714 0.530769 0.019328 0.022485
2 0.649160 0.580473 0.014286 0.027219
0 0.356303 0.126036 0.010084 0.020118
4 0.664286 0.390533 0.015966 0.026036
2 0.369328 0.948521 0.024370 0.022485
2 0.171429 0.123077 0.013445 0.028402
2 0.596639 0.711834 0.023529 0.017751
0 0.290336 0.125444 0.009244 0.018935
3 0.508403 0.495266 0.010084 0.036686
2 0.129832 0.249112 0.012605 0.024852
4 0.105462 0.932544 0.017647 0.026036
4 0.744538 0.129586 0.016807 0.024852
4 0.726891 0.390533 0.016807 0.023669
2 0.053782 0.056213 0.013445 0.024852
4 0.289916 0.796450 0.016807 0.026036
0 0.257143 0.786391 0.011765 0.010651
35 0.301681 0.510059 0.023529 0.033136
4 0.370168 0.893491 0.017647 0.021302
2 0.352941 0.172781 0.011765 0.028402
3 0.491176 0.511834 0.010924 0.034320
3 0.589076 0.490533 0.011765 0.034320
3 0.102101 0.239053 0.029412 0.016568
4 0.105882 0.874556 0.018487 0.021302
3 0.101681 0.257396 0.028571 0.015385
0 0.272689 0.846746 0.014286 0.013018
3 0.589496 0.672189 0.012605 0.037870
2 0.326050 0.796450 0.013445 0.028402
0 0.471008 0.158580 0.009244 0.018935
3 0.589076 0.608284 0.013445 0.037870
0 0.656723 0.100592 0.010924 0.021302
4 0.273950 0.903550 0.016807 0.024852
10 0.599580 0.543195 0.019328 0.037870
0 0.057563 0.939053 0.010924 0.020118
3 0.105042 0.903550 0.025210 0.017751
29 0.457143 0.572781 0.025210 0.047337
0 0.211345 0.454438 0.012605 0.016568
4 0.507983 0.556805 0.017647 0.022485
0 0.762605 0.100592 0.010924 0.021302
35 0.328571 0.499408 0.023529 0.033136
35 0.345378 0.505325 0.023529 0.033136
35 0.364706 0.497041 0.023529 0.033136
35 0.494958 0.573964 0.023529 0.033136
6 0.492017 0.465680 0.036134 0.015385
46 0.105042 0.810059 0.015126 0.020118
46 0.057983 0.820710 0.015126 0.020118
46 0.054622 0.862130 0.015126 0.020118
46 0.138655 0.922485 0.015126 0.020118
