2 0.157612 0.300840 0.015522 0.011765
1 0.156418 0.137815 0.046567 0.038655
2 0.185075 0.191176 0.016716 0.012605
24 0.232836 0.258824 0.021493 0.023529
2 0.262985 0.142017 0.013731 0.011765
4 0.185075 0.162185 0.013134 0.016807
2 0.087164 0.165546 0.016716 0.013445
2 0.252836 0.241597 0.008955 0.021008
4 0.125373 0.163025 0.013134 0.016807
75 0.125075 0.289916 0.014925 0.011765
75 0.170149 0.289496 0.017910 0.014286
35 0.197015 0.142017 0.016716 0.025210
35 0.116418 0.126050 0.016716 0.025210
3 0.087761 0.129412 0.016716 0.011765
3 0.250448 0.130252 0.020896 0.013445
0 0.214328 0.163445 0.010746 0.007563
0 0.069552 0.129832 0.007761 0.014286
