18 0.856119 0.612185 0.015522 0.024370
1 0.262090 0.094538 0.053731 0.093277
4 0.054030 0.560084 0.013731 0.015966
18 0.883582 0.616807 0.015522 0.025210
4 0.772836 0.278571 0.013731 0.014286
1 0.126269 0.536134 0.055522 0.055462
1 0.827761 0.186134 0.065075 0.189076
18 0.910746 0.617227 0.014925 0.026050
1 0.361493 0.560504 0.051940 0.109244
1 0.686866 0.417647 0.051940 0.110924
1 0.314925 0.294538 0.077015 0.115126
42 0.499104 0.348739 0.021493 0.011765
4 0.188955 0.561765 0.012537 0.014286
2 0.829552 0.443697 0.014925 0.013445
42 0.256418 0.249160 0.022090 0.012605
4 0.438507 0.544118 0.013731 0.015966
42 0.893731 0.141597 0.021493 0.012605
42 0.874925 0.234874 0.020896 0.010924
2 0.071343 0.070168 0.013731 0.014286
2 0.448358 0.474370 0.015522 0.014286
3 0.095522 0.589496 0.009552 0.024370
1 0.095522 0.061345 0.031045 0.045378
2 0.468060 0.065966 0.009552 0.021008
42 0.415522 0.513025 0.021493 0.012605
2 0.355821 0.420588 0.016716 0.014286
1 0.785373 0.376050 0.041194 0.047899
2 0.819104 0.352941 0.014328 0.015126
1 0.481194 0.528151 0.062090 0.039496
2 0.505970 0.329832 0.011343 0.021008
2 0.811642 0.442017 0.014925 0.013445
2 0.347761 0.084874 0.008955 0.020168
2 0.557910 0.348319 0.008955 0.017647
2 0.732836 0.637395 0.016119 0.012605
42 0.874925 0.184454 0.020896 0.010924
42 0.353731 0.155462 0.020896 0.013445
3 0.931343 0.504622 0.019104 0.014286
3 0.083582 0.529832 0.019104 0.009244
3 0.096716 0.302941 0.021493 0.010924
2 0.716119 0.107143 0.010149 0.019328
2 0.513731 0.584034 0.016119 0.013445
42 0.874328 0.209664 0.022090 0.010924
42 0.728955 0.415546 0.021493 0.009244
42 0.370746 0.251261 0.021493 0.011765
42 0.728657 0.407143 0.019701 0.010924
42 0.874328 0.108403 0.020896 0.011765
3 0.780597 0.192437 0.017313 0.013445
2 0.760597 0.398739 0.014328 0.015966
2 0.230149 0.309664 0.010149 0.019328
2 0.156119 0.507983 0.013731 0.015966
42 0.256119 0.260084 0.022687 0.010924
42 0.777612 0.107983 0.020896 0.012605
4 0.818806 0.402521 0.017313 0.015126
3 0.077612 0.569328 0.010746 0.027731
42 0.752239 0.458403 0.021493 0.014286
42 0.369552 0.318487 0.022687 0.011765
42 0.403881 0.600000 0.023284 0.018487
42 0.874925 0.226471 0.022090 0.012605
6 0.702090 0.137395 0.022687 0.010924
2 0.826567 0.080252 0.014925 0.014286
42 0.661493 0.142017 0.020299 0.013445
42 0.371343 0.276471 0.020299 0.011765
42 0.071642 0.505882 0.010746 0.028571
3 0.871642 0.268908 0.016716 0.011765
3 0.931642 0.531933 0.019701 0.013445
42 0.257015 0.294538 0.020896 0.010924
2 0.160896 0.157143 0.010149 0.016807
3 0.355522 0.361345 0.007761 0.021849
42 0.370448 0.260504 0.019701 0.010084
42 0.565672 0.329832 0.022090 0.014286
2 0.731940 0.493697 0.015522 0.012605
3 0.930746 0.364706 0.016716 0.011765
42 0.256716 0.268487 0.022687 0.010924
42 0.134627 0.050420 0.022090 0.011765
2 0.773731 0.306303 0.017910 0.014286
4 0.337313 0.103361 0.013134 0.015126
4 0.731343 0.470168 0.013134 0.014286
42 0.168657 0.526891 0.022090 0.011765
4 0.721194 0.473950 0.010746 0.011765
28 0.121493 0.302941 0.022090 0.024370
2 0.651045 0.373109 0.012537 0.020168
42 0.777910 0.208403 0.019104 0.013445
42 0.728955 0.441176 0.020299 0.010084
16 0.443582 0.073529 0.032239 0.027731
4 0.810746 0.406723 0.010746 0.016807
14 0.531343 0.338235 0.031045 0.036134
4 0.415224 0.292437 0.007761 0.013445
42 0.904179 0.506303 0.020896 0.015966
2 0.162985 0.283193 0.013134 0.021849
42 0.751045 0.592437 0.025075 0.013445
42 0.120896 0.649580 0.020896 0.015126
42 0.370448 0.336134 0.019701 0.011765
2 0.414030 0.267227 0.011343 0.018487
2 0.702687 0.182773 0.009552 0.019328
42 0.904179 0.481513 0.020896 0.018487
2 0.588060 0.515126 0.014328 0.023529
42 0.077313 0.609664 0.012537 0.034454
42 0.256119 0.284454 0.019104 0.010924
2 0.161791 0.538655 0.011940 0.020168
42 0.058507 0.271849 0.022687 0.015966
42 0.313731 0.135714 0.010149 0.027731
2 0.245075 0.027731 0.013731 0.013445
21 0.945672 0.259664 0.016716 0.015126
35 0.352836 0.396218 0.017910 0.024370
42 0.777910 0.117227 0.019104 0.010924
42 0.552537 0.060924 0.022090 0.015966
3 0.540000 0.493697 0.018507 0.010924
35 0.927761 0.478151 0.016716 0.026891
2 0.951642 0.362605 0.010746 0.019328
42 0.593731 0.583613 0.010149 0.029412
22 0.722985 0.125630 0.011940 0.017647
14 0.531045 0.337395 0.030448 0.036134
42 0.777313 0.222269 0.019104 0.012605
4 0.945970 0.223529 0.013731 0.018487
2 0.765075 0.258824 0.013731 0.016807
42 0.581791 0.584874 0.008955 0.031933
42 0.256716 0.276471 0.020299 0.010084
42 0.125075 0.217227 0.022090 0.015966
42 0.134627 0.058824 0.022090 0.011765
42 0.134627 0.067227 0.022090 0.011765
2 0.140597 0.144538 0.029254 0.025210
42 0.072239 0.166807 0.022687 0.015966
42 0.256119 0.302101 0.019104 0.010924
42 0.256418 0.327731 0.020896 0.010084
42 0.256418 0.335294 0.020896 0.010084
42 0.370149 0.285714 0.020299 0.011765
42 0.370149 0.344538 0.020299 0.011765
42 0.369552 0.327731 0.022687 0.011765
3 0.247463 0.310084 0.016119 0.011765
42 0.551940 0.097899 0.022090 0.015966
42 0.429254 0.584454 0.015522 0.031092
42 0.197313 0.515546 0.012537 0.034454
42 0.037910 0.478571 0.012537 0.034454
42 0.171045 0.555462 0.020896 0.015126
42 0.671642 0.592437 0.025075 0.013445
42 0.904776 0.533193 0.020896 0.015966
42 0.729254 0.390336 0.019701 0.010924
42 0.728657 0.382773 0.019701 0.010924
42 0.728358 0.431933 0.020299 0.010084
42 0.728358 0.424370 0.020299 0.010084
42 0.823881 0.373950 0.020299 0.010084
42 0.823284 0.382353 0.020299 0.010084
42 0.838806 0.390756 0.020299 0.010084
42 0.874328 0.116807 0.020896 0.011765
42 0.874925 0.192857 0.020896 0.010924
42 0.873731 0.218067 0.022090 0.012605
4 0.415224 0.302521 0.007761 0.013445
4 0.415224 0.311765 0.007761 0.013445
2 0.425672 0.530252 0.014328 0.023529
2 0.324776 0.516807 0.014328 0.023529
42 0.080299 0.650420 0.020896 0.015126
3 0.098507 0.256723 0.021493 0.010924
3 0.099104 0.218487 0.021493 0.011765
3 0.096119 0.344958 0.021493 0.010924
3 0.094925 0.395378 0.021493 0.010924
3 0.051940 0.499580 0.019104 0.009244
3 0.501493 0.062605 0.017910 0.010924
3 0.501493 0.096218 0.017910 0.010924
3 0.305075 0.062605 0.017910 0.010924
41 0.322090 0.086975 0.007761 0.010924
3 0.337313 0.137815 0.008358 0.025210
28 0.122687 0.260084 0.022090 0.024370
28 0.121493 0.346639 0.022090 0.024370
28 0.120896 0.397059 0.022090 0.024370
4 0.097015 0.168067 0.011343 0.018487
4 0.094627 0.621008 0.011343 0.018487
4 0.105373 0.621008 0.011343 0.018487
2 0.197313 0.591597 0.014925 0.016807
2 0.053433 0.588235 0.014925 0.016807
35 0.444776 0.507983 0.017910 0.024370
35 0.564179 0.514706 0.017910 0.024370
2 0.558806 0.493277 0.014328 0.023529
4 0.512537 0.555042 0.013731 0.015966
4 0.523881 0.555042 0.013731 0.015966
30 0.582388 0.543277 0.044776 0.034454
4 0.525970 0.063025 0.010746 0.018487
4 0.525373 0.097059 0.009552 0.019328
2 0.665970 0.098739 0.014925 0.014286
2 0.730448 0.239076 0.014925 0.014286
2 0.738507 0.193697 0.009552 0.019328
35 0.755821 0.190336 0.017910 0.024370
4 0.781791 0.166807 0.008955 0.021008
4 0.743582 0.250840 0.010149 0.021008
28 0.895224 0.272269 0.018507 0.020168
2 0.927164 0.270168 0.009552 0.019328
2 0.958209 0.271849 0.017910 0.014286
3 0.721493 0.184874 0.017313 0.013445
4 0.675821 0.124370 0.009552 0.011765
4 0.682687 0.125210 0.007761 0.013445
4 0.687761 0.610084 0.010746 0.015126
4 0.696716 0.609244 0.010746 0.013445
4 0.706866 0.608403 0.010746 0.016807
4 0.714328 0.609244 0.011343 0.015126
23 0.730746 0.607143 0.014328 0.017647
42 0.543284 0.538235 0.021493 0.014286
35 0.934328 0.452101 0.016716 0.026891
35 0.927164 0.421008 0.016716 0.026891
35 0.933134 0.393277 0.016716 0.026891
2 0.721791 0.502941 0.015522 0.012605
