1 0.518908 0.297041 0.116807 0.442604
1 0.423529 0.582840 0.052101 0.086391
1 0.610924 0.584024 0.052101 0.088757
1 0.135714 0.162722 0.094958 0.164497
1 0.134454 0.542012 0.095798 0.168047
2 0.800840 0.475148 0.023529 0.015385
1 0.110504 0.347929 0.049580 0.068639
2 0.134034 0.404142 0.024370 0.017751
1 0.357983 0.253254 0.045378 0.073373
1 0.358824 0.334911 0.043697 0.075740
2 0.843277 0.486391 0.024370 0.018935
3 0.581933 0.657988 0.012605 0.035503
1 0.357563 0.128402 0.046218 0.072189
18 0.081092 0.868047 0.021008 0.031953
2 0.419328 0.644970 0.023529 0.016568
2 0.616807 0.330178 0.013445 0.028402
4 0.297899 0.512426 0.017647 0.018935
24 0.873109 0.442604 0.033613 0.047337
3 0.453361 0.657988 0.012605 0.035503
2 0.165546 0.723077 0.021849 0.016568
2 0.616807 0.376331 0.011765 0.028402
2 0.158824 0.900000 0.023529 0.017751
2 0.192857 0.485207 0.012605 0.030769
4 0.581933 0.707101 0.021008 0.024852
4 0.357143 0.513018 0.016807 0.017751
2 0.295798 0.353846 0.023529 0.018935
23 0.639496 0.510651 0.015126 0.024852
2 0.615126 0.644379 0.023529 0.017751
35 0.742017 0.148521 0.023529 0.039053
2 0.078151 0.105917 0.011765 0.024852
2 0.787815 0.307692 0.024370 0.018935
4 0.706303 0.511834 0.014286 0.022485
2 0.136134 0.263905 0.023529 0.018935
2 0.076471 0.484615 0.013445 0.029586
18 0.233193 0.868047 0.021008 0.031953
2 0.195378 0.105325 0.010924 0.026036
2 0.517647 0.053846 0.021849 0.017751
4 0.328151 0.512426 0.015966 0.016568
3 0.589496 0.223669 0.021008 0.014201
4 0.452521 0.707101 0.019328 0.024852
2 0.135294 0.642604 0.021849 0.016568
2 0.615966 0.223669 0.011765 0.021302
2 0.663866 0.197041 0.020168 0.017751
4 0.314706 0.314793 0.014286 0.014201
4 0.676891 0.512426 0.015966 0.021302
3 0.137395 0.686982 0.027731 0.015385
3 0.589076 0.328994 0.020168 0.016568
4 0.742437 0.376331 0.012605 0.026036
4 0.313025 0.230769 0.015966 0.014201
4 0.312185 0.105917 0.014286 0.013018
2 0.771429 0.375740 0.011765 0.029586
4 0.582353 0.510651 0.015126 0.017751
23 0.394118 0.511834 0.016807 0.024852
2 0.707983 0.551479 0.024370 0.018935
4 0.313866 0.104734 0.015966 0.013018
3 0.613025 0.121893 0.019328 0.014201
2 0.299580 0.551479 0.026050 0.018935
35 0.742437 0.214793 0.027731 0.034320
29 0.645798 0.115385 0.029412 0.027219
2 0.515546 0.746746 0.019328 0.021302
3 0.588655 0.146154 0.022689 0.015385
3 0.138235 0.708876 0.027731 0.016568
3 0.589496 0.169822 0.022689 0.010651
3 0.613866 0.091716 0.024370 0.015385
4 0.410504 0.440237 0.012605 0.023669
3 0.589916 0.257988 0.023529 0.011834
4 0.452521 0.511834 0.015966 0.017751
6 0.520168 0.579882 0.035294 0.011834
3 0.589496 0.247337 0.022689 0.014201
22 0.743277 0.466272 0.015966 0.026036
18 0.131933 0.867456 0.020168 0.028402
3 0.589916 0.211243 0.023529 0.015385
35 0.742437 0.182840 0.024370 0.036686
3 0.412185 0.488166 0.026050 0.015385
35 0.741176 0.284615 0.026891 0.036686
35 0.742017 0.249704 0.026891 0.035503
35 0.649580 0.083432 0.020168 0.034320
3 0.588235 0.133728 0.020168 0.011834
18 0.183193 0.867456 0.021849 0.030769
4 0.623950 0.440828 0.012605 0.024852
28 0.788235 0.442012 0.040336 0.031953
4 0.589496 0.378107 0.012605 0.024852
4 0.588655 0.312426 0.012605 0.021302
21 0.589916 0.295266 0.023529 0.020118
3 0.622689 0.490533 0.021849 0.017751
3 0.607143 0.466864 0.012605 0.031953
3 0.427731 0.466272 0.011765 0.028402
3 0.588235 0.269822 0.023529 0.011834
3 0.588235 0.246154 0.023529 0.011834
3 0.588655 0.156805 0.022689 0.010651
3 0.588655 0.181657 0.022689 0.010651
