18 0.580252 0.660355 0.021008 0.037870
18 0.617647 0.660355 0.021849 0.037870
1 0.785714 0.365089 0.070588 0.088757
1 0.395378 0.278107 0.081513 0.075740
4 0.433193 0.601775 0.021008 0.024852
1 0.391597 0.508876 0.080672 0.075740
2 0.283193 0.277515 0.013445 0.029586
1 0.773950 0.248521 0.047059 0.078107
2 0.498319 0.371006 0.013445 0.027219
18 0.537395 0.660355 0.021008 0.037870
18 0.655882 0.659763 0.022689 0.039053
2 0.207563 0.176923 0.011765 0.029586
2 0.405882 0.601775 0.015126 0.029586
3 0.264286 0.176923 0.026050 0.013018
2 0.409244 0.372189 0.013445 0.031953
3 0.331933 0.342604 0.010084 0.036686
4 0.434874 0.371006 0.019328 0.024852
2 0.207983 0.449112 0.014286 0.029586
26 0.472689 0.372189 0.019328 0.027219
2 0.278992 0.508284 0.013445 0.029586
16 0.768908 0.506509 0.040336 0.033136
3 0.319328 0.176331 0.028571 0.014201
3 0.327731 0.572781 0.011765 0.033136
2 0.438235 0.237870 0.021008 0.021302
2 0.747899 0.444970 0.025210 0.018935
3 0.584454 0.507692 0.024370 0.016568
2 0.433613 0.468639 0.020168 0.018935
2 0.790756 0.536095 0.023529 0.016568
35 0.536134 0.552663 0.021849 0.035503
3 0.585294 0.542604 0.022689 0.017751
3 0.587395 0.318935 0.023529 0.017751
26 0.471008 0.407101 0.022689 0.028402
3 0.849580 0.360355 0.030252 0.010651
30 0.218487 0.315976 0.026891 0.056805
3 0.587395 0.277515 0.026891 0.017751
0 0.789496 0.486982 0.014286 0.013018
3 0.261345 0.449112 0.028571 0.015385
3 0.319328 0.449112 0.028571 0.015385
3 0.849580 0.373373 0.026891 0.015385
35 0.535294 0.517160 0.020168 0.037870
23 0.306723 0.547929 0.020168 0.028402
23 0.311765 0.318935 0.023529 0.027219
35 0.547899 0.327811 0.021849 0.035503
35 0.547059 0.287574 0.021849 0.035503
2 0.500000 0.408876 0.013445 0.031953
0 0.331933 0.376331 0.013445 0.011834
0 0.326891 0.605325 0.013445 0.017751
0 0.911765 0.372781 0.015126 0.018935
0 0.798319 0.212426 0.011765 0.013018
