1 0.674167 0.594401 0.055806 0.097656
1 0.818632 0.598958 0.053105 0.070312
1 0.789379 0.221354 0.057606 0.057292
1 0.239874 0.578125 0.058506 0.057292
1 0.271377 0.208333 0.085509 0.080729
3 0.167867 0.254557 0.013501 0.037760
4 0.846085 0.259115 0.018002 0.033854
2 0.847435 0.307292 0.026103 0.020833
2 0.629613 0.288411 0.026103 0.019531
4 0.585509 0.221354 0.018902 0.044271
3 0.410441 0.241536 0.028803 0.016927
2 0.284878 0.647135 0.024302 0.020833
2 0.662466 0.320312 0.025203 0.020833
3 0.292979 0.546224 0.013501 0.035156
2 0.442394 0.592448 0.015302 0.031250
4 0.284878 0.604818 0.018902 0.027344
2 0.142664 0.580078 0.015302 0.032552
3 0.661566 0.274740 0.014401 0.044271
3 0.175518 0.580078 0.027003 0.014323
3 0.410441 0.195312 0.027003 0.015625
4 0.216922 0.277995 0.019802 0.032552
49 0.498650 0.580078 0.070207 0.074219
22 0.705221 0.155599 0.026103 0.035156
35 0.370837 0.250651 0.019802 0.037760
3 0.662466 0.188151 0.014401 0.042969
35 0.372637 0.205729 0.021602 0.039062
4 0.630963 0.221354 0.018002 0.044271
6 0.787129 0.155599 0.036904 0.019531
19 0.337534 0.593750 0.025203 0.104167
