1 0.154614 0.445252 0.027231 0.064157
1 0.154614 0.206587 0.027231 0.065868
1 0.753101 0.503849 0.034493 0.061591
24 0.217247 0.953807 0.018154 0.038494
1 0.529501 0.501069 0.033888 0.061163
1 0.608472 0.896707 0.026021 0.071429
1 0.296974 0.501711 0.031165 0.060736
1 0.750832 0.262190 0.031770 0.063302
1 0.089713 0.667665 0.046293 0.078700
1 0.392587 0.206801 0.028139 0.065441
3 0.794402 0.454876 0.011800 0.008982
3 0.816188 0.244012 0.012405 0.009837
1 0.301210 0.262831 0.032980 0.063730
3 0.569138 0.452951 0.012708 0.009410
1 0.526626 0.263045 0.030560 0.065868
1 0.841301 0.203593 0.023903 0.055603
3 0.030711 0.965569 0.011800 0.008982
3 0.591679 0.483961 0.011195 0.008982
3 0.126324 0.242087 0.011800 0.009410
3 0.289864 0.188195 0.008472 0.006843
3 0.515280 0.188409 0.010893 0.008127
4 0.077912 0.402908 0.008775 0.009410
1 0.579728 0.628529 0.016339 0.020958
1 0.061271 0.263045 0.033585 0.064157
3 0.051891 0.188195 0.008775 0.006843
3 0.589561 0.241446 0.011800 0.009837
4 0.047201 0.156972 0.004236 0.010265
4 0.041301 0.196749 0.006959 0.006843
4 0.060817 0.179641 0.006657 0.005988
4 0.077458 0.165098 0.003631 0.010265
4 0.077610 0.147776 0.003328 0.008982
4 0.100303 0.147990 0.005749 0.010265
4 0.100303 0.164457 0.005749 0.010693
4 0.100454 0.181565 0.005446 0.008982
6 0.119667 0.187981 0.013011 0.007271
4 0.181694 0.242729 0.006959 0.007271
4 0.125870 0.200599 0.006657 0.006843
4 0.110893 0.222840 0.004539 0.010265
4 0.195310 0.242087 0.006959 0.006843
3 0.103328 0.213003 0.011800 0.009410
23 0.071104 0.204234 0.006657 0.012404
23 0.085325 0.194183 0.006051 0.009410
23 0.213464 0.241018 0.006354 0.010693
4 0.047050 0.394568 0.003933 0.011548
4 0.077610 0.385586 0.005144 0.010693
4 0.100454 0.385372 0.004841 0.008554
4 0.100000 0.402267 0.005144 0.009837
4 0.100000 0.419803 0.005749 0.009837
4 0.060817 0.417451 0.007867 0.005133
4 0.041452 0.434346 0.007867 0.005560
4 0.110741 0.460009 0.004236 0.011548
4 0.125719 0.439478 0.007564 0.007271
4 0.181241 0.479256 0.006657 0.007271
4 0.194705 0.479683 0.007564 0.004705
3 0.051891 0.426433 0.008775 0.007699
3 0.102572 0.451454 0.010893 0.007271
3 0.125416 0.481608 0.011195 0.007699
6 0.119667 0.425364 0.011800 0.007271
23 0.071558 0.442044 0.006959 0.009837
23 0.084871 0.432207 0.007564 0.009837
23 0.213616 0.479042 0.006657 0.010265
1 0.062179 0.501925 0.031770 0.060308
4 0.011498 0.646493 0.007262 0.005560
4 0.027080 0.646920 0.007564 0.009837
4 0.169592 0.628956 0.005749 0.010693
4 0.180182 0.642216 0.006959 0.006416
3 0.043722 0.676433 0.011800 0.008127
2 0.012708 0.659752 0.009077 0.005560
29 0.206203 0.705304 0.013616 0.015398
29 0.205598 0.735244 0.013616 0.015398
29 0.206505 0.763473 0.013616 0.015398
1 0.204085 0.629598 0.015431 0.021386
3 0.049168 0.966852 0.011800 0.008982
3 0.123601 0.961292 0.011800 0.008982
3 0.140847 0.961292 0.011800 0.008982
4 0.049017 0.981822 0.004236 0.009837
4 0.140998 0.975620 0.005446 0.009410
2 0.059153 0.966852 0.005144 0.010693
2 0.369743 0.898417 0.004236 0.010693
2 0.309531 0.902481 0.007262 0.011976
2 0.437368 0.783790 0.008169 0.006416
4 0.311800 0.870616 0.005749 0.006416
4 0.320272 0.903122 0.005144 0.009837
4 0.347958 0.911463 0.006051 0.005133
3 0.282753 0.871257 0.006959 0.013687
1 0.336006 0.899059 0.017852 0.021386
22 0.352950 0.661463 0.007564 0.009837
1 0.322542 0.684773 0.025416 0.023952
4 0.281997 0.759410 0.006051 0.010693
4 0.281543 0.776091 0.005749 0.010693
4 0.282148 0.793627 0.004539 0.011548
4 0.322693 0.661463 0.005144 0.009837
4 0.407262 0.678358 0.005446 0.011121
4 0.407413 0.696963 0.005749 0.008982
4 0.406959 0.716210 0.006051 0.010693
4 0.406657 0.735030 0.005446 0.008982
4 0.407110 0.753849 0.005144 0.010693
4 0.407564 0.770958 0.006657 0.012404
4 0.431316 0.678999 0.005749 0.010693
4 0.431467 0.697391 0.005446 0.009837
4 0.430711 0.716424 0.005144 0.010265
4 0.431921 0.735030 0.006354 0.011548
4 0.431467 0.754491 0.005446 0.011121
4 0.456581 0.678785 0.006051 0.011121
4 0.457186 0.697391 0.005446 0.011548
4 0.457337 0.716210 0.005749 0.010693
4 0.457186 0.735458 0.005446 0.009837
4 0.457640 0.753208 0.005749 0.010265
6 0.357035 0.677288 0.013313 0.007271
3 0.288048 0.691617 0.012103 0.009410
3 0.295461 0.699957 0.003933 0.016681
3 0.352950 0.704448 0.012405 0.007699
3 0.367927 0.704662 0.012708 0.008982
1 0.389410 0.447391 0.027837 0.064157
23 0.447201 0.481180 0.008472 0.010265
23 0.319516 0.433704 0.008472 0.008554
23 0.306203 0.444825 0.007262 0.011121
6 0.354160 0.427502 0.012405 0.007271
3 0.359909 0.483105 0.012405 0.009837
3 0.286233 0.427716 0.010287 0.006843
3 0.337973 0.453165 0.011498 0.006416
4 0.416036 0.481608 0.007867 0.008554
4 0.429652 0.481608 0.006657 0.008554
4 0.360817 0.440975 0.008169 0.006843
4 0.345083 0.461719 0.005749 0.010693
4 0.275946 0.436912 0.007867 0.005560
4 0.281392 0.396065 0.004841 0.011121
4 0.295461 0.419376 0.008169 0.006416
4 0.311498 0.404405 0.005144 0.010693
4 0.334796 0.403978 0.005144 0.009837
4 0.334039 0.421086 0.004841 0.009837
4 0.334644 0.387297 0.004841 0.009837
4 0.311649 0.387297 0.004841 0.010693
23 0.452496 0.241660 0.006354 0.008554
23 0.323903 0.194397 0.006354 0.010693
23 0.310590 0.204876 0.006959 0.010265
6 0.358548 0.187126 0.012708 0.004705
3 0.364599 0.244226 0.011498 0.009410
3 0.341906 0.213644 0.012103 0.007271
4 0.349319 0.222412 0.006959 0.009410
4 0.364297 0.201240 0.008472 0.006416
4 0.434644 0.242729 0.008169 0.009837
4 0.420575 0.242301 0.006657 0.010693
4 0.280182 0.198033 0.007867 0.008554
4 0.299244 0.179855 0.007262 0.006416
4 0.339637 0.181565 0.006354 0.010693
4 0.338578 0.164457 0.005446 0.008982
4 0.339334 0.147776 0.005749 0.008982
4 0.316793 0.147562 0.006051 0.010265
4 0.316641 0.164885 0.006354 0.008982
4 0.286989 0.157186 0.006959 0.011548
1 0.619365 0.207870 0.026021 0.062447
6 0.584418 0.187767 0.012405 0.006843
23 0.535552 0.205731 0.007867 0.011976
23 0.549017 0.194183 0.006959 0.010265
23 0.677610 0.241446 0.006959 0.009837
4 0.659758 0.242301 0.006959 0.005560
4 0.646293 0.242301 0.007867 0.007271
4 0.575492 0.221985 0.004841 0.008554
3 0.567474 0.214713 0.011800 0.010265
4 0.589713 0.201668 0.007867 0.008127
4 0.564448 0.181565 0.005749 0.010693
4 0.564145 0.165526 0.004539 0.011121
4 0.565053 0.148204 0.005749 0.011548
4 0.542209 0.148204 0.006657 0.009837
4 0.542360 0.164885 0.005749 0.012404
4 0.524962 0.179855 0.006657 0.008982
4 0.511498 0.156330 0.005749 0.010693
4 0.505749 0.196963 0.006959 0.007271
3 0.517398 0.427502 0.010893 0.008982
1 0.621180 0.445894 0.026021 0.064585
6 0.585930 0.427716 0.012405 0.008554
23 0.679123 0.480967 0.006354 0.008127
23 0.550530 0.433490 0.005749 0.008982
23 0.537368 0.444183 0.006657 0.008127
4 0.660968 0.481608 0.006959 0.007699
4 0.507413 0.437553 0.007867 0.006843
4 0.526778 0.419803 0.006657 0.007271
4 0.513313 0.395423 0.004539 0.010693
4 0.543419 0.387297 0.004841 0.011548
4 0.566868 0.388152 0.005749 0.011548
4 0.565658 0.404405 0.004539 0.011548
4 0.566415 0.421728 0.006051 0.010265
4 0.577610 0.462575 0.006051 0.011548
4 0.591831 0.440975 0.007867 0.009410
4 0.647655 0.481180 0.006959 0.006843
4 0.543873 0.404833 0.006354 0.009837
1 0.550530 0.898631 0.019667 0.025663
1 0.751286 0.653122 0.026021 0.016253
1 0.817700 0.653978 0.026929 0.017964
1 0.883661 0.654405 0.026324 0.020530
1 0.950378 0.652695 0.027231 0.017109
1 0.846293 0.450171 0.026021 0.065441
6 0.811044 0.430068 0.012405 0.007271
3 0.817095 0.485244 0.011800 0.008982
3 0.743116 0.430282 0.009682 0.007699
23 0.904992 0.483105 0.006051 0.008982
23 0.776097 0.436056 0.007867 0.009837
23 0.762481 0.446536 0.006051 0.009410
4 0.732375 0.439050 0.007564 0.008982
4 0.752042 0.421942 0.006354 0.006416
4 0.738578 0.397776 0.005446 0.010265
4 0.768533 0.389435 0.004841 0.008982
4 0.768986 0.406330 0.005144 0.010265
4 0.791225 0.389435 0.005446 0.009837
4 0.791528 0.406758 0.006051 0.009410
4 0.791679 0.423225 0.007564 0.010693
4 0.817095 0.442900 0.007564 0.008127
4 0.802269 0.464072 0.006959 0.009410
4 0.872769 0.483747 0.007564 0.007699
4 0.886687 0.484388 0.008169 0.008127
3 0.792890 0.213003 0.012405 0.010265
3 0.741150 0.188195 0.008775 0.008554
6 0.808926 0.188195 0.012405 0.007699
23 0.903631 0.241446 0.005749 0.008982
23 0.774735 0.194183 0.006354 0.009410
23 0.760817 0.204876 0.006354 0.009410
4 0.885023 0.241873 0.007262 0.008127
4 0.871407 0.242301 0.007262 0.006416
4 0.801059 0.222626 0.006354 0.009837
4 0.815431 0.201240 0.007867 0.008982
4 0.789561 0.181993 0.004539 0.008982
4 0.790469 0.164885 0.005144 0.009837
4 0.790166 0.147776 0.005749 0.009837
4 0.767625 0.147562 0.005446 0.011121
4 0.767474 0.164671 0.005144 0.009410
4 0.750530 0.180496 0.008169 0.006843
4 0.731014 0.197391 0.007867 0.006416
4 0.736914 0.156972 0.005749 0.010265
