3 0.714706 0.324260 0.012605 0.040237
1 0.424790 0.306509 0.069748 0.071006
2 0.668487 0.437870 0.026050 0.023669
3 0.555462 0.376331 0.013445 0.037870
2 0.714286 0.437870 0.025210 0.021302
2 0.618067 0.437870 0.026050 0.023669
3 0.555042 0.318343 0.012605 0.037870
2 0.386555 0.437870 0.025210 0.023669
2 0.555042 0.437870 0.026050 0.023669
2 0.344118 0.437870 0.026050 0.023669
2 0.508403 0.439053 0.025210 0.021302
2 0.463025 0.438462 0.025210 0.022485
4 0.344538 0.360947 0.018487 0.030769
4 0.462185 0.401183 0.018487 0.030769
35 0.720588 0.386982 0.027731 0.037870
4 0.668067 0.347337 0.018487 0.043787
23 0.298319 0.359172 0.018487 0.029586
6 0.486975 0.281065 0.036134 0.013018
22 0.537395 0.286391 0.022689 0.023669
23 0.618487 0.347337 0.016807 0.036686
3 0.461765 0.355621 0.014286 0.034320
0 0.298739 0.327219 0.014286 0.013018
0 0.714706 0.273964 0.014286 0.013018
0 0.462605 0.275148 0.014286 0.013018
