1 0.315546 0.198225 0.079832 0.065089
1 0.748319 0.548521 0.064706 0.084024
2 0.667227 0.618343 0.025210 0.022485
3 0.109244 0.207101 0.013445 0.035503
2 0.412185 0.706509 0.024370 0.023669
1 0.744118 0.147929 0.061345 0.056805
4 0.142857 0.204734 0.016807 0.026036
2 0.705462 0.505325 0.019328 0.026036
1 0.272269 0.543195 0.070588 0.066272
1 0.739916 0.253254 0.046218 0.061538
2 0.110504 0.292899 0.024370 0.020118
3 0.697899 0.187574 0.012605 0.031953
35 0.467227 0.704142 0.030252 0.035503
4 0.445798 0.219527 0.017647 0.034320
2 0.072689 0.636686 0.024370 0.021302
4 0.130672 0.594675 0.017647 0.029586
2 0.331933 0.327811 0.025210 0.021302
4 0.071429 0.597041 0.018487 0.022485
3 0.403782 0.217751 0.012605 0.033136
4 0.184874 0.594675 0.018487 0.034320
2 0.444958 0.304734 0.026050 0.024852
2 0.697479 0.227811 0.018487 0.020118
2 0.315546 0.132544 0.024370 0.023669
4 0.433613 0.146154 0.016807 0.020118
2 0.790336 0.273964 0.021008 0.017751
3 0.667647 0.577515 0.014286 0.035503
4 0.458824 0.146154 0.018487 0.020118
3 0.457983 0.489941 0.028571 0.014201
4 0.109244 0.252663 0.020168 0.024852
2 0.705882 0.594675 0.020168 0.020118
2 0.311345 0.463314 0.026050 0.024852
30 0.115966 0.463905 0.065546 0.052071
35 0.468908 0.639645 0.023529 0.031953
4 0.807143 0.124260 0.019328 0.014201
4 0.403782 0.265680 0.019328 0.027219
35 0.467227 0.576331 0.023529 0.035503
2 0.386555 0.628402 0.023529 0.023669
0 0.102101 0.174556 0.014286 0.013018
2 0.485294 0.170414 0.017647 0.026036
2 0.386555 0.630769 0.023529 0.023669
3 0.336555 0.537278 0.029412 0.014201
35 0.467647 0.607692 0.024370 0.034320
18 0.890756 0.479290 0.021849 0.033136
4 0.386555 0.147929 0.020168 0.018935
6 0.386555 0.192899 0.031933 0.011834
4 0.412185 0.146154 0.015966 0.020118
11 0.382353 0.589349 0.018487 0.040237
35 0.466807 0.552071 0.022689 0.036686
0 0.100000 0.172781 0.015126 0.011834
3 0.357983 0.241420 0.010084 0.035503
35 0.467227 0.674556 0.023529 0.030769
29 0.343277 0.284615 0.037815 0.046154
18 0.891597 0.527811 0.021849 0.033136
18 0.890756 0.582249 0.021849 0.033136
35 0.178992 0.285799 0.028571 0.027219
35 0.194958 0.273964 0.028571 0.027219
35 0.235294 0.288166 0.028571 0.027219
35 0.254622 0.273964 0.028571 0.027219
18 0.890756 0.633136 0.021849 0.033136
0 0.699160 0.567456 0.011765 0.022485
0 0.698319 0.533136 0.011765 0.022485
3 0.311345 0.586982 0.012605 0.035503
11 0.406723 0.669822 0.018487 0.040237
3 0.839496 0.148521 0.023529 0.017751
43 0.304622 0.622485 0.026050 0.033136
