1 0.757092 0.300664 0.067376 0.099668
18 0.113475 0.810631 0.028369 0.043189
24 0.940307 0.275748 0.043735 0.043189
3 0.663121 0.607973 0.035461 0.019934
3 0.850473 0.575581 0.034279 0.018272
3 0.721631 0.607973 0.034279 0.019934
2 0.271868 0.598837 0.030733 0.024917
2 0.908392 0.094684 0.017730 0.039867
24 0.393617 0.552326 0.037825 0.071429
2 0.618794 0.094684 0.017730 0.036545
0 0.620567 0.246678 0.021277 0.018272
0 0.809693 0.263289 0.018913 0.014950
2 0.183215 0.598837 0.033097 0.024917
3 0.661939 0.542359 0.035461 0.018272
2 0.620567 0.347176 0.035461 0.029900
2 0.704492 0.356312 0.030733 0.028239
2 0.088061 0.589701 0.031915 0.023256
2 0.809693 0.355482 0.030733 0.026578
24 0.216903 0.552326 0.034279 0.071429
24 0.128251 0.551495 0.036643 0.069767
2 0.359929 0.599668 0.031915 0.023256
24 0.941489 0.407807 0.043735 0.044850
2 0.760638 0.093854 0.017730 0.038206
24 0.304965 0.553987 0.035461 0.071429
2 0.937943 0.576412 0.017730 0.036545
24 0.405437 0.256645 0.042553 0.357143
2 0.760638 0.575581 0.017730 0.038206
24 0.346336 0.254983 0.040189 0.350498
2 0.905437 0.323090 0.023641 0.031561
27 0.714539 0.093023 0.041371 0.019934
27 0.573286 0.092193 0.040189 0.021595
27 0.862293 0.093023 0.041371 0.019934
35 0.903073 0.565615 0.030733 0.054817
0 0.703901 0.264120 0.017730 0.013289
0 0.946217 0.353821 0.017730 0.016611
0 0.945626 0.222591 0.016548 0.016611
18 0.054374 0.718439 0.028369 0.041528
35 0.726359 0.532392 0.034279 0.051495
18 0.112293 0.720100 0.028369 0.044850
2 0.910757 0.462625 0.024823 0.024917
18 0.054374 0.809801 0.028369 0.044850
5 0.585106 0.284884 0.028369 0.031561
24 0.157801 0.238372 0.039007 0.363787
0 0.167258 0.552326 0.013002 0.021595
24 0.118203 0.246678 0.040189 0.367110
0 0.548463 0.261628 0.021277 0.018272
0 0.077423 0.552326 0.013002 0.024917
0 0.255910 0.550664 0.015366 0.024917
0 0.345154 0.552326 0.016548 0.028239
0 0.628251 0.578073 0.017730 0.029900
