1 0.693697 0.304142 0.068067 0.158580
1 0.413445 0.371598 0.040336 0.078107
1 0.235294 0.184024 0.052101 0.098225
52 0.286134 0.193491 0.026050 0.017751
2 0.385714 0.398817 0.018487 0.018935
2 0.447059 0.411834 0.021849 0.021302
52 0.634454 0.296450 0.026891 0.015385
2 0.654202 0.382840 0.015966 0.020118
2 0.734034 0.381657 0.017647 0.017751
52 0.633613 0.283432 0.025210 0.015385
52 0.366387 0.375148 0.026891 0.016568
2 0.277311 0.171598 0.013445 0.026036
52 0.365546 0.359763 0.026891 0.016568
2 0.654202 0.221893 0.014286 0.020118
52 0.633613 0.307692 0.026891 0.016568
52 0.634454 0.320118 0.026891 0.015385
52 0.286134 0.206509 0.026050 0.017751
0 0.380672 0.347929 0.011765 0.016568
0 0.649160 0.353254 0.010924 0.015385
0 0.649160 0.247337 0.010924 0.014201
0 0.271429 0.218935 0.011765 0.016568
