1 0.425785 0.091507 0.041561 0.083732
1 0.389313 0.838816 0.034775 0.038876
1 0.087362 0.420754 0.051739 0.102273
1 0.245547 0.070873 0.044953 0.085526
1 0.388041 0.638457 0.033927 0.038876
1 0.100085 0.814294 0.035623 0.038876
1 0.505937 0.455144 0.041561 0.082536
1 0.595208 0.050837 0.026718 0.025120
1 0.542621 0.652811 0.025021 0.043660
1 0.640585 0.179426 0.075912 0.163876
1 0.470526 0.276914 0.039440 0.086124
1 0.232400 0.262261 0.042409 0.085526
1 0.259754 0.659091 0.025869 0.047847
1 0.103265 0.645036 0.034351 0.040072
1 0.374258 0.028708 0.029262 0.032297
1 0.545802 0.852572 0.026293 0.046053
3 0.265691 0.226376 0.012299 0.010167
1 0.254453 0.829844 0.025445 0.044856
1 0.390373 0.437201 0.025021 0.035885
24 0.836726 0.114833 0.014419 0.034689
1 0.392494 0.360347 0.030958 0.030502
4 0.318490 0.857057 0.011026 0.014354
3 0.581213 0.159689 0.013995 0.009569
2 0.241518 0.582237 0.011450 0.010167
2 0.527566 0.777213 0.011874 0.010167
24 0.777142 0.097189 0.013995 0.035287
2 0.466497 0.880383 0.013571 0.010766
3 0.279050 0.034988 0.011874 0.010167
2 0.133800 0.281100 0.011450 0.010766
3 0.178541 0.087919 0.013571 0.011962
2 0.308524 0.034091 0.008906 0.014354
1 0.342027 0.204844 0.029262 0.029306
3 0.169423 0.277811 0.013147 0.010167
1 0.235581 0.397129 0.023325 0.034689
2 0.482400 0.422847 0.006361 0.017943
2 0.741518 0.119019 0.009754 0.010766
2 0.180874 0.686304 0.012299 0.010167
2 0.322731 0.118421 0.011874 0.010766
2 0.434478 0.318481 0.010602 0.010167
3 0.157125 0.371411 0.013995 0.011962
35 0.481764 0.788876 0.016964 0.017943
1 0.235157 0.494617 0.027566 0.033493
4 0.255089 0.366627 0.009754 0.009569
2 0.146522 0.090610 0.011450 0.011364
3 0.174088 0.401615 0.013995 0.007775
2 0.734309 0.039474 0.008906 0.016746
2 0.219254 0.119318 0.011026 0.008971
2 0.526293 0.575957 0.011874 0.009569
2 0.233249 0.529605 0.011026 0.011364
2 0.596268 0.084031 0.011874 0.012560
3 0.241730 0.603170 0.007634 0.020933
3 0.756149 0.208134 0.016964 0.010766
2 0.295377 0.226675 0.008906 0.016746
2 0.281170 0.476376 0.011874 0.008971
2 0.366624 0.476376 0.011450 0.008971
4 0.347328 0.655502 0.011026 0.015550
4 0.316370 0.655801 0.009330 0.014952
4 0.795589 0.156699 0.009330 0.015550
2 0.444232 0.038577 0.008058 0.014952
2 0.523961 0.689294 0.012299 0.011364
4 0.466285 0.854964 0.010602 0.014952
2 0.527354 0.496112 0.011450 0.012560
4 0.027990 0.833134 0.011026 0.015550
2 0.347964 0.680323 0.011450 0.011364
4 0.350085 0.049043 0.008906 0.011962
2 0.506573 0.514354 0.013147 0.013158
3 0.135708 0.371411 0.012723 0.010766
2 0.497031 0.318780 0.009330 0.011962
4 0.693172 0.116926 0.008058 0.013756
2 0.064037 0.686902 0.012723 0.010167
2 0.082697 0.134868 0.010178 0.011364
2 0.068914 0.057715 0.007209 0.016148
4 0.483673 0.655203 0.008058 0.016148
2 0.203986 0.311304 0.011026 0.012560
2 0.507634 0.398624 0.010178 0.013756
4 0.194869 0.831340 0.009754 0.013158
2 0.310221 0.311304 0.012299 0.011364
2 0.521204 0.856160 0.007634 0.013756
27 0.844572 0.196770 0.021628 0.013158
4 0.190416 0.259868 0.010178 0.014952
2 0.424088 0.161483 0.012723 0.011962
4 0.296862 0.455144 0.008482 0.011962
16 0.050891 0.077452 0.024597 0.028110
2 0.349449 0.880682 0.011874 0.012560
3 0.367260 0.227273 0.009330 0.019139
3 0.195717 0.795156 0.008058 0.018541
4 0.059160 0.832237 0.010602 0.013756
3 0.145674 0.797249 0.007209 0.019139
3 0.151399 0.625897 0.007634 0.017344
2 0.238126 0.752691 0.012299 0.010167
2 0.069338 0.085526 0.007209 0.014354
27 0.709288 0.059510 0.017388 0.012560
27 0.720314 0.037978 0.017388 0.012560
3 0.709288 0.119019 0.013995 0.009569
3 0.741518 0.180024 0.013995 0.009569
11 0.774173 0.180323 0.010602 0.018541
11 0.773749 0.230562 0.010602 0.018541
3 0.691476 0.040072 0.013995 0.009569
4 0.731128 0.110048 0.009330 0.015550
2 0.723282 0.060407 0.008906 0.016746
2 0.685115 0.104067 0.008906 0.016746
18 0.042409 0.118720 0.008482 0.018541
18 0.041773 0.145933 0.009754 0.016746
18 0.064037 0.119318 0.010178 0.019737
18 0.063825 0.145335 0.010602 0.017943
6 0.303223 0.080742 0.017812 0.008373
3 0.082909 0.085227 0.006361 0.017344
3 0.082909 0.114833 0.006361 0.017943
3 0.177905 0.111244 0.012299 0.010766
23 0.143766 0.061603 0.011026 0.014354
23 0.316370 0.098684 0.011874 0.011962
23 0.126378 0.251196 0.011026 0.013158
23 0.297074 0.294258 0.010602 0.013158
23 0.276506 0.367225 0.010178 0.013158
23 0.269084 0.455144 0.010602 0.013158
35 0.199958 0.091507 0.008058 0.017943
35 0.199958 0.114833 0.008906 0.017943
35 0.187871 0.282895 0.011026 0.019139
35 0.187235 0.306519 0.009754 0.018541
35 0.175360 0.369019 0.011450 0.017943
35 0.038380 0.404605 0.009754 0.017344
35 0.196565 0.595694 0.013995 0.016746
35 0.481340 0.588816 0.014419 0.013756
35 0.192536 0.765849 0.015267 0.014952
6 0.291137 0.273624 0.020780 0.007775
6 0.259754 0.442883 0.019932 0.008971
6 0.163486 0.642045 0.017388 0.010167
6 0.159033 0.814294 0.017812 0.008971
6 0.446777 0.636962 0.020780 0.009569
6 0.449534 0.838218 0.019508 0.011364
4 0.161578 0.063397 0.011026 0.009569
4 0.180237 0.061603 0.011874 0.009569
4 0.199109 0.051734 0.007209 0.013756
4 0.199746 0.069677 0.006785 0.013756
4 0.282019 0.064294 0.008482 0.014952
4 0.294953 0.046053 0.007209 0.014354
4 0.326548 0.098983 0.010178 0.010167
4 0.337362 0.100179 0.010602 0.006579
4 0.362807 0.097488 0.008906 0.009569
3 0.349873 0.082536 0.015267 0.010766
3 0.400339 0.057117 0.007634 0.017344
3 0.410305 0.024222 0.013147 0.010167
2 0.395674 0.027811 0.006785 0.012560
2 0.425785 0.027213 0.010178 0.010167
4 0.150975 0.254486 0.010178 0.008971
4 0.167303 0.251196 0.008906 0.008373
4 0.189355 0.237440 0.006361 0.011962
4 0.269720 0.254785 0.007634 0.014354
4 0.282443 0.236842 0.006785 0.013158
4 0.313189 0.290371 0.008058 0.010167
4 0.324215 0.290969 0.008906 0.008971
4 0.350085 0.285287 0.008906 0.008373
4 0.337574 0.230562 0.007634 0.012560
3 0.367684 0.254785 0.009330 0.019139
3 0.169423 0.302931 0.013147 0.010167
3 0.337150 0.272129 0.015267 0.011962
2 0.513783 0.220993 0.010602 0.010167
2 0.375530 0.205144 0.012299 0.008373
3 0.018872 0.408792 0.013147 0.010167
2 0.022265 0.454545 0.010602 0.015550
2 0.190204 0.371411 0.008058 0.014354
2 0.190840 0.393242 0.009330 0.010167
2 0.271841 0.345993 0.011874 0.011364
2 0.428117 0.359450 0.007209 0.014354
4 0.040500 0.449761 0.006361 0.014354
4 0.052799 0.462321 0.007209 0.015550
4 0.127439 0.461423 0.008058 0.016148
2 0.113020 0.360646 0.011450 0.010766
4 0.153732 0.402213 0.007209 0.016148
4 0.169423 0.410586 0.006361 0.013756
4 0.063825 0.661782 0.012299 0.012560
4 0.139525 0.607656 0.006785 0.014354
4 0.137829 0.655801 0.009330 0.017344
4 0.032443 0.662978 0.008906 0.008971
2 0.124682 0.601376 0.012723 0.010167
3 0.199321 0.625897 0.007634 0.017344
3 0.229008 0.625897 0.007634 0.017344
3 0.241306 0.631280 0.007634 0.017344
2 0.199109 0.572069 0.012299 0.010167
4 0.265267 0.368720 0.010602 0.010167
4 0.286472 0.455742 0.009754 0.009569
4 0.324640 0.421651 0.008058 0.014354
4 0.347964 0.452452 0.010602 0.008971
3 0.325064 0.442883 0.013995 0.007775
3 0.447837 0.430323 0.007634 0.020933
3 0.448261 0.399821 0.007634 0.020933
3 0.432782 0.428230 0.007209 0.022727
2 0.447201 0.379486 0.011450 0.008971
4 0.425148 0.602871 0.008906 0.014354
4 0.421544 0.649821 0.006785 0.016148
4 0.464377 0.656400 0.010178 0.013756
4 0.199534 0.661782 0.009754 0.012560
4 0.180237 0.662081 0.009330 0.009569
4 0.135496 0.776914 0.005513 0.015550
4 0.176633 0.832536 0.011450 0.010766
4 0.133800 0.826555 0.008058 0.013158
3 0.225403 0.796950 0.008058 0.018541
3 0.236853 0.802333 0.008058 0.018541
3 0.237701 0.773026 0.008058 0.018541
2 0.225403 0.771232 0.012299 0.010167
2 0.240246 0.695873 0.012299 0.010167
2 0.235157 0.866328 0.012299 0.010167
2 0.235369 0.661782 0.006785 0.012560
2 0.230704 0.831938 0.006785 0.014354
2 0.176209 0.857955 0.010602 0.007775
2 0.059796 0.857656 0.011026 0.009569
2 0.121289 0.772129 0.010178 0.009569
2 0.195081 0.742225 0.011026 0.009569
2 0.229008 0.600778 0.011874 0.011364
2 0.483885 0.565789 0.010178 0.010766
2 0.513147 0.595694 0.009330 0.010766
2 0.518448 0.656100 0.007209 0.014354
2 0.465013 0.679725 0.011450 0.010167
2 0.411578 0.795156 0.008906 0.007775
2 0.526081 0.890251 0.009754 0.010167
2 0.484945 0.765251 0.010602 0.008971
2 0.515267 0.796352 0.009330 0.010167
4 0.485793 0.856758 0.010602 0.014952
4 0.426209 0.801136 0.006785 0.016148
4 0.424936 0.850179 0.006785 0.016148
4 0.349873 0.856459 0.011026 0.014354
2 0.409881 0.594797 0.010602 0.010167
3 0.435327 0.619916 0.008058 0.016148
3 0.483673 0.619617 0.007209 0.019139
3 0.512935 0.620215 0.006361 0.017943
3 0.525445 0.626794 0.006785 0.016746
3 0.526081 0.595993 0.007209 0.018541
3 0.437023 0.821471 0.008058 0.018541
3 0.485581 0.821471 0.006785 0.016148
3 0.515479 0.820873 0.008906 0.017344
3 0.527990 0.796950 0.005937 0.016148
3 0.528414 0.826854 0.006785 0.016148
