3 0.505042 0.649704 0.011765 0.030769
1 0.460084 0.412426 0.131933 0.147929
4 0.294118 0.371006 0.020168 0.024852
3 0.504622 0.602367 0.010924 0.033136
3 0.571849 0.542604 0.012605 0.034320
3 0.571849 0.447337 0.014286 0.030769
2 0.394538 0.506509 0.022689 0.021302
2 0.295378 0.505325 0.026050 0.023669
2 0.294118 0.332544 0.023529 0.023669
2 0.483613 0.689349 0.024370 0.022485
3 0.294958 0.418935 0.013445 0.033136
3 0.294538 0.465680 0.014286 0.034320
4 0.415966 0.218935 0.020168 0.023669
2 0.532353 0.336095 0.015966 0.028402
3 0.571429 0.495858 0.013445 0.033136
2 0.368908 0.433728 0.018487 0.022485
2 0.418487 0.324852 0.020168 0.029586
2 0.436975 0.177515 0.021849 0.023669
2 0.383193 0.382840 0.015126 0.024852
4 0.453782 0.211243 0.016807 0.022485
51 0.480672 0.242604 0.030252 0.018935
2 0.572269 0.411243 0.020168 0.020118
42 0.617647 0.394675 0.031933 0.020118
3 0.462185 0.651479 0.013445 0.036686
4 0.381513 0.420118 0.016807 0.026036
0 0.348739 0.386982 0.013445 0.011834
0 0.402941 0.272781 0.009244 0.020118
3 0.461765 0.602959 0.014286 0.036686
6 0.428571 0.269231 0.033613 0.010651
