18 0.184034 0.767456 0.020168 0.036686
18 0.142857 0.766272 0.021849 0.036686
18 0.226891 0.766864 0.020168 0.037870
1 0.099580 0.130178 0.073109 0.087574
2 0.396218 0.174556 0.021008 0.020118
3 0.466807 0.626036 0.012605 0.035503
1 0.157143 0.397633 0.070588 0.082840
1 0.436555 0.667456 0.041176 0.066272
1 0.770168 0.259763 0.145378 0.069822
2 0.055042 0.209467 0.024370 0.023669
3 0.357143 0.439053 0.013445 0.033136
24 0.369748 0.146746 0.033613 0.040237
2 0.647899 0.315976 0.025210 0.023669
2 0.159664 0.486391 0.023529 0.021302
3 0.193697 0.111834 0.012605 0.031953
2 0.810504 0.711834 0.022689 0.022485
29 0.844538 0.678698 0.035294 0.034320
18 0.268908 0.764497 0.020168 0.033136
2 0.640756 0.700000 0.021008 0.022485
24 0.618067 0.679290 0.031092 0.044970
2 0.466807 0.705917 0.021008 0.020118
3 0.478151 0.633728 0.013445 0.031953
3 0.171849 0.149112 0.012605 0.040237
24 0.619328 0.621302 0.033613 0.042604
29 0.844958 0.614201 0.034454 0.035503
0 0.641176 0.662722 0.011765 0.014201
4 0.042017 0.389349 0.020168 0.021302
4 0.646218 0.271598 0.018487 0.020118
2 0.356723 0.481657 0.026050 0.021302
0 0.432773 0.422485 0.013445 0.014201
4 0.663445 0.271006 0.015966 0.018935
0 0.478571 0.592308 0.014286 0.010651
3 0.218908 0.437870 0.014286 0.037870
0 0.332773 0.376923 0.008403 0.020118
2 0.638655 0.696450 0.020168 0.024852
3 0.101261 0.427219 0.027731 0.018935
35 0.079412 0.391716 0.022689 0.023669
15 0.356723 0.379882 0.027731 0.037870
4 0.210504 0.395266 0.017647 0.018935
3 0.159664 0.157396 0.011765 0.035503
22 0.374370 0.413018 0.021008 0.023669
0 0.071008 0.355030 0.014286 0.011834
30 0.453361 0.378698 0.088235 0.049704
35 0.064286 0.391716 0.022689 0.023669
35 0.187815 0.161538 0.022689 0.024852
0 0.331933 0.415976 0.008403 0.020118
3 0.102101 0.413018 0.027731 0.018935
0 0.201261 0.357396 0.014286 0.011834
0 0.391176 0.128994 0.014286 0.011834
0 0.646639 0.235503 0.014286 0.011834
0 0.194538 0.078107 0.014286 0.011834
0 0.168487 0.078107 0.014286 0.011834
0 0.469748 0.673964 0.008403 0.020118
