1 0.077731 0.385207 0.047899 0.076923
4 0.482353 0.567456 0.018487 0.027219
2 0.890756 0.492899 0.023529 0.022485
2 0.324370 0.151479 0.025210 0.023669
2 0.071849 0.452663 0.024370 0.022485
2 0.928571 0.494083 0.025210 0.022485
2 0.861765 0.493491 0.024370 0.023669
4 0.892017 0.455030 0.014286 0.022485
42 0.668067 0.685799 0.030252 0.024852
4 0.172269 0.524852 0.018487 0.024852
1 0.531933 0.315976 0.119328 0.444970
1 0.153361 0.123077 0.096639 0.163314
2 0.823950 0.494083 0.026050 0.024852
4 0.323529 0.294083 0.020168 0.027219
1 0.104202 0.544379 0.053782 0.068639
2 0.290756 0.150888 0.021849 0.022485
2 0.455462 0.566864 0.018487 0.028402
2 0.874370 0.392899 0.021008 0.023669
35 0.750420 0.695266 0.026891 0.039053
42 0.218067 0.136095 0.029412 0.014201
2 0.801681 0.549112 0.015126 0.030769
3 0.773529 0.188757 0.029412 0.015385
4 0.929412 0.454438 0.016807 0.021302
4 0.176891 0.391124 0.017647 0.024852
2 0.324790 0.333728 0.026050 0.026036
42 0.082353 0.088757 0.028571 0.018935
2 0.106303 0.417160 0.021008 0.020118
2 0.071849 0.315976 0.024370 0.023669
4 0.823950 0.455621 0.017647 0.028402
2 0.925630 0.209467 0.024370 0.021302
4 0.840336 0.355621 0.016807 0.024852
3 0.777731 0.100592 0.027731 0.014201
4 0.861765 0.456213 0.015966 0.027219
4 0.214706 0.389349 0.015966 0.021302
42 0.739076 0.101183 0.031092 0.020118
4 0.899580 0.353846 0.015966 0.016568
4 0.802941 0.355030 0.015966 0.026036
42 0.082773 0.101183 0.029412 0.015385
42 0.844538 0.610059 0.030252 0.022485
4 0.764286 0.354438 0.017647 0.024852
2 0.776891 0.685799 0.015966 0.027219
4 0.916387 0.578698 0.022689 0.023669
3 0.705462 0.684615 0.029412 0.015385
2 0.214286 0.428402 0.021849 0.023669
51 0.712605 0.331953 0.033613 0.020118
2 0.764706 0.393491 0.023529 0.022485
35 0.824370 0.198817 0.023529 0.037870
2 0.199160 0.186982 0.020168 0.021302
42 0.218487 0.124260 0.026891 0.014201
2 0.900000 0.392899 0.020168 0.021302
42 0.863025 0.153254 0.030252 0.017751
4 0.873529 0.354438 0.015966 0.022485
2 0.176891 0.428994 0.024370 0.022485
4 0.324370 0.110651 0.015126 0.022485
2 0.166387 0.223077 0.018487 0.020118
42 0.215126 0.549704 0.030252 0.020118
42 0.734874 0.189941 0.031092 0.020118
4 0.263866 0.111243 0.016807 0.021302
2 0.265126 0.150888 0.017647 0.022485
51 0.737815 0.431953 0.031933 0.021302
2 0.236555 0.428402 0.021008 0.021302
2 0.064706 0.542604 0.013445 0.027219
42 0.412605 0.171598 0.031933 0.016568
3 0.709664 0.549112 0.029412 0.014201
4 0.525210 0.608284 0.016807 0.026036
2 0.802521 0.392899 0.021849 0.021302
42 0.647479 0.348521 0.032773 0.020118
42 0.411345 0.118343 0.029412 0.016568
2 0.840336 0.393491 0.023529 0.020118
42 0.412185 0.346746 0.031092 0.016568
42 0.413445 0.266272 0.035294 0.016568
42 0.643697 0.549704 0.033613 0.022485
2 0.103782 0.186982 0.019328 0.021302
2 0.533613 0.061538 0.020168 0.018935
2 0.925630 0.392899 0.022689 0.021302
42 0.083193 0.124260 0.030252 0.016568
42 0.412605 0.136686 0.030252 0.015385
42 0.555042 0.638462 0.015966 0.048521
42 0.414706 0.479882 0.031092 0.020118
35 0.825210 0.115976 0.021849 0.040237
42 0.412605 0.148521 0.033613 0.015385
42 0.647479 0.230769 0.034454 0.021302
42 0.413025 0.449112 0.034454 0.017751
35 0.824790 0.162722 0.021008 0.034320
42 0.950420 0.331361 0.030252 0.018935
2 0.973950 0.610059 0.016807 0.029586
42 0.126471 0.377515 0.029412 0.016568
42 0.412605 0.426036 0.033613 0.016568
42 0.215546 0.501775 0.031092 0.018935
4 0.292017 0.112426 0.014286 0.021302
42 0.642437 0.466864 0.031092 0.017751
42 0.647059 0.407101 0.031933 0.021302
42 0.477311 0.614793 0.028571 0.022485
42 0.412185 0.361538 0.032773 0.017751
35 0.821849 0.079290 0.021849 0.037870
42 0.647479 0.112426 0.032773 0.021302
4 0.925210 0.354438 0.015126 0.017751
27 0.760084 0.548521 0.047899 0.024852
42 0.954622 0.431953 0.030252 0.018935
4 0.235714 0.391716 0.019328 0.021302
42 0.083193 0.147337 0.030252 0.020118
42 0.924370 0.105325 0.015126 0.040237
42 0.411765 0.230769 0.033613 0.018935
3 0.924370 0.159763 0.013445 0.035503
42 0.411345 0.326036 0.031092 0.017751
21 0.917227 0.610651 0.039496 0.028402
42 0.156723 0.561538 0.029412 0.017751
42 0.647899 0.378107 0.033613 0.020118
42 0.217647 0.148521 0.030252 0.015385
42 0.219328 0.111243 0.028571 0.016568
42 0.412605 0.412426 0.033613 0.015385
42 0.322689 0.243787 0.015126 0.044970
2 0.103361 0.049112 0.016807 0.020118
2 0.200420 0.050888 0.015966 0.021302
2 0.136134 0.223077 0.018487 0.020118
42 0.083613 0.113018 0.029412 0.015385
42 0.348739 0.088166 0.030252 0.020118
42 0.412605 0.160355 0.033613 0.015385
42 0.412605 0.252071 0.035294 0.016568
42 0.413445 0.437870 0.033613 0.016568
42 0.125630 0.390533 0.029412 0.016568
42 0.260084 0.366864 0.029412 0.016568
6 0.785714 0.427811 0.036975 0.022485
