1 0.134454 0.147337 0.089076 0.166864
1 0.047059 0.410651 0.060504 0.085207
1 0.087815 0.575148 0.057983 0.085207
1 0.514706 0.347929 0.118487 0.454438
42 0.063866 0.117160 0.038655 0.023669
42 0.065546 0.128994 0.033613 0.021302
42 0.064706 0.139645 0.031933 0.018935
42 0.065966 0.154438 0.034454 0.020118
42 0.065966 0.179290 0.037815 0.022485
42 0.307983 0.272781 0.019328 0.048521
42 0.331513 0.118343 0.036134 0.026036
42 0.200420 0.140828 0.026050 0.018935
42 0.202521 0.153846 0.031933 0.018935
42 0.202101 0.163905 0.031092 0.017751
42 0.204202 0.179290 0.033613 0.022485
42 0.107563 0.404734 0.026891 0.014201
42 0.112605 0.423077 0.036975 0.020118
42 0.198319 0.530769 0.030252 0.027219
42 0.198319 0.579290 0.033613 0.022485
42 0.141176 0.592899 0.035294 0.021302
42 0.245378 0.397633 0.038655 0.033136
42 0.394958 0.144970 0.035294 0.024852
42 0.630672 0.140828 0.036134 0.023669
42 0.630672 0.259172 0.036134 0.023669
42 0.632353 0.376923 0.027731 0.024852
42 0.631092 0.408876 0.030252 0.022485
42 0.630252 0.439645 0.031933 0.020118
42 0.626471 0.498225 0.044538 0.021302
42 0.622689 0.578698 0.033613 0.023669
42 0.394118 0.162130 0.035294 0.018935
42 0.394538 0.176331 0.034454 0.014201
42 0.391597 0.189941 0.033613 0.017751
42 0.393277 0.199408 0.031933 0.017751
42 0.393277 0.257396 0.035294 0.022485
42 0.393277 0.280473 0.036975 0.018935
42 0.394538 0.297041 0.037815 0.021302
42 0.394538 0.352071 0.037815 0.020118
42 0.394118 0.375148 0.033613 0.016568
42 0.395798 0.393491 0.042017 0.015385
42 0.392857 0.442012 0.036134 0.020118
42 0.394118 0.454438 0.038655 0.018935
42 0.395378 0.465680 0.039496 0.015385
42 0.392437 0.478107 0.036975 0.021302
42 0.397059 0.508876 0.039496 0.018935
42 0.537815 0.666272 0.021849 0.044970
42 0.460504 0.645562 0.033613 0.034320
42 0.648319 0.715385 0.037815 0.031953
42 0.824790 0.636686 0.037815 0.028402
42 0.937395 0.459763 0.036134 0.031953
42 0.932773 0.360355 0.035294 0.024852
42 0.908403 0.136095 0.021849 0.049704
42 0.847059 0.183432 0.035294 0.018935
42 0.720588 0.130769 0.039496 0.020118
42 0.718908 0.218343 0.034454 0.017751
51 0.694118 0.360355 0.031933 0.027219
51 0.718908 0.460355 0.037815 0.026036
2 0.722269 0.422485 0.026050 0.023669
2 0.747059 0.424260 0.021849 0.027219
2 0.767227 0.424852 0.018487 0.023669
2 0.786975 0.424852 0.022689 0.028402
2 0.824370 0.426036 0.023529 0.026036
2 0.855882 0.424852 0.024370 0.023669
2 0.882773 0.424260 0.024370 0.027219
2 0.909244 0.424852 0.021849 0.023669
2 0.808824 0.523669 0.022689 0.029586
2 0.844958 0.523669 0.022689 0.031953
2 0.875210 0.526036 0.022689 0.029586
2 0.910924 0.526627 0.025210 0.028402
4 0.804622 0.482840 0.026050 0.018935
4 0.840756 0.486391 0.026050 0.018935
4 0.875630 0.484615 0.026891 0.024852
4 0.911765 0.487574 0.025210 0.023669
4 0.722269 0.385207 0.022689 0.017751
4 0.747479 0.384024 0.019328 0.020118
4 0.769748 0.385207 0.021849 0.022485
4 0.788655 0.384024 0.024370 0.022485
4 0.821849 0.382249 0.020168 0.021302
4 0.858824 0.384024 0.023529 0.022485
4 0.881933 0.382840 0.021008 0.027219
4 0.907983 0.383432 0.026050 0.018935
2 0.907983 0.240237 0.031092 0.021302
3 0.908824 0.190533 0.017647 0.037870
2 0.783193 0.581065 0.021849 0.042604
3 0.694118 0.579290 0.035294 0.031953
3 0.689496 0.713018 0.027731 0.031953
2 0.760924 0.715976 0.021008 0.040237
35 0.732773 0.724852 0.028571 0.050888
27 0.744538 0.578107 0.050420 0.029586
6 0.771429 0.459763 0.047059 0.020118
4 0.902941 0.602367 0.024370 0.047337
2 0.955042 0.640237 0.021008 0.033136
21 0.901261 0.639053 0.039496 0.035503
3 0.759244 0.127811 0.029412 0.021302
3 0.757143 0.217160 0.025210 0.022485
35 0.804202 0.098817 0.023529 0.041420
35 0.802521 0.139053 0.025210 0.046154
35 0.805882 0.178698 0.023529 0.042604
35 0.806723 0.236095 0.021849 0.062722
2 0.436555 0.597041 0.021008 0.031953
4 0.467227 0.599408 0.015126 0.029586
2 0.160084 0.460355 0.024370 0.030769
2 0.086975 0.449704 0.024370 0.028402
2 0.046639 0.481657 0.029412 0.023669
2 0.044958 0.344379 0.022689 0.021302
2 0.188235 0.459172 0.025210 0.033136
2 0.218067 0.459172 0.021008 0.033136
2 0.307143 0.363314 0.024370 0.028402
2 0.305882 0.179882 0.026891 0.026036
2 0.244538 0.181065 0.030252 0.026036
2 0.088655 0.217751 0.027731 0.023669
2 0.180252 0.218343 0.021008 0.017751
2 0.120168 0.251479 0.023529 0.020118
2 0.130672 0.252071 0.015966 0.023669
2 0.139076 0.250888 0.015966 0.026036
2 0.147479 0.252071 0.017647 0.033136
2 0.087815 0.078698 0.026050 0.029586
2 0.179412 0.078107 0.024370 0.021302
4 0.247899 0.141420 0.023529 0.024852
4 0.306303 0.140828 0.021008 0.023669
4 0.306723 0.326627 0.020168 0.023669
4 0.155042 0.555621 0.024370 0.022485
2 0.517227 0.089941 0.027731 0.023669
