2 0.756723 0.705917 0.024370 0.020118
2 0.882353 0.705917 0.025210 0.020118
1 0.516387 0.211243 0.068067 0.091124
2 0.567227 0.207692 0.016807 0.027219
24 0.652941 0.669231 0.025210 0.062722
3 0.310924 0.198225 0.013445 0.031953
2 0.815126 0.705917 0.023529 0.020118
1 0.228151 0.182840 0.069748 0.065089
4 0.273109 0.141420 0.016807 0.020118
3 0.431933 0.206509 0.023529 0.013018
4 0.311345 0.247337 0.017647 0.023669
2 0.954202 0.706509 0.022689 0.018935
3 0.167227 0.188757 0.026891 0.015385
2 0.401261 0.207101 0.015966 0.030769
2 0.293697 0.101775 0.021008 0.016568
2 0.395798 0.119527 0.020168 0.016568
2 0.310924 0.285799 0.025210 0.020118
24 0.104202 0.105917 0.031933 0.043787
24 0.307563 0.828402 0.053782 0.257988
2 0.168067 0.091124 0.020168 0.021302
2 0.463445 0.181065 0.012605 0.023669
24 0.123529 0.815976 0.052101 0.249704
2 0.046639 0.189349 0.012605 0.026036
2 0.227311 0.126627 0.022689 0.021302
2 0.463866 0.242012 0.013445 0.029586
4 0.315546 0.142012 0.014286 0.016568
4 0.293277 0.142012 0.015126 0.018935
4 0.155882 0.128994 0.017647 0.018935
3 0.110504 0.175148 0.024370 0.016568
4 0.181092 0.130178 0.017647 0.021302
3 0.110504 0.201775 0.022689 0.017751
4 0.327311 0.218343 0.017647 0.022485
0 0.402521 0.071598 0.010084 0.015385
46 0.755882 0.649704 0.037815 0.052071
46 0.816387 0.653846 0.039496 0.053254
46 0.881513 0.650296 0.036975 0.050888
46 0.954202 0.651479 0.041176 0.055621
46 0.069748 0.078107 0.018487 0.018935
46 0.071008 0.132544 0.019328 0.018935
28 0.380252 0.075148 0.029412 0.055621
0 0.410924 0.095266 0.010084 0.015385
3 0.432773 0.219527 0.023529 0.013018
0 0.450420 0.193491 0.010084 0.015385
0 0.132773 0.165089 0.010084 0.015385
35 0.075210 0.168047 0.015966 0.033136
35 0.074370 0.194083 0.015966 0.033136
6 0.287395 0.175740 0.031933 0.013018
