24 0.850420 0.243195 0.033613 0.095858
1 0.163025 0.755621 0.035294 0.065089
29 0.507983 0.501183 0.066387 0.053254
24 0.302941 0.254438 0.032773 0.092308
24 0.175630 0.247929 0.026891 0.041420
24 0.610504 0.254438 0.034454 0.094675
3 0.614286 0.478698 0.028571 0.015385
24 0.150000 0.425444 0.027731 0.072189
3 0.652521 0.626627 0.029412 0.015385
3 0.315546 0.478107 0.026050 0.014201
24 0.153361 0.572189 0.026050 0.060355
29 0.663866 0.501183 0.060504 0.053254
3 0.457983 0.478698 0.026891 0.015385
24 0.732773 0.250888 0.033613 0.092308
24 0.454622 0.254438 0.033613 0.092308
24 0.307563 0.827811 0.052101 0.256805
3 0.508824 0.672781 0.027731 0.015385
29 0.367647 0.503550 0.056303 0.057988
3 0.651681 0.672781 0.031092 0.015385
35 0.598739 0.633136 0.021008 0.035503
35 0.598739 0.661538 0.021008 0.035503
35 0.560084 0.659172 0.024370 0.035503
