35 0.813445 0.515385 0.028571 0.041420
3 0.806723 0.265089 0.026891 0.016568
42 0.552941 0.230769 0.028571 0.016568
4 0.084454 0.460355 0.017647 0.018935
35 0.813025 0.625444 0.022689 0.039053
4 0.160084 0.614793 0.017647 0.022485
1 0.580672 0.649112 0.062185 0.062722
4 0.084454 0.224260 0.015966 0.020118
1 0.450840 0.221893 0.165546 0.233136
3 0.844958 0.631361 0.026050 0.015385
2 0.084454 0.334911 0.024370 0.021302
35 0.809664 0.573964 0.022689 0.037870
3 0.844958 0.567456 0.027731 0.017751
1 0.105462 0.780473 0.054622 0.060355
2 0.084874 0.257396 0.020168 0.017751
42 0.063025 0.284024 0.030252 0.018935
42 0.874370 0.230178 0.034454 0.020118
42 0.321849 0.543195 0.028571 0.018935
42 0.063025 0.597041 0.030252 0.020118
4 0.164286 0.460947 0.015966 0.020118
1 0.389916 0.578107 0.092437 0.166864
2 0.333193 0.506509 0.015966 0.030769
42 0.772269 0.633728 0.030252 0.020118
3 0.810504 0.460355 0.027731 0.014201
4 0.084454 0.301183 0.019328 0.020118
2 0.505462 0.096450 0.017647 0.020118
2 0.387395 0.677515 0.021849 0.020118
2 0.894118 0.460947 0.016807 0.027219
2 0.535714 0.715976 0.021008 0.028402
35 0.808403 0.686391 0.025210 0.040237
4 0.197899 0.300000 0.017647 0.024852
42 0.768908 0.183432 0.030252 0.021302
42 0.062605 0.443195 0.029412 0.020118
2 0.333193 0.636686 0.015966 0.030769
4 0.126471 0.460947 0.015966 0.020118
4 0.118487 0.301183 0.016807 0.020118
2 0.160084 0.647929 0.024370 0.022485
4 0.126471 0.531361 0.015966 0.021302
4 0.193697 0.224260 0.015966 0.024852
42 0.552101 0.171006 0.030252 0.017751
42 0.322269 0.579290 0.029412 0.015385
42 0.347059 0.230178 0.030252 0.017751
4 0.118908 0.224852 0.014286 0.023669
42 0.770168 0.230769 0.031092 0.018935
42 0.764286 0.378107 0.029412 0.020118
35 0.868067 0.455621 0.028571 0.042604
2 0.889916 0.124260 0.016807 0.028402
42 0.063025 0.207101 0.028571 0.018935
4 0.249160 0.614201 0.015966 0.021302
42 0.459244 0.543787 0.029412 0.017751
4 0.164286 0.530769 0.015966 0.020118
2 0.088655 0.649112 0.022689 0.020118
42 0.062185 0.514201 0.028571 0.020118
42 0.137395 0.596450 0.031092 0.021302
42 0.347899 0.172781 0.030252 0.018935
4 0.156303 0.301183 0.015126 0.022485
42 0.226050 0.632544 0.030252 0.020118
42 0.635294 0.669231 0.030252 0.017751
4 0.202101 0.460355 0.015966 0.026036
42 0.768908 0.124260 0.031933 0.021302
3 0.827731 0.082249 0.025210 0.015385
2 0.084034 0.565089 0.021849 0.017751
2 0.889916 0.183432 0.016807 0.028402
4 0.201681 0.530769 0.016807 0.024852
42 0.772269 0.461538 0.030252 0.021302
2 0.889496 0.265680 0.017647 0.027219
23 0.234454 0.297041 0.021849 0.030769
4 0.084034 0.531953 0.018487 0.017751
2 0.448739 0.637870 0.015126 0.028402
42 0.347899 0.243195 0.030252 0.015385
42 0.552941 0.196450 0.030252 0.016568
42 0.552101 0.242012 0.028571 0.015385
4 0.156303 0.224852 0.015126 0.023669
42 0.226471 0.597041 0.031092 0.020118
42 0.347899 0.278107 0.030252 0.016568
4 0.181513 0.809467 0.018487 0.021302
42 0.883613 0.633728 0.031092 0.022485
4 0.828151 0.123669 0.017647 0.022485
29 0.845798 0.373964 0.049580 0.040237
42 0.882353 0.567456 0.030252 0.022485
2 0.449160 0.507101 0.015966 0.029586
2 0.064706 0.762722 0.015126 0.027219
42 0.323109 0.604142 0.031092 0.017751
42 0.552941 0.266864 0.028571 0.015385
2 0.084874 0.492899 0.020168 0.017751
42 0.411765 0.365680 0.011765 0.037870
42 0.460504 0.368639 0.011765 0.039053
42 0.768067 0.266272 0.030252 0.021302
42 0.347479 0.265089 0.029412 0.014201
3 0.802521 0.378107 0.025210 0.015385
4 0.088655 0.620710 0.019328 0.020118
42 0.552521 0.278107 0.029412 0.016568
42 0.457143 0.579290 0.030252 0.015385
42 0.203782 0.785799 0.029412 0.018935
42 0.457983 0.568047 0.030252 0.016568
42 0.321849 0.556213 0.028571 0.014201
2 0.886134 0.377515 0.015966 0.028402
23 0.236555 0.224260 0.019328 0.034320
22 0.828151 0.182840 0.029412 0.024852
42 0.487395 0.368639 0.011765 0.041420
42 0.457563 0.603550 0.031092 0.016568
42 0.167647 0.762722 0.029412 0.017751
42 0.634034 0.655621 0.029412 0.014201
3 0.163866 0.785207 0.025210 0.015385
42 0.323109 0.567456 0.029412 0.015385
42 0.457563 0.592308 0.031092 0.015385
6 0.823109 0.227811 0.032773 0.013018
42 0.634454 0.643195 0.026891 0.015385
2 0.624790 0.630769 0.014286 0.023669
42 0.347059 0.253846 0.030252 0.015385
42 0.471429 0.368639 0.011765 0.041420
42 0.421008 0.366272 0.011765 0.039053
2 0.541176 0.182249 0.013445 0.021302
42 0.550420 0.253846 0.028571 0.015385
42 0.487395 0.083432 0.011765 0.041420
42 0.478992 0.082249 0.011765 0.041420
42 0.454622 0.082249 0.011765 0.041420
42 0.445378 0.082249 0.011765 0.041420
42 0.436975 0.082249 0.011765 0.041420
42 0.428571 0.082249 0.011765 0.041420
42 0.411765 0.082249 0.011765 0.041420
