1 0.525210 0.440828 0.129412 0.216568
18 0.210504 0.883432 0.021008 0.034320
1 0.248739 0.544379 0.055462 0.066272
1 0.236975 0.289349 0.078992 0.119527
18 0.139076 0.882840 0.019328 0.035503
2 0.891176 0.250888 0.024370 0.023669
1 0.750000 0.319527 0.047899 0.061538
4 0.831092 0.684024 0.018487 0.021302
4 0.853361 0.213018 0.017647 0.021302
18 0.110084 0.884024 0.018487 0.033136
2 0.774370 0.641420 0.026050 0.023669
2 0.849580 0.363314 0.025210 0.023669
4 0.892017 0.213018 0.014286 0.023669
2 0.811345 0.641420 0.024370 0.021302
2 0.895798 0.363314 0.025210 0.023669
4 0.849160 0.602367 0.015966 0.028402
3 0.269328 0.808876 0.027731 0.015385
4 0.811765 0.602367 0.016807 0.026036
4 0.731092 0.495266 0.018487 0.015385
2 0.714706 0.388166 0.024370 0.021302
1 0.750840 0.206509 0.047899 0.062722
18 0.176891 0.884024 0.021008 0.035503
2 0.628992 0.376923 0.017647 0.027219
4 0.336555 0.284024 0.019328 0.023669
4 0.773109 0.602367 0.018487 0.026036
2 0.836975 0.535503 0.025210 0.022485
4 0.752521 0.495858 0.017647 0.014201
2 0.852941 0.250888 0.023529 0.023669
3 0.138655 0.650888 0.013445 0.037870
4 0.895378 0.325444 0.019328 0.026036
2 0.714286 0.269822 0.023529 0.021302
4 0.378571 0.284024 0.017647 0.021302
2 0.193277 0.652071 0.020168 0.023669
2 0.584874 0.642012 0.021849 0.020118
4 0.777731 0.495858 0.017647 0.014201
4 0.849160 0.325444 0.019328 0.026036
2 0.850000 0.641420 0.024370 0.023669
4 0.802521 0.495858 0.016807 0.014201
2 0.336975 0.321893 0.023529 0.023669
2 0.880252 0.731953 0.017647 0.020118
35 0.169748 0.766272 0.030252 0.031953
2 0.190756 0.543195 0.015126 0.028402
2 0.378151 0.323077 0.025210 0.023669
3 0.534454 0.697041 0.030252 0.014201
35 0.582353 0.703550 0.026891 0.029586
4 0.302521 0.524852 0.018487 0.020118
4 0.554202 0.626627 0.014286 0.024852
2 0.236134 0.197041 0.021849 0.022485
2 0.235714 0.377515 0.019328 0.018935
2 0.618067 0.216568 0.021008 0.021302
29 0.545378 0.213609 0.050420 0.031953
23 0.836975 0.495266 0.015126 0.029586
21 0.815966 0.717160 0.026891 0.021302
3 0.269328 0.726036 0.027731 0.015385
2 0.635294 0.709467 0.018487 0.017751
2 0.803782 0.534911 0.021008 0.021302
35 0.170168 0.685799 0.027731 0.029586
35 0.166387 0.723669 0.026891 0.031953
2 0.730252 0.534320 0.021849 0.020118
6 0.731092 0.578107 0.036975 0.017751
2 0.777731 0.535503 0.019328 0.020118
4 0.386134 0.447929 0.019328 0.017751
3 0.470168 0.200592 0.026050 0.017751
35 0.167647 0.807101 0.032773 0.033136
2 0.751261 0.539053 0.021849 0.020118
