24 0.871008 0.410651 0.042857 0.101775
1 0.197059 0.365680 0.074790 0.080473
6 0.462185 0.452663 0.036975 0.013018
1 0.588655 0.405917 0.066387 0.073373
2 0.361765 0.534320 0.024370 0.027219
4 0.399160 0.488757 0.020168 0.035503
4 0.323529 0.408284 0.018487 0.033136
2 0.668487 0.510651 0.026050 0.027219
2 0.715126 0.510651 0.026891 0.027219
2 0.635294 0.510651 0.026891 0.027219
4 0.635294 0.454438 0.018487 0.035503
2 0.495798 0.315976 0.023529 0.023669
2 0.256723 0.516568 0.026050 0.027219
2 0.324790 0.533728 0.024370 0.026036
2 0.555462 0.498225 0.025210 0.026036
3 0.533613 0.357396 0.013445 0.037870
4 0.669328 0.454438 0.015966 0.035503
2 0.739496 0.291716 0.025210 0.022485
2 0.399160 0.534320 0.023529 0.024852
3 0.668487 0.330178 0.012605 0.040237
2 0.151261 0.469822 0.025210 0.026036
2 0.597479 0.292308 0.025210 0.023669
2 0.802521 0.387574 0.023529 0.022485
4 0.503782 0.407692 0.024370 0.022485
4 0.428992 0.413609 0.019328 0.034320
2 0.428992 0.533728 0.024370 0.026036
3 0.714286 0.336686 0.013445 0.041420
3 0.311765 0.357396 0.013445 0.037870
4 0.714706 0.459172 0.017647 0.037870
2 0.382773 0.302959 0.022689 0.021302
3 0.361765 0.418343 0.012605 0.039053
35 0.537815 0.312426 0.023529 0.033136
3 0.394958 0.384024 0.031933 0.013018
35 0.315546 0.311834 0.026050 0.034320
0 0.278151 0.339645 0.016807 0.016568
