1 0.392017 0.288166 0.073109 0.086391
3 0.265126 0.323669 0.012605 0.036686
1 0.462185 0.111834 0.052101 0.050888
3 0.294538 0.325444 0.012605 0.037870
1 0.190756 0.152071 0.072269 0.050888
2 0.437395 0.363314 0.026050 0.021302
2 0.500840 0.144970 0.021849 0.020118
2 0.189496 0.234320 0.026050 0.021302
3 0.059244 0.142012 0.026050 0.014201
4 0.126471 0.189349 0.017647 0.028402
4 0.273529 0.117751 0.019328 0.031953
2 0.277731 0.393491 0.024370 0.022485
4 0.399160 0.124852 0.018487 0.022485
0 0.336555 0.205325 0.015966 0.015385
3 0.248319 0.177515 0.012605 0.037870
0 0.336975 0.368639 0.015126 0.015385
3 0.369748 0.146746 0.028571 0.016568
0 0.188655 0.059763 0.015966 0.015385
35 0.119748 0.133136 0.021008 0.039053
