2 0.432773 0.353254 0.023529 0.020118
1 0.446639 0.252071 0.091597 0.165680
2 0.533193 0.301183 0.015966 0.027219
2 0.269328 0.565089 0.024370 0.022485
24 0.688235 0.433136 0.038655 0.168047
2 0.228571 0.526627 0.015126 0.026036
2 0.656303 0.364497 0.013445 0.026036
2 0.504202 0.194083 0.015126 0.026036
2 0.350420 0.195266 0.016807 0.028402
3 0.509244 0.265680 0.025210 0.015385
2 0.657143 0.413609 0.011765 0.022485
2 0.268067 0.356805 0.018487 0.024852
2 0.228571 0.392899 0.011765 0.021302
2 0.228571 0.419527 0.011765 0.020118
3 0.382353 0.229586 0.025210 0.016568
2 0.228571 0.444970 0.015126 0.018935
2 0.386975 0.302367 0.014286 0.024852
0 0.502941 0.221893 0.012605 0.015385
0 0.389916 0.276923 0.011765 0.021302
0 0.659244 0.496450 0.009244 0.020118
35 0.576471 0.614201 0.020168 0.030769
35 0.576471 0.637278 0.018487 0.027219
35 0.576471 0.663905 0.021849 0.035503
0 0.391597 0.214201 0.011765 0.021302
0 0.498739 0.279882 0.009244 0.020118
24 0.258824 0.462722 0.038655 0.168047
0 0.230672 0.470414 0.009244 0.020118
