2 0.432773 0.353846 0.023529 0.021302
1 0.446639 0.252071 0.093277 0.168047
24 0.260084 0.461538 0.041176 0.163314
2 0.533193 0.301183 0.015966 0.027219
2 0.269328 0.565089 0.024370 0.022485
2 0.228571 0.526627 0.015126 0.026036
35 0.436134 0.691124 0.025210 0.037870
2 0.504202 0.194083 0.015126 0.026036
2 0.350420 0.194675 0.016807 0.029586
3 0.509664 0.266272 0.026050 0.016568
35 0.436134 0.595858 0.025210 0.048521
2 0.268067 0.356805 0.018487 0.024852
2 0.228571 0.392899 0.011765 0.021302
3 0.382353 0.229586 0.025210 0.016568
2 0.228571 0.419527 0.011765 0.020118
2 0.228571 0.444970 0.015126 0.018935
2 0.387395 0.302367 0.015126 0.024852
0 0.502941 0.221893 0.012605 0.015385
0 0.389916 0.276923 0.011765 0.021302
35 0.435294 0.649704 0.026891 0.044970
0 0.498319 0.280473 0.011765 0.021302
0 0.393277 0.216568 0.011765 0.021302
35 0.424370 0.484024 0.023529 0.028402
35 0.441176 0.484024 0.023529 0.028402
35 0.457983 0.484024 0.023529 0.028402
