1 0.184773 0.498184 0.066724 0.054479
24 0.237810 0.677966 0.070145 0.038741
1 0.303678 0.215496 0.070145 0.094431
1 0.307956 0.496973 0.053037 0.052058
3 0.470488 0.580508 0.011976 0.035109
1 0.446108 0.218523 0.062447 0.064165
24 0.523097 0.243947 0.024808 0.090799
4 0.256202 0.424334 0.016253 0.020581
2 0.192044 0.697337 0.019675 0.016949
3 0.235672 0.446126 0.012831 0.037530
2 0.283148 0.697942 0.020530 0.015738
3 0.218135 0.606538 0.011976 0.036320
24 0.538494 0.624092 0.028229 0.042373
24 0.538494 0.563559 0.026518 0.042373
2 0.521814 0.668281 0.022241 0.016949
24 0.623182 0.404964 0.028229 0.105327
2 0.598802 0.467918 0.022241 0.015738
2 0.256630 0.456416 0.018820 0.014528
2 0.363986 0.634988 0.024808 0.020581
3 0.445252 0.406174 0.031651 0.015738
3 0.457656 0.509080 0.027374 0.015738
3 0.415740 0.446731 0.011976 0.036320
2 0.272883 0.521792 0.017109 0.016949
0 0.576989 0.385593 0.014542 0.013317
2 0.548332 0.377724 0.020530 0.016949
2 0.149701 0.604722 0.023952 0.020581
2 0.500000 0.274818 0.019675 0.016949
2 0.440975 0.607748 0.021386 0.016949
3 0.396920 0.567797 0.013687 0.033898
4 0.341745 0.567191 0.016253 0.018160
0 0.513687 0.450363 0.014542 0.014528
8 0.511548 0.509080 0.039350 0.061743
29 0.371685 0.454600 0.029940 0.049637
4 0.363986 0.567797 0.016253 0.016949
4 0.385372 0.567797 0.016253 0.026634
2 0.256630 0.286925 0.023952 0.016949
0 0.555603 0.178571 0.014542 0.013317
46 0.550470 0.349879 0.043627 0.029056
46 0.637297 0.244552 0.095808 0.101695
46 0.776732 0.237893 0.061591 0.112591
46 0.497434 0.582324 0.017964 0.038741
3 0.247220 0.607748 0.011976 0.036320
3 0.257485 0.607748 0.011976 0.036320
