2 0.505042 0.565089 0.025210 0.022485
2 0.784454 0.244379 0.017647 0.020118
1 0.421008 0.401183 0.127731 0.168047
1 0.823529 0.324852 0.060504 0.157396
2 0.669748 0.330769 0.016807 0.027219
3 0.328571 0.484024 0.015126 0.033136
2 0.168067 0.504142 0.023529 0.021302
4 0.536975 0.247337 0.016807 0.018935
24 0.288655 0.626036 0.026050 0.085207
2 0.328571 0.523669 0.025210 0.020118
3 0.063445 0.596450 0.012605 0.035503
2 0.601681 0.559763 0.025210 0.021302
2 0.064286 0.682840 0.024370 0.021302
4 0.563866 0.247929 0.016807 0.024852
2 0.870168 0.389941 0.015966 0.024852
2 0.420588 0.300000 0.019328 0.020118
4 0.504202 0.524260 0.020168 0.018935
3 0.302521 0.459763 0.013445 0.034320
2 0.483193 0.203550 0.023529 0.023669
3 0.315126 0.407101 0.026891 0.016568
3 0.395798 0.283432 0.030252 0.015385
2 0.616387 0.295858 0.014286 0.026036
2 0.869748 0.260947 0.015126 0.027219
4 0.586975 0.328994 0.017647 0.023669
35 0.058403 0.643195 0.026050 0.031953
2 0.302521 0.499408 0.021849 0.021302
3 0.151681 0.455030 0.012605 0.036686
3 0.710084 0.354438 0.028571 0.015385
4 0.542017 0.389349 0.011765 0.021302
0 0.606723 0.417751 0.008403 0.021302
3 0.554202 0.502367 0.027731 0.015385
2 0.783613 0.407101 0.017647 0.021302
4 0.580252 0.442604 0.017647 0.018935
3 0.601261 0.523669 0.012605 0.031953
0 0.242017 0.631361 0.010084 0.020118
21 0.189496 0.455030 0.015966 0.036686
4 0.589076 0.295266 0.013445 0.024852
0 0.777731 0.379290 0.010924 0.017751
2 0.287395 0.407692 0.015126 0.022485
2 0.262185 0.657396 0.015126 0.022485
2 0.594958 0.404734 0.015126 0.026036
2 0.579832 0.480473 0.023529 0.021302
4 0.499580 0.455030 0.014286 0.024852
2 0.580252 0.481065 0.022689 0.020118
4 0.542017 0.365680 0.011765 0.021302
6 0.562185 0.417160 0.035294 0.022485
3 0.710924 0.307101 0.028571 0.015385
0 0.777731 0.271598 0.010924 0.017751
