1 0.814706 0.372781 0.066387 0.082840
1 0.362605 0.316568 0.064706 0.072189
2 0.395798 0.452663 0.025210 0.022485
2 0.517647 0.338462 0.023529 0.021302
2 0.660924 0.384615 0.017647 0.030769
2 0.235714 0.381065 0.026050 0.026036
2 0.396218 0.278698 0.015966 0.020118
4 0.260504 0.282840 0.018487 0.030769
2 0.573109 0.415976 0.025210 0.022485
2 0.428992 0.398225 0.026050 0.022485
2 0.868908 0.367456 0.018487 0.029586
4 0.516807 0.301183 0.018487 0.027219
4 0.429832 0.358580 0.017647 0.026036
2 0.771849 0.416568 0.021008 0.021302
2 0.328571 0.415976 0.025210 0.022485
2 0.281513 0.243195 0.021849 0.020118
4 0.235294 0.342604 0.020168 0.024852
4 0.441176 0.300592 0.018487 0.026036
4 0.302521 0.283432 0.016807 0.027219
3 0.701681 0.400592 0.026891 0.017751
3 0.701681 0.366272 0.026891 0.015385
3 0.571849 0.376923 0.012605 0.036686
3 0.328571 0.377515 0.013445 0.035503
35 0.389496 0.415385 0.024370 0.030769
2 0.772689 0.327219 0.017647 0.022485
3 0.463445 0.330178 0.029412 0.016568
6 0.481513 0.276923 0.038655 0.014201
3 0.395798 0.366864 0.011765 0.035503
