3 0.836134 0.419527 0.011765 0.036686
2 0.877731 0.249112 0.015966 0.024852
1 0.132353 0.281657 0.069748 0.082840
1 0.906303 0.342604 0.052941 0.062722
2 0.283613 0.271598 0.017647 0.027219
1 0.597479 0.311243 0.082353 0.068639
75 0.139496 0.517751 0.023529 0.048521
75 0.189076 0.517160 0.023529 0.049704
2 0.739496 0.273373 0.023529 0.018935
3 0.768908 0.318935 0.013445 0.036686
3 0.807143 0.496450 0.012605 0.034320
4 0.693277 0.365089 0.018487 0.022485
2 0.596639 0.246154 0.023529 0.026036
1 0.834454 0.230769 0.055462 0.061538
2 0.711345 0.273964 0.021008 0.020118
2 0.173529 0.327811 0.019328 0.021302
2 0.877731 0.213018 0.015966 0.026036
2 0.685294 0.273964 0.019328 0.017751
2 0.361765 0.443787 0.026050 0.028402
2 0.077311 0.290533 0.016807 0.027219
2 0.948739 0.360355 0.015126 0.024852
2 0.694538 0.404734 0.022689 0.021302
2 0.761345 0.427811 0.021849 0.022485
3 0.664286 0.431361 0.024370 0.017751
4 0.403361 0.318935 0.018487 0.024852
4 0.361345 0.366864 0.018487 0.033136
2 0.948319 0.323669 0.015966 0.024852
4 0.730252 0.317160 0.016807 0.016568
2 0.801681 0.264497 0.018487 0.020118
3 0.361345 0.318935 0.013445 0.036686
2 0.189076 0.463314 0.023529 0.024852
2 0.807143 0.552071 0.027731 0.022485
2 0.725630 0.430178 0.014286 0.022485
3 0.664286 0.466272 0.026050 0.016568
27 0.743277 0.466272 0.014286 0.047337
3 0.836555 0.495858 0.012605 0.035503
35 0.699580 0.439053 0.024370 0.035503
4 0.709664 0.233136 0.014286 0.018935
2 0.872269 0.376331 0.018487 0.021302
3 0.807143 0.420710 0.014286 0.034320
4 0.684034 0.234320 0.016807 0.018935
0 0.861765 0.314793 0.014286 0.011834
2 0.173109 0.238462 0.018487 0.022485
35 0.476891 0.371006 0.027731 0.031953
3 0.694118 0.318343 0.013445 0.033136
0 0.138655 0.468639 0.015126 0.014201
0 0.332353 0.284615 0.014286 0.013018
0 0.769328 0.284024 0.012605 0.011834
4 0.739076 0.235503 0.017647 0.018935
35 0.507143 0.373373 0.027731 0.029586
35 0.423950 0.372189 0.024370 0.031953
2 0.764706 0.463905 0.011765 0.021302
0 0.792437 0.348521 0.011765 0.015385
3 0.244958 0.254438 0.021008 0.018935
3 0.244538 0.291124 0.021849 0.014201
35 0.542437 0.371006 0.027731 0.029586
0 0.791176 0.201775 0.014286 0.013018
10 0.780672 0.374556 0.018487 0.036686
6 0.668908 0.305917 0.035294 0.017751
