1 0.181092 0.298817 0.068067 0.088757
1 0.376471 0.331361 0.048739 0.063905
2 0.517227 0.250888 0.026050 0.021302
1 0.525630 0.334911 0.061345 0.063905
2 0.560084 0.486982 0.024370 0.017751
4 0.516807 0.213018 0.018487 0.026036
2 0.604202 0.316568 0.015126 0.022485
4 0.441176 0.343787 0.016807 0.024852
29 0.547899 0.435503 0.030252 0.071006
2 0.423950 0.328402 0.019328 0.017751
2 0.604202 0.333136 0.015126 0.022485
6 0.473109 0.327811 0.035294 0.014201
35 0.572689 0.311243 0.019328 0.030769
35 0.573109 0.326036 0.020168 0.027219
3 0.559244 0.379290 0.012605 0.029586
