1 0.525630 0.394675 0.073109 0.050888
1 0.325210 0.271006 0.065546 0.087574
24 0.392017 0.626627 0.027731 0.062722
75 0.384034 0.519527 0.025210 0.028402
4 0.563025 0.447337 0.018487 0.023669
2 0.382353 0.321893 0.023529 0.018935
2 0.235714 0.315385 0.024370 0.020118
3 0.659664 0.383432 0.028571 0.016568
3 0.693697 0.384024 0.027731 0.017751
75 0.384034 0.555030 0.025210 0.028402
4 0.483193 0.447337 0.018487 0.021302
7 0.407563 0.437278 0.013445 0.039053
2 0.444958 0.381065 0.022689 0.018935
3 0.483193 0.242604 0.030252 0.014201
2 0.563025 0.481065 0.025210 0.017751
2 0.743697 0.369822 0.023529 0.022485
2 0.483193 0.481065 0.021849 0.017751
0 0.445798 0.415976 0.014286 0.013018
35 0.510084 0.315976 0.023529 0.040237
35 0.563866 0.305917 0.028571 0.034320
