1 0.695798 0.633728 0.097479 0.112426
1 0.160504 0.820118 0.097479 0.066272
2 0.110084 0.959763 0.025210 0.021302
2 0.685714 0.247929 0.025210 0.024852
3 0.109664 0.878107 0.012605 0.030769
2 0.609244 0.434320 0.023529 0.021302
3 0.172689 0.578698 0.022689 0.016568
3 0.067227 0.850296 0.011765 0.034320
2 0.798319 0.101775 0.016807 0.026036
1 0.315126 0.130178 0.072269 0.054438
3 0.062605 0.437278 0.024370 0.017751
1 0.687815 0.183432 0.054622 0.061538
3 0.391597 0.436095 0.023529 0.017751
2 0.046639 0.815385 0.014286 0.026036
3 0.391176 0.401775 0.022689 0.015385
2 0.763866 0.307101 0.023529 0.020118
1 0.044118 0.136095 0.036134 0.063905
2 0.605882 0.527219 0.021849 0.017751
2 0.576471 0.715976 0.023529 0.021302
3 0.063445 0.578698 0.022689 0.016568
3 0.392017 0.460355 0.022689 0.016568
2 0.511765 0.095858 0.016807 0.028402
2 0.101261 0.150296 0.022689 0.023669
24 0.876050 0.465680 0.031092 0.039053
3 0.063445 0.508876 0.024370 0.016568
4 0.782353 0.628994 0.013445 0.022485
3 0.172689 0.555030 0.022689 0.014201
4 0.638655 0.194083 0.020168 0.018935
3 0.286555 0.454438 0.023529 0.016568
3 0.063445 0.395858 0.022689 0.017751
2 0.786975 0.532544 0.021008 0.021302
3 0.173109 0.454438 0.023529 0.016568
3 0.065966 0.720118 0.021008 0.015385
3 0.175630 0.519527 0.021849 0.016568
2 0.916387 0.441420 0.017647 0.026036
2 0.265126 0.310651 0.024370 0.020118
3 0.172269 0.626627 0.023529 0.015385
3 0.265546 0.234911 0.011765 0.039053
2 0.761345 0.429586 0.023529 0.018935
3 0.172269 0.395858 0.021849 0.015385
2 0.660084 0.724260 0.015966 0.028402
2 0.269748 0.888166 0.023529 0.020118
3 0.285714 0.695858 0.021849 0.016568
2 0.866807 0.549112 0.021008 0.021302
3 0.063866 0.644970 0.023529 0.016568
3 0.066387 0.696450 0.021849 0.017751
35 0.090756 0.366864 0.018487 0.033136
4 0.202101 0.188757 0.017647 0.036686
4 0.269328 0.851479 0.019328 0.024852
3 0.606303 0.595266 0.027731 0.014201
4 0.763025 0.270414 0.016807 0.027219
29 0.785294 0.581657 0.032773 0.031953
4 0.164286 0.189941 0.017647 0.034320
3 0.285294 0.365680 0.024370 0.016568
3 0.286134 0.591124 0.022689 0.015385
4 0.108824 0.921893 0.021008 0.021302
3 0.403361 0.507101 0.023529 0.015385
75 0.863025 0.704142 0.023529 0.030769
42 0.407983 0.118343 0.029412 0.018935
42 0.836555 0.237870 0.032773 0.018935
3 0.063025 0.372189 0.023529 0.015385
3 0.402941 0.484024 0.022689 0.016568
3 0.172689 0.603550 0.022689 0.016568
2 0.760924 0.746154 0.024370 0.020118
24 0.356303 0.821893 0.026891 0.041420
2 0.768067 0.652071 0.015126 0.023669
2 0.896218 0.729586 0.021008 0.017751
3 0.176471 0.496450 0.025210 0.015385
42 0.557983 0.385799 0.030252 0.021302
3 0.286555 0.637870 0.023529 0.016568
3 0.063445 0.667456 0.022689 0.016568
4 0.386975 0.218935 0.019328 0.030769
4 0.067227 0.897633 0.020168 0.017751
3 0.286134 0.566864 0.024370 0.016568
3 0.172269 0.372781 0.025210 0.016568
42 0.836555 0.695858 0.014286 0.037870
3 0.286555 0.721302 0.021849 0.015385
3 0.786555 0.199408 0.013445 0.039053
3 0.063866 0.462130 0.025210 0.017751
14 0.761765 0.705917 0.019328 0.029586
3 0.286134 0.519527 0.022689 0.016568
3 0.285714 0.430769 0.021849 0.016568
28 0.761765 0.384024 0.049580 0.039053
26 0.874370 0.371598 0.022689 0.026036
3 0.286134 0.495858 0.022689 0.016568
35 0.215546 0.366864 0.024370 0.035503
29 0.560924 0.581065 0.032773 0.035503
3 0.172269 0.431361 0.021849 0.015385
4 0.815966 0.694083 0.016807 0.024852
3 0.786555 0.136095 0.011765 0.035503
3 0.286555 0.389941 0.025210 0.017751
2 0.114286 0.547337 0.020168 0.022485
42 0.534874 0.166272 0.031092 0.020118
35 0.319748 0.359763 0.021008 0.033136
3 0.063445 0.531953 0.024370 0.017751
3 0.286555 0.661538 0.021849 0.016568
35 0.089496 0.431953 0.015966 0.028402
3 0.331933 0.195858 0.028571 0.013018
2 0.891597 0.410651 0.021849 0.021302
29 0.867227 0.591716 0.031933 0.040237
3 0.063445 0.603550 0.024370 0.018935
6 0.744538 0.189349 0.033613 0.011834
3 0.390756 0.377515 0.025210 0.016568
4 0.639076 0.576331 0.019328 0.016568
29 0.578151 0.677515 0.025210 0.031953
4 0.077311 0.815385 0.013445 0.021302
35 0.447059 0.370414 0.021849 0.035503
5 0.297059 0.197041 0.024370 0.022485
42 0.067227 0.950888 0.015126 0.039053
42 0.226891 0.087574 0.016807 0.037870
29 0.636555 0.725444 0.026050 0.042604
35 0.089076 0.401183 0.016807 0.030769
28 0.609664 0.384024 0.047899 0.039053
22 0.620168 0.072781 0.015126 0.031953
42 0.679832 0.046154 0.035294 0.018935
8 0.576471 0.165089 0.028571 0.039053
42 0.912185 0.373373 0.031092 0.020118
2 0.253782 0.814793 0.015126 0.034320
2 0.240336 0.524852 0.016807 0.020118
22 0.576471 0.070414 0.015126 0.027219
2 0.350000 0.517160 0.019328 0.021302
42 0.663445 0.379290 0.031092 0.020118
35 0.087395 0.466272 0.018487 0.033136
35 0.089916 0.501775 0.018487 0.033136
35 0.089076 0.538462 0.018487 0.033136
35 0.089076 0.572781 0.018487 0.035503
35 0.089916 0.607101 0.018487 0.033136
35 0.089916 0.673373 0.018487 0.033136
35 0.090756 0.639053 0.018487 0.033136
35 0.090756 0.693491 0.018487 0.033136
35 0.089916 0.730178 0.018487 0.033136
35 0.216807 0.633136 0.018487 0.033136
35 0.216807 0.598817 0.018487 0.033136
35 0.217647 0.585799 0.018487 0.033136
35 0.215966 0.550296 0.018487 0.033136
35 0.215126 0.526627 0.018487 0.033136
35 0.216807 0.489941 0.018487 0.033136
35 0.214286 0.460355 0.018487 0.033136
35 0.214286 0.426036 0.018487 0.033136
35 0.215126 0.402367 0.018487 0.033136
35 0.320168 0.394083 0.018487 0.033136
35 0.321008 0.423669 0.018487 0.033136
35 0.321008 0.461538 0.018487 0.033136
35 0.321008 0.489941 0.018487 0.033136
35 0.321008 0.526627 0.016807 0.033136
35 0.321008 0.560947 0.016807 0.033136
35 0.320168 0.598817 0.016807 0.033136
35 0.321008 0.633136 0.016807 0.033136
35 0.320168 0.667456 0.016807 0.033136
35 0.320168 0.692308 0.016807 0.033136
35 0.321008 0.727811 0.016807 0.033136
35 0.447059 0.515976 0.016807 0.033136
35 0.447059 0.479290 0.016807 0.033136
35 0.446218 0.465089 0.016807 0.033136
35 0.447059 0.433136 0.016807 0.033136
35 0.446218 0.407101 0.016807 0.033136
2 0.475210 0.402367 0.019328 0.021302
26 0.871008 0.398817 0.022689 0.026036
6 0.889496 0.688757 0.012605 0.047337
3 0.547899 0.096450 0.025210 0.017751
2 0.585294 0.639053 0.015966 0.028402
4 0.906303 0.688757 0.021008 0.021302
