4 0.215224 0.788240 0.013731 0.017270
3 0.454328 0.128701 0.019104 0.012336
24 0.817910 0.550987 0.019104 0.044408
1 0.204478 0.561678 0.067463 0.075658
1 0.171045 0.816201 0.053134 0.043586
3 0.328955 0.203536 0.009552 0.023849
24 0.685373 0.689556 0.021493 0.043586
3 0.065373 0.914885 0.010149 0.025493
2 0.481493 0.217516 0.016119 0.017270
4 0.468955 0.079359 0.014925 0.017270
2 0.394328 0.235197 0.014925 0.014803
2 0.286567 0.218339 0.017910 0.017270
1 0.391642 0.164885 0.063284 0.053454
2 0.678507 0.575247 0.013731 0.013980
4 0.531343 0.592928 0.011940 0.011513
4 0.271343 0.903783 0.013731 0.018092
24 0.185075 0.414474 0.019104 0.047697
4 0.498806 0.590872 0.012537 0.015625
2 0.328955 0.231086 0.017910 0.016447
3 0.522090 0.675576 0.008955 0.030428
3 0.148358 0.638569 0.011343 0.025493
24 0.188060 0.336349 0.019104 0.044408
3 0.394328 0.713816 0.010149 0.024671
3 0.522687 0.725740 0.010149 0.023849
3 0.298507 0.596217 0.019104 0.011513
3 0.285672 0.192023 0.011343 0.025493
2 0.498806 0.754523 0.014925 0.013980
0 0.530746 0.147204 0.009552 0.008224
3 0.153134 0.682977 0.022090 0.012336
49 0.335224 0.780839 0.024478 0.033717
3 0.640000 0.679276 0.021493 0.011513
2 0.172537 0.372122 0.014328 0.012336
0 0.283582 0.334293 0.009552 0.009046
4 0.543582 0.593339 0.012537 0.012336
4 0.085970 0.577303 0.013134 0.013158
3 0.320299 0.508635 0.020896 0.013980
4 0.295224 0.425164 0.012537 0.011513
3 0.294925 0.374589 0.015522 0.012336
3 0.498209 0.724918 0.010149 0.023849
3 0.310746 0.886513 0.023284 0.009868
24 0.517313 0.462993 0.020896 0.029605
4 0.283284 0.421464 0.012537 0.012336
2 0.098507 0.495066 0.015522 0.018092
3 0.122985 0.813322 0.017910 0.011513
42 0.432537 0.247533 0.008955 0.027961
4 0.627463 0.592928 0.010746 0.011513
8 0.393134 0.620066 0.020896 0.026316
4 0.602985 0.592516 0.013134 0.010691
4 0.591642 0.591283 0.011940 0.011513
4 0.253731 0.456826 0.016716 0.013980
4 0.328657 0.136513 0.012537 0.013158
0 0.203881 0.749589 0.012537 0.009046
3 0.310448 0.923931 0.022687 0.010691
3 0.307761 0.557155 0.020896 0.012336
4 0.567463 0.592516 0.012537 0.010691
4 0.319701 0.425164 0.013731 0.014803
4 0.103881 0.800164 0.011940 0.013158
4 0.532239 0.173520 0.014925 0.014803
2 0.423582 0.119243 0.013731 0.018092
4 0.139403 0.609786 0.012537 0.020559
4 0.555522 0.592928 0.012537 0.011513
3 0.140000 0.528783 0.018507 0.011513
2 0.343582 0.106908 0.014925 0.016447
4 0.136716 0.486431 0.013134 0.020559
4 0.498806 0.679276 0.012537 0.014803
3 0.286567 0.140214 0.009552 0.022204
4 0.306269 0.423520 0.013134 0.013158
4 0.615522 0.592516 0.011940 0.012336
4 0.639403 0.592516 0.013134 0.013980
4 0.342985 0.424342 0.011343 0.013158
6 0.392239 0.469572 0.009552 0.032895
4 0.331343 0.425164 0.013134 0.013158
2 0.214925 0.760691 0.015522 0.014803
0 0.159701 0.476974 0.011343 0.009868
4 0.436119 0.164885 0.010149 0.015625
22 0.122388 0.747122 0.013134 0.023849
2 0.394627 0.742599 0.016716 0.014803
0 0.285970 0.112664 0.010746 0.008224
4 0.480299 0.170641 0.012537 0.017270
4 0.498507 0.171464 0.013134 0.013980
0 0.176716 0.299342 0.010746 0.009868
4 0.388060 0.426398 0.013134 0.018914
24 0.515224 0.422286 0.020299 0.030428
4 0.579403 0.591283 0.011343 0.013158
2 0.253134 0.428454 0.013134 0.016447
4 0.116716 0.621711 0.013731 0.009868
2 0.254030 0.586760 0.014925 0.015625
42 0.468955 0.051398 0.008955 0.032072
6 0.456418 0.155016 0.022090 0.010691
4 0.477910 0.128701 0.010149 0.015625
4 0.514328 0.172697 0.014925 0.014803
3 0.446567 0.226562 0.019104 0.012336
3 0.420299 0.227385 0.019104 0.012336
0 0.274627 0.471628 0.009552 0.009046
2 0.306866 0.331826 0.014328 0.012336
4 0.355522 0.424342 0.012537 0.013158
4 0.098507 0.606086 0.013134 0.013158
4 0.275224 0.561266 0.016716 0.013980
3 0.325672 0.534951 0.020896 0.013980
3 0.310149 0.622533 0.019701 0.011513
3 0.363582 0.654605 0.019104 0.011513
2 0.284179 0.451480 0.013134 0.016447
2 0.068657 0.593750 0.015522 0.018092
2 0.084776 0.604441 0.013134 0.016447
2 0.099701 0.629112 0.015522 0.018092
0 0.088955 0.643092 0.011940 0.009868
2 0.111940 0.568257 0.011343 0.019737
5 0.330746 0.597039 0.010746 0.019737
5 0.342687 0.509868 0.013134 0.018092
5 0.406269 0.504523 0.011343 0.018914
8 0.411045 0.575658 0.020896 0.026316
5 0.274328 0.494655 0.011343 0.015625
0 0.123582 0.532072 0.007164 0.013158
11 0.086269 0.668997 0.012537 0.027138
2 0.488955 0.622533 0.016716 0.014803
3 0.499403 0.650905 0.008955 0.030428
20 0.083881 0.942434 0.014925 0.029605
5 0.752537 0.444490 0.011343 0.018914
5 0.752537 0.485609 0.011343 0.018914
5 0.751940 0.527549 0.011343 0.018914
5 0.752537 0.568668 0.011343 0.018914
0 0.600299 0.569079 0.010149 0.009868
3 0.665672 0.622533 0.021493 0.011513
35 0.309851 0.355263 0.016716 0.023026
35 0.680299 0.601974 0.017313 0.019737
