24 0.160714 0.043697 0.022619 0.021849
3 0.532738 0.855882 0.009524 0.024370
3 0.582738 0.594958 0.007143 0.025210
1 0.707143 0.368067 0.066667 0.058824
3 0.443750 0.318908 0.010119 0.024370
3 0.894940 0.662605 0.008929 0.026050
1 0.475893 0.792437 0.050595 0.109244
1 0.707440 0.153361 0.072024 0.057983
1 0.738690 0.760084 0.051190 0.059664
3 0.044940 0.792437 0.008929 0.025210
3 0.044940 0.845798 0.008929 0.024370
2 0.383929 0.829412 0.016667 0.016807
3 0.583036 0.558403 0.007738 0.026050
2 0.473810 0.973529 0.016667 0.014286
2 0.043155 0.339496 0.010119 0.020168
3 0.220238 0.478151 0.007143 0.025210
3 0.897917 0.138235 0.018452 0.010924
4 0.306548 0.545378 0.015476 0.016807
1 0.365774 0.592017 0.067262 0.054622
2 0.045833 0.631513 0.017857 0.015966
4 0.780060 0.401681 0.012500 0.020168
3 0.044643 0.716387 0.009524 0.026050
2 0.966667 0.354202 0.013095 0.022689
3 0.407440 0.319748 0.010119 0.024370
4 0.807738 0.402101 0.011905 0.022689
1 0.943452 0.634034 0.051190 0.061345
2 0.345536 0.825210 0.016071 0.016807
2 0.518750 0.547899 0.014881 0.018487
2 0.045238 0.878571 0.017857 0.014286
4 0.140179 0.238235 0.013690 0.015966
1 0.940774 0.134454 0.044643 0.065546
2 0.627976 0.225210 0.019048 0.015126
3 0.704762 0.600000 0.009524 0.028571
1 0.356845 0.516387 0.035119 0.042857
2 0.780060 0.224790 0.018452 0.014286
3 0.645536 0.361345 0.008929 0.023529
3 0.677679 0.721008 0.010119 0.026891
3 0.045536 0.671429 0.010119 0.025210
1 0.387202 0.203361 0.066071 0.060504
4 0.655060 0.619748 0.012500 0.026050
2 0.045536 0.515546 0.017262 0.015966
1 0.561905 0.483193 0.038095 0.043697
3 0.290179 0.435714 0.023214 0.012605
4 0.657143 0.190336 0.014286 0.017647
30 0.601190 0.103782 0.033333 0.049580
2 0.583036 0.673109 0.018452 0.013445
3 0.645536 0.146218 0.008929 0.023529
30 0.602381 0.320168 0.028571 0.047059
2 0.820833 0.666807 0.017857 0.014286
1 0.383929 0.781513 0.044048 0.038655
3 0.704762 0.646218 0.009524 0.026891
3 0.045833 0.553782 0.010714 0.025210
4 0.779762 0.187815 0.014286 0.015966
3 0.497321 0.494118 0.018452 0.011765
3 0.240179 0.289076 0.008929 0.025210
4 0.808036 0.187395 0.012500 0.020168
1 0.100000 0.339076 0.075000 0.029412
4 0.094643 0.179832 0.010714 0.018487
2 0.905060 0.417647 0.016071 0.015126
1 0.166369 0.190756 0.036310 0.035294
2 0.075298 0.752101 0.014881 0.015126
4 0.821429 0.638235 0.011905 0.019328
2 0.468155 0.469328 0.010119 0.019328
4 0.309524 0.232353 0.011905 0.019328
1 0.779167 0.620588 0.052381 0.037815
1 0.074702 0.221849 0.045833 0.036975
2 0.520536 0.184454 0.010119 0.019328
2 0.036310 0.244958 0.014286 0.015966
2 0.969940 0.189496 0.016071 0.015966
2 0.705655 0.435294 0.018452 0.013445
2 0.099107 0.526891 0.016071 0.015126
2 0.341964 0.679412 0.011310 0.017647
3 0.290774 0.755462 0.018452 0.013445
2 0.932143 0.791597 0.017857 0.016807
4 0.479167 0.184034 0.014286 0.016807
30 0.283333 0.155042 0.027381 0.046218
51 0.611905 0.495378 0.021429 0.012605
3 0.365476 0.318908 0.009524 0.024370
2 0.140179 0.266387 0.017262 0.013445
3 0.193750 0.289076 0.008929 0.025210
3 0.869048 0.775630 0.009524 0.023529
2 0.766369 0.805882 0.013690 0.021849
22 0.413393 0.872689 0.022024 0.017647
4 0.491667 0.461765 0.014286 0.015966
1 0.934226 0.348319 0.031548 0.044538
2 0.408333 0.656723 0.017857 0.017647
3 0.217560 0.288655 0.008929 0.024370
2 0.919643 0.088235 0.011905 0.020168
4 0.074107 0.725630 0.013690 0.014286
2 0.620833 0.272689 0.010714 0.021008
3 0.509524 0.137395 0.008333 0.026050
4 0.408631 0.624790 0.013690 0.019328
3 0.559524 0.646639 0.009524 0.024370
2 0.869345 0.803361 0.017262 0.015126
3 0.223214 0.688655 0.019048 0.012605
3 0.905060 0.385294 0.008929 0.022689
3 0.315179 0.705042 0.017262 0.011765
3 0.232440 0.612185 0.017262 0.014286
3 0.044048 0.441176 0.008333 0.023529
3 0.220238 0.431933 0.009524 0.023529
3 0.401786 0.142857 0.021429 0.011765
2 0.386905 0.388655 0.016667 0.012605
4 0.780655 0.587395 0.014881 0.016807
3 0.327083 0.070588 0.019643 0.010084
4 0.509821 0.856723 0.011310 0.015966
3 0.890476 0.103361 0.009524 0.025210
2 0.964583 0.724790 0.016071 0.015966
3 0.291964 0.318487 0.008929 0.026891
3 0.044940 0.598319 0.010119 0.023529
2 0.141964 0.440336 0.010119 0.016807
3 0.428274 0.070588 0.018452 0.010084
4 0.658036 0.403782 0.013690 0.014286
3 0.303571 0.654622 0.017857 0.011765
2 0.598512 0.542437 0.014881 0.012605
4 0.598512 0.511765 0.012500 0.013445
3 0.440179 0.171849 0.018452 0.010924
3 0.316667 0.755462 0.019048 0.011765
3 0.479464 0.318487 0.008929 0.025210
4 0.074702 0.495798 0.013690 0.015126
2 0.244940 0.749580 0.017262 0.016807
3 0.705060 0.720588 0.010119 0.027731
2 0.637798 0.783613 0.017262 0.019328
4 0.422619 0.582773 0.010714 0.017647
3 0.157738 0.700420 0.017857 0.012605
3 0.965179 0.695798 0.008929 0.021849
3 0.366369 0.108403 0.020833 0.011765
2 0.532738 0.886975 0.016667 0.015966
3 0.158036 0.831092 0.019643 0.011765
1 0.283631 0.470168 0.077976 0.032773
2 0.908036 0.610924 0.010119 0.018487
3 0.044643 0.481513 0.010714 0.026891
2 0.217560 0.320168 0.018452 0.013445
2 0.235417 0.249580 0.016071 0.011765
3 0.336012 0.436555 0.017262 0.010924
3 0.720238 0.310504 0.019048 0.012605
2 0.903571 0.336134 0.010714 0.021849
4 0.628274 0.184034 0.012500 0.020168
2 0.461905 0.279832 0.014286 0.011765
4 0.636607 0.749160 0.013690 0.022689
2 0.302976 0.107983 0.009524 0.021008
6 0.459821 0.506723 0.012500 0.035294
23 0.220833 0.565966 0.011905 0.019328
4 0.797321 0.135294 0.011310 0.018487
3 0.887798 0.629832 0.017262 0.010924
22 0.396131 0.481092 0.012500 0.022689
3 0.762202 0.347899 0.018452 0.011765
2 0.243750 0.497059 0.014881 0.014286
2 0.780357 0.444538 0.019048 0.015126
23 0.796726 0.309244 0.013690 0.018487
4 0.345833 0.797899 0.011905 0.019328
22 0.439583 0.918908 0.018452 0.019328
16 0.950595 0.757143 0.029762 0.026891
2 0.448512 0.727731 0.012500 0.018487
2 0.448512 0.850420 0.012500 0.015126
2 0.071131 0.190756 0.016071 0.015126
25 0.833631 0.401681 0.008929 0.025210
3 0.497321 0.544538 0.018452 0.011765
2 0.363393 0.458824 0.014881 0.016807
4 0.363690 0.430672 0.011905 0.017647
3 0.497917 0.600840 0.018452 0.013445
2 0.738393 0.708403 0.014881 0.018487
2 0.220536 0.594118 0.013690 0.013445
30 0.131845 0.127731 0.031548 0.038655
2 0.309821 0.273950 0.017262 0.015126
4 0.773512 0.788235 0.013690 0.015126
4 0.338393 0.239496 0.013690 0.015126
3 0.541369 0.628992 0.019643 0.010924
7 0.119345 0.080252 0.010119 0.029412
4 0.119345 0.226891 0.011310 0.016807
25 0.833036 0.187815 0.010119 0.027731
4 0.797619 0.347479 0.011905 0.017647
22 0.856548 0.620588 0.015476 0.015966
4 0.627976 0.395378 0.013095 0.019328
3 0.764881 0.134034 0.019048 0.012605
4 0.098214 0.386975 0.015476 0.019328
3 0.436905 0.107983 0.020238 0.010924
3 0.827381 0.091597 0.009524 0.023529
35 0.754464 0.305882 0.019643 0.023529
3 0.326786 0.318067 0.010714 0.022689
4 0.047321 0.179832 0.011310 0.020168
3 0.827381 0.301261 0.010714 0.026050
2 0.113690 0.151261 0.010714 0.018487
15 0.904464 0.750000 0.022024 0.031092
4 0.476190 0.238235 0.013095 0.019328
0 0.655357 0.562185 0.008333 0.006723
22 0.425893 0.480252 0.012500 0.019328
4 0.461607 0.238235 0.011310 0.017647
16 0.492560 0.927731 0.026786 0.028571
4 0.939881 0.696639 0.013095 0.016807
2 0.438988 0.581933 0.012500 0.015966
3 0.122024 0.311345 0.019048 0.010924
2 0.620536 0.059664 0.008929 0.020168
2 0.387798 0.270168 0.016071 0.015966
42 0.856548 0.163866 0.022619 0.016807
4 0.161607 0.440756 0.012500 0.017647
23 0.477976 0.142437 0.014286 0.017647
7 0.130655 0.079412 0.008929 0.027731
21 0.451786 0.071008 0.017857 0.017647
4 0.769048 0.255882 0.011905 0.017647
2 0.705952 0.221008 0.017857 0.013445
6 0.216071 0.195798 0.022619 0.010084
35 0.804167 0.715966 0.017857 0.025210
23 0.797619 0.095798 0.013095 0.018487
30 0.263393 0.673529 0.032738 0.049580
2 0.838988 0.347899 0.010119 0.020168
35 0.754762 0.092857 0.019048 0.022689
2 0.408631 0.519748 0.016071 0.015966
51 0.817857 0.772689 0.022619 0.015966
3 0.645238 0.114706 0.010714 0.026050
0 0.875000 0.353782 0.011905 0.010084
2 0.910417 0.166807 0.014881 0.015966
4 0.319345 0.637815 0.013690 0.015126
23 0.517857 0.518067 0.013095 0.022689
27 0.038690 0.111765 0.016667 0.011765
42 0.062798 0.077731 0.008929 0.032773
42 0.163690 0.151261 0.021429 0.011765
42 0.234524 0.155882 0.009524 0.029412
52 0.148512 0.096639 0.020833 0.011765
2 0.196726 0.094958 0.016071 0.015126
2 0.136905 0.188235 0.010714 0.018487
4 0.236012 0.218067 0.013690 0.015966
25 0.252679 0.219328 0.008929 0.023529
35 0.202083 0.242857 0.016071 0.026891
35 0.289286 0.354622 0.019048 0.025210
35 0.324702 0.355462 0.016071 0.023529
35 0.363095 0.357563 0.015476 0.022689
35 0.405655 0.356723 0.017262 0.021008
35 0.441071 0.356723 0.016667 0.021008
35 0.476488 0.357143 0.018452 0.021849
25 0.499702 0.235294 0.008929 0.023529
7 0.442560 0.269748 0.008929 0.026891
35 0.487798 0.112605 0.018452 0.021849
35 0.441369 0.138655 0.018452 0.021849
6 0.447321 0.213025 0.023214 0.010924
3 0.328571 0.197059 0.010714 0.022689
3 0.326786 0.165126 0.010714 0.022689
20 0.366964 0.066387 0.018452 0.023529
36 0.098214 0.470588 0.032143 0.038655
36 0.096131 0.588235 0.030357 0.036975
36 0.098214 0.699580 0.032143 0.041176
36 0.097024 0.831933 0.033333 0.038655
2 0.045536 0.751681 0.017262 0.015966
22 0.244643 0.718067 0.011905 0.015966
3 0.315179 0.680672 0.017262 0.011765
3 0.319048 0.610084 0.017857 0.011765
3 0.315774 0.730252 0.017262 0.011765
3 0.372024 0.558824 0.017857 0.011765
3 0.469345 0.591176 0.017262 0.014286
3 0.496726 0.521008 0.018452 0.013445
3 0.158929 0.588655 0.017857 0.012605
3 0.160119 0.471008 0.017857 0.012605
8 0.583036 0.630252 0.020833 0.031933
6 0.755952 0.569328 0.022619 0.010924
35 0.785119 0.742017 0.017857 0.025210
25 0.800298 0.789496 0.012500 0.022689
3 0.769048 0.698319 0.019048 0.013445
2 0.705060 0.680672 0.014881 0.018487
2 0.737798 0.600000 0.014881 0.018487
2 0.698512 0.763866 0.014881 0.018487
2 0.896429 0.697059 0.017857 0.014286
3 0.646131 0.328571 0.008929 0.023529
2 0.628274 0.431933 0.018452 0.013445
6 0.765476 0.376471 0.025000 0.011765
35 0.803274 0.276471 0.017262 0.026891
35 0.806548 0.062605 0.019048 0.022689
42 0.848214 0.378992 0.022619 0.016807
42 0.514881 0.213445 0.022619 0.016807
3 0.685119 0.271849 0.019048 0.012605
3 0.685714 0.059244 0.019048 0.012605
3 0.720238 0.097059 0.019048 0.012605
3 0.756548 0.060084 0.019048 0.012605
6 0.764881 0.162185 0.025000 0.011765
2 0.838690 0.117647 0.011905 0.020168
4 0.768155 0.042017 0.011310 0.018487
3 0.887202 0.386134 0.008929 0.022689
0 0.855357 0.140336 0.011905 0.010084
35 0.257738 0.616807 0.017857 0.025210
35 0.133929 0.468908 0.017857 0.025210
35 0.132738 0.584034 0.017857 0.025210
35 0.132143 0.697479 0.017857 0.025210
35 0.131548 0.826891 0.017857 0.025210
