1 0.080672 0.137278 0.052101 0.099408
1 0.261345 0.442012 0.080672 0.053254
24 0.286975 0.082249 0.036134 0.043787
4 0.308824 0.478107 0.015966 0.026036
24 0.286975 0.176923 0.037815 0.041420
3 0.143277 0.302367 0.029412 0.015385
2 0.328151 0.198817 0.022689 0.021302
2 0.202521 0.535503 0.025210 0.022485
2 0.328571 0.102959 0.023529 0.021302
2 0.307563 0.517160 0.026891 0.023669
4 0.202101 0.489349 0.019328 0.031953
3 0.168067 0.353254 0.011765 0.039053
2 0.354202 0.446154 0.019328 0.021302
3 0.097479 0.431953 0.026891 0.014201
3 0.328992 0.431953 0.027731 0.016568
35 0.123950 0.363905 0.026050 0.031953
11 0.067647 0.430769 0.017647 0.037870
3 0.155882 0.113609 0.026050 0.016568
3 0.155462 0.148521 0.026891 0.017751
35 0.058824 0.363314 0.028571 0.033136
