3 0.702101 0.348521 0.012605 0.039053
1 0.295798 0.349112 0.089076 0.111243
1 0.626471 0.372781 0.081513 0.075740
1 0.438235 0.614793 0.074790 0.088757
2 0.435714 0.347929 0.015966 0.028402
4 0.764286 0.300592 0.022689 0.023669
2 0.792857 0.301183 0.017647 0.029586
2 0.686134 0.475148 0.027731 0.024852
3 0.731513 0.348521 0.012605 0.039053
4 0.684874 0.436095 0.018487 0.031953
3 0.368908 0.608284 0.023529 0.009467
2 0.538235 0.445562 0.026050 0.024852
2 0.152521 0.348521 0.015966 0.027219
3 0.559244 0.372189 0.027731 0.013018
30 0.617227 0.607692 0.059664 0.048521
0 0.685294 0.274556 0.015966 0.014201
35 0.710504 0.380473 0.024370 0.031953
2 0.669328 0.326036 0.017647 0.020118
0 0.207143 0.350296 0.009244 0.018935
2 0.340756 0.616568 0.014286 0.028402
0 0.383193 0.348521 0.013445 0.017751
35 0.681513 0.366272 0.023529 0.034320
3 0.369328 0.621302 0.024370 0.011834
2 0.287815 0.615976 0.019328 0.036686
0 0.320588 0.614793 0.012605 0.020118
