1 0.193697 0.136095 0.116807 0.144379
1 0.482773 0.165089 0.106723 0.117160
2 0.055882 0.366864 0.014286 0.028402
3 0.030252 0.171598 0.013445 0.033136
1 0.839496 0.507692 0.043697 0.052071
2 0.031092 0.209467 0.023529 0.021302
4 0.071849 0.176331 0.017647 0.023669
35 0.268908 0.351479 0.020168 0.040237
2 0.331933 0.687574 0.025210 0.021302
1 0.884034 0.081657 0.060504 0.052071
29 0.148739 0.317160 0.035294 0.028402
2 0.462605 0.546154 0.024370 0.020118
3 0.815126 0.365680 0.025210 0.016568
24 0.919748 0.513018 0.026050 0.039053
2 0.056303 0.313018 0.015126 0.029586
3 0.071429 0.076923 0.013445 0.030769
1 0.878992 0.320118 0.060504 0.053254
3 0.310924 0.124260 0.026891 0.016568
1 0.125210 0.578107 0.109244 0.124260
3 0.235294 0.613609 0.025210 0.015385
24 0.515546 0.590533 0.037815 0.089941
2 0.607143 0.070414 0.012605 0.029586
2 0.928992 0.369231 0.022689 0.016568
2 0.525210 0.521893 0.023529 0.018935
2 0.557983 0.201183 0.013445 0.030769
1 0.709664 0.081657 0.064706 0.052071
4 0.928992 0.329586 0.017647 0.015385
3 0.235714 0.578698 0.024370 0.014201
1 0.689076 0.508284 0.057143 0.041420
1 0.330252 0.616568 0.028571 0.087574
29 0.148319 0.369822 0.034454 0.029586
35 0.267227 0.311834 0.025210 0.046154
2 0.755882 0.082249 0.010924 0.024852
2 0.491597 0.268639 0.025210 0.018935
4 0.213866 0.643787 0.019328 0.021302
4 0.945798 0.099408 0.014286 0.016568
4 0.654622 0.329586 0.016807 0.017751
2 0.056303 0.530769 0.013445 0.024852
3 0.029832 0.111243 0.012605 0.028402
2 0.644118 0.500592 0.012605 0.026036
3 0.840336 0.589941 0.028571 0.015385
2 0.726891 0.575148 0.025210 0.018935
3 0.685714 0.626627 0.026891 0.015385
2 0.256723 0.515976 0.024370 0.018935
2 0.525630 0.657988 0.026050 0.018935
2 0.235714 0.689941 0.026050 0.021302
4 0.256723 0.642604 0.017647 0.023669
2 0.944958 0.146154 0.022689 0.020118
0 0.716807 0.643787 0.008403 0.018935
3 0.071429 0.121893 0.013445 0.033136
2 0.071429 0.215976 0.025210 0.020118
2 0.791176 0.134320 0.012605 0.027219
2 0.791597 0.082249 0.011765 0.027219
2 0.672689 0.376923 0.024370 0.020118
2 0.536134 0.307101 0.013445 0.027219
2 0.536555 0.414793 0.014286 0.027219
3 0.306303 0.360355 0.026050 0.017751
25 0.084454 0.312426 0.026050 0.018935
0 0.455882 0.620710 0.009244 0.020118
4 0.726471 0.537278 0.019328 0.014201
4 0.256723 0.554438 0.019328 0.020118
3 0.306303 0.324852 0.024370 0.017751
2 0.536555 0.378107 0.014286 0.024852
4 0.948739 0.329586 0.018487 0.015385
3 0.685294 0.661538 0.027731 0.014201
2 0.332353 0.539645 0.022689 0.018935
4 0.690336 0.328402 0.015966 0.017751
4 0.963866 0.099408 0.015126 0.014201
2 0.536134 0.342012 0.013445 0.023669
2 0.188655 0.627811 0.012605 0.024852
0 0.839916 0.298225 0.014286 0.011834
2 0.799160 0.495858 0.013445 0.030769
61 0.299160 0.552071 0.020168 0.027219
6 0.276471 0.576331 0.026891 0.011834
2 0.207983 0.232544 0.019328 0.020118
2 0.263445 0.110651 0.012605 0.024852
2 0.786975 0.319527 0.012605 0.026036
0 0.894538 0.521302 0.007563 0.017751
0 0.059664 0.613609 0.010084 0.020118
3 0.815546 0.329586 0.024370 0.015385
46 0.448319 0.344970 0.024370 0.029586
2 0.176050 0.313609 0.012605 0.030769
0 0.656303 0.626036 0.010084 0.018935
0 0.058824 0.589941 0.010084 0.017751
46 0.449160 0.382840 0.024370 0.029586
2 0.492437 0.060947 0.021849 0.017751
46 0.449580 0.413609 0.021849 0.024852
4 0.839496 0.559763 0.016807 0.023669
4 0.671849 0.330178 0.017647 0.018935
2 0.175630 0.366864 0.013445 0.030769
4 0.930672 0.100000 0.015966 0.013018
3 0.815546 0.347929 0.024370 0.014201
46 0.449160 0.310059 0.022689 0.028402
2 0.188235 0.600592 0.013445 0.024852
3 0.819748 0.094675 0.022689 0.014201
0 0.236134 0.324852 0.013445 0.017751
29 0.636134 0.072781 0.026891 0.027219
3 0.815126 0.347929 0.023529 0.014201
3 0.818908 0.129586 0.022689 0.017751
0 0.236134 0.360355 0.013445 0.020118
0 0.832353 0.062722 0.012605 0.014201
46 0.508403 0.304142 0.026891 0.021302
0 0.928151 0.297633 0.014286 0.010651
0 0.029412 0.077515 0.011765 0.015385
0 0.072269 0.042604 0.013445 0.014201
0 0.217227 0.251479 0.015966 0.015385
25 0.083613 0.366272 0.024370 0.020118
0 0.545798 0.121302 0.012605 0.013018
0 0.425210 0.307692 0.010084 0.018935
0 0.425210 0.341420 0.010084 0.017751
0 0.425210 0.378698 0.011765 0.018935
0 0.426050 0.413609 0.010084 0.020118
46 0.507983 0.413018 0.022689 0.018935
46 0.508403 0.342012 0.023529 0.021302
46 0.509244 0.379290 0.020168 0.015385
0 0.660084 0.661538 0.012605 0.021302
0 0.625630 0.513609 0.009244 0.018935
0 0.727311 0.499408 0.015966 0.014201
0 0.670588 0.291124 0.010084 0.011834
2 0.786555 0.349112 0.013445 0.023669
0 0.663445 0.082840 0.012605 0.014201
0 0.794958 0.112426 0.010084 0.018935
3 0.818487 0.111243 0.023529 0.014201
0 0.926891 0.062130 0.015126 0.017751
