1 0.380667 0.449153 0.078700 0.084746
2 0.153978 0.419492 0.022241 0.015738
42 0.538922 0.245157 0.022241 0.025424
42 0.167665 0.212470 0.022241 0.013317
42 0.326347 0.460048 0.021386 0.014528
42 0.327203 0.434625 0.021386 0.016949
3 0.137725 0.346852 0.022241 0.018160
42 0.110778 0.388620 0.021386 0.019370
42 0.059880 0.153753 0.022241 0.014528
42 0.110351 0.345642 0.020530 0.018160
42 0.059453 0.140436 0.021386 0.014528
3 0.137725 0.388015 0.022241 0.018160
42 0.589820 0.244552 0.023097 0.021792
42 0.431138 0.421308 0.018820 0.014528
42 0.167237 0.078692 0.021386 0.014528
42 0.059025 0.179782 0.020530 0.015738
42 0.167665 0.116223 0.020530 0.012107
42 0.167237 0.263317 0.023097 0.013317
42 0.431565 0.435835 0.019675 0.012107
42 0.167237 0.139225 0.021386 0.014528
42 0.167237 0.104116 0.021386 0.012107
42 0.166809 0.235472 0.022241 0.013317
42 0.431138 0.472155 0.018820 0.016949
42 0.627459 0.447942 0.021386 0.021792
42 0.167665 0.225182 0.022241 0.014528
3 0.317365 0.447942 0.022241 0.014528
42 0.291702 0.447337 0.020530 0.018160
42 0.060308 0.165860 0.023097 0.012107
1 0.118050 0.168886 0.054748 0.214286
42 0.167237 0.090194 0.023097 0.013317
42 0.167237 0.248789 0.024808 0.015738
42 0.325920 0.473366 0.020530 0.012107
35 0.508554 0.452179 0.024808 0.042373
3 0.551326 0.449153 0.026518 0.021792
3 0.586826 0.448547 0.030796 0.020581
4 0.565013 0.243947 0.012831 0.027845
