1 0.513866 0.289941 0.106723 0.314793
1 0.915546 0.379290 0.046218 0.069822
1 0.134874 0.280473 0.093277 0.163314
2 0.492437 0.717751 0.025210 0.017751
2 0.916387 0.434320 0.024370 0.018935
4 0.790336 0.666272 0.019328 0.016568
1 0.914706 0.212426 0.046218 0.069822
4 0.865126 0.665680 0.019328 0.013018
35 0.139916 0.862130 0.022689 0.031953
3 0.305882 0.691124 0.025210 0.016568
3 0.277731 0.631953 0.022689 0.016568
4 0.839916 0.665680 0.019328 0.013018
3 0.306303 0.737870 0.024370 0.015385
4 0.815126 0.665680 0.018487 0.013018
2 0.189076 0.189941 0.025210 0.022485
2 0.265126 0.315385 0.024370 0.017751
3 0.273950 0.844379 0.026891 0.017751
2 0.079832 0.191124 0.023529 0.020118
3 0.273529 0.915385 0.024370 0.017751
2 0.135294 0.379882 0.025210 0.018935
2 0.190336 0.363314 0.024370 0.018935
2 0.075210 0.362722 0.024370 0.020118
2 0.915966 0.156213 0.023529 0.021302
4 0.597059 0.678107 0.019328 0.014201
3 0.277311 0.648521 0.023529 0.014201
2 0.915546 0.321302 0.024370 0.020118
3 0.306303 0.714793 0.024370 0.014201
3 0.273529 0.892308 0.026050 0.016568
23 0.891176 0.666864 0.017647 0.022485
4 0.534034 0.677515 0.017647 0.015385
70 0.334874 0.891124 0.059664 0.127811
4 0.101681 0.682249 0.015126 0.027219
4 0.759664 0.210651 0.010084 0.021302
2 0.916807 0.269231 0.023529 0.017751
4 0.576050 0.678698 0.017647 0.013018
3 0.277731 0.604734 0.027731 0.018935
4 0.758824 0.376923 0.015126 0.022485
4 0.554622 0.678107 0.018487 0.014201
0 0.264706 0.232544 0.015126 0.013018
3 0.100840 0.915385 0.026891 0.015385
4 0.264706 0.269231 0.018487 0.017751
4 0.758824 0.400592 0.013445 0.022485
3 0.273109 0.937870 0.025210 0.017751
3 0.273529 0.866864 0.027731 0.017751
4 0.104202 0.635503 0.016807 0.026036
6 0.513025 0.647929 0.031092 0.013018
4 0.289916 0.271598 0.018487 0.017751
4 0.760504 0.237278 0.013445 0.022485
29 0.139076 0.908876 0.031092 0.026036
41 0.584034 0.626627 0.018487 0.013018
3 0.100000 0.868047 0.030252 0.022485
4 0.465126 0.649704 0.019328 0.028402
22 0.491597 0.676923 0.023529 0.026036
