1 0.193277 0.224260 0.075630 0.084024
3 0.504202 0.295858 0.011765 0.033136
4 0.534874 0.271598 0.017647 0.022485
2 0.621849 0.285799 0.023529 0.020118
3 0.521849 0.384024 0.026891 0.015385
4 0.265126 0.294083 0.019328 0.020118
1 0.423950 0.259172 0.074790 0.101775
1 0.733193 0.244379 0.041176 0.102959
1 0.667647 0.531361 0.064706 0.075740
2 0.731092 0.321302 0.025210 0.020118
6 0.499160 0.246154 0.033613 0.011834
2 0.534454 0.308876 0.021849 0.018935
2 0.165546 0.295858 0.013445 0.030769
2 0.592437 0.285799 0.023529 0.020118
2 0.731933 0.162130 0.026891 0.021302
4 0.592437 0.249112 0.018487 0.022485
4 0.622689 0.247337 0.016807 0.021302
2 0.423950 0.344379 0.021008 0.018935
2 0.265126 0.333136 0.024370 0.017751
2 0.339916 0.327219 0.022689 0.020118
3 0.194118 0.296450 0.026891 0.017751
2 0.706723 0.575740 0.023529 0.017751
3 0.264286 0.247929 0.012605 0.029586
2 0.651681 0.285799 0.022689 0.020118
2 0.165546 0.153254 0.013445 0.029586
35 0.489496 0.378107 0.021008 0.034320
2 0.697899 0.285799 0.024370 0.020118
4 0.651681 0.248521 0.015966 0.023669
4 0.604622 0.542012 0.019328 0.018935
3 0.360504 0.295858 0.020168 0.011834
2 0.136555 0.230178 0.012605 0.031953
2 0.549160 0.384615 0.014286 0.033136
2 0.217227 0.170414 0.014286 0.023669
3 0.192857 0.154438 0.027731 0.017751
3 0.575210 0.519527 0.027731 0.014201
2 0.215546 0.278698 0.017647 0.024852
3 0.360504 0.282249 0.018487 0.010651
2 0.291176 0.304142 0.019328 0.021302
2 0.307143 0.411243 0.024370 0.017751
35 0.463445 0.356805 0.024370 0.031953
3 0.360084 0.308284 0.021008 0.010651
35 0.486555 0.343787 0.018487 0.036686
29 0.314706 0.373964 0.027731 0.047337
35 0.305042 0.268047 0.028571 0.031953
35 0.445378 0.366272 0.028571 0.027219
3 0.360504 0.270414 0.018487 0.010651
