1 0.176471 0.485799 0.072269 0.088757
1 0.193277 0.224260 0.075630 0.084024
3 0.504202 0.295858 0.011765 0.033136
4 0.534874 0.271598 0.017647 0.022485
1 0.157983 0.662722 0.058824 0.092308
2 0.621849 0.285799 0.023529 0.020118
3 0.521849 0.384024 0.026891 0.015385
1 0.426471 0.261538 0.078151 0.106509
1 0.733193 0.244379 0.041176 0.102959
1 0.668067 0.531361 0.063866 0.075740
4 0.265126 0.295266 0.019328 0.024852
2 0.731092 0.321302 0.025210 0.020118
6 0.499160 0.246154 0.033613 0.011834
2 0.534454 0.308876 0.021849 0.018935
2 0.731933 0.162130 0.026891 0.021302
2 0.592437 0.285799 0.023529 0.020118
4 0.592437 0.249112 0.018487 0.022485
2 0.165546 0.296450 0.013445 0.029586
4 0.622689 0.247337 0.016807 0.021302
2 0.423950 0.344379 0.021008 0.018935
2 0.339916 0.327219 0.022689 0.020118
3 0.264286 0.248521 0.012605 0.030769
2 0.265126 0.332544 0.024370 0.018935
2 0.706723 0.575740 0.023529 0.017751
2 0.651681 0.285799 0.022689 0.020118
3 0.194538 0.296450 0.027731 0.017751
2 0.165546 0.153254 0.013445 0.029586
35 0.492017 0.377515 0.021008 0.035503
4 0.651681 0.248521 0.015966 0.023669
2 0.697899 0.285799 0.024370 0.020118
4 0.604622 0.542012 0.019328 0.018935
2 0.549160 0.384615 0.014286 0.033136
2 0.136555 0.230178 0.012605 0.031953
3 0.192857 0.153846 0.027731 0.018935
3 0.575210 0.519527 0.027731 0.014201
2 0.217227 0.170414 0.014286 0.023669
2 0.217647 0.278698 0.013445 0.024852
3 0.360924 0.270414 0.024370 0.013018
2 0.291597 0.305917 0.020168 0.020118
2 0.307143 0.411243 0.024370 0.017751
29 0.315546 0.375740 0.026050 0.046154
35 0.486134 0.344379 0.024370 0.033136
35 0.304202 0.267456 0.028571 0.033136
35 0.464286 0.356805 0.024370 0.029586
2 0.291597 0.304734 0.020168 0.020118
35 0.445798 0.365089 0.027731 0.031953
3 0.360924 0.281065 0.024370 0.013018
3 0.360924 0.294083 0.024370 0.013018
3 0.360924 0.308284 0.024370 0.013018
