1 0.560924 0.471598 0.094958 0.176331
3 0.302521 0.383432 0.013445 0.035503
1 0.236555 0.447337 0.063025 0.085207
4 0.302941 0.489941 0.019328 0.035503
2 0.277731 0.492308 0.021008 0.018935
2 0.192857 0.493491 0.022689 0.016568
2 0.192857 0.403550 0.021008 0.021302
24 0.844118 0.460355 0.026050 0.037870
3 0.475210 0.479290 0.027731 0.016568
2 0.769328 0.586391 0.026050 0.022485
2 0.302941 0.586982 0.026050 0.021302
2 0.623950 0.447337 0.014286 0.028402
3 0.474370 0.514793 0.027731 0.018935
2 0.563025 0.587574 0.026891 0.020118
4 0.768908 0.458580 0.018487 0.022485
28 0.334034 0.414793 0.046218 0.036686
0 0.302101 0.344970 0.014286 0.015385
3 0.739496 0.514201 0.023529 0.015385
2 0.624370 0.479290 0.015126 0.028402
3 0.739076 0.525444 0.024370 0.014201
35 0.421429 0.469822 0.021008 0.044970
30 0.676891 0.530178 0.056303 0.066272
3 0.739916 0.550296 0.024370 0.011834
0 0.184874 0.428994 0.011765 0.022485
0 0.184034 0.466272 0.008403 0.016568
35 0.421849 0.507692 0.021849 0.044970
3 0.739916 0.538462 0.024370 0.014201
