1 0.180252 0.183432 0.073109 0.087574
2 0.804622 0.170414 0.012605 0.026036
2 0.184034 0.556805 0.023529 0.017751
2 0.803361 0.283432 0.025210 0.020118
1 0.744538 0.193491 0.078992 0.074556
3 0.914286 0.156805 0.011765 0.036686
3 0.281513 0.188757 0.025210 0.015385
2 0.207983 0.283432 0.014286 0.029586
2 0.224370 0.560355 0.023529 0.017751
3 0.745798 0.091716 0.012605 0.034320
3 0.654622 0.438462 0.028571 0.017751
44 0.183193 0.519527 0.023529 0.030769
2 0.607563 0.195266 0.013445 0.028402
4 0.550420 0.245562 0.018487 0.027219
2 0.223109 0.137870 0.019328 0.020118
2 0.222269 0.227811 0.021008 0.017751
24 0.905462 0.266272 0.026050 0.040237
4 0.802941 0.240828 0.019328 0.017751
2 0.551261 0.285799 0.025210 0.020118
2 0.310084 0.189349 0.011765 0.028402
2 0.627311 0.401775 0.014286 0.029586
44 0.224370 0.521893 0.021849 0.033136
2 0.126891 0.189349 0.013445 0.028402
0 0.579412 0.065089 0.009244 0.016568
0 0.730252 0.054438 0.013445 0.011834
44 0.140336 0.518935 0.021849 0.029586
2 0.884034 0.286391 0.021849 0.018935
3 0.281513 0.179290 0.025210 0.015385
44 0.260924 0.520118 0.021008 0.029586
0 0.156723 0.282840 0.009244 0.016568
0 0.140336 0.554438 0.016807 0.015385
0 0.237815 0.166272 0.011765 0.020118
0 0.237815 0.199408 0.011765 0.015385
22 0.179412 0.283432 0.017647 0.029586
7 0.672269 0.059763 0.053782 0.027219
35 0.863025 0.200000 0.018487 0.035503
35 0.863445 0.214793 0.019328 0.031953
3 0.652941 0.364497 0.030252 0.016568
27 0.670168 0.400592 0.019328 0.043787
