1 0.113025 0.142012 0.073109 0.089941
1 0.850000 0.566272 0.084874 0.065089
1 0.745378 0.155030 0.082353 0.073373
1 0.844958 0.460947 0.064706 0.053254
3 0.916387 0.519527 0.012605 0.035503
2 0.242857 0.147337 0.011765 0.027219
24 0.278992 0.626036 0.025210 0.044970
3 0.828151 0.230178 0.012605 0.034320
2 0.916387 0.617160 0.024370 0.020118
0 0.680672 0.564497 0.015126 0.014201
2 0.610504 0.153846 0.010924 0.026036
2 0.798319 0.114793 0.020168 0.021302
3 0.214286 0.133728 0.025210 0.014201
2 0.141597 0.243195 0.014286 0.029586
2 0.155462 0.185799 0.021849 0.016568
2 0.059664 0.146746 0.011765 0.030769
2 0.648739 0.259763 0.011765 0.029586
3 0.675210 0.295266 0.027731 0.015385
2 0.171849 0.552663 0.024370 0.018935
0 0.679832 0.451479 0.015126 0.013018
2 0.551261 0.299408 0.026891 0.021302
0 0.140756 0.548521 0.015966 0.013018
4 0.828571 0.295266 0.020168 0.015385
2 0.828571 0.340237 0.025210 0.020118
4 0.551681 0.235503 0.019328 0.026036
2 0.156303 0.095266 0.020168 0.017751
44 0.243697 0.514793 0.020168 0.030769
44 0.172269 0.514793 0.021849 0.028402
44 0.140756 0.513609 0.021008 0.028402
44 0.214706 0.514793 0.021008 0.028402
4 0.752521 0.484024 0.019328 0.016568
0 0.663445 0.066272 0.014286 0.011834
0 0.172269 0.124260 0.010084 0.016568
3 0.730252 0.461538 0.026891 0.014201
3 0.883613 0.105917 0.022689 0.017751
35 0.884874 0.175740 0.020168 0.041420
3 0.676471 0.223669 0.028571 0.014201
27 0.693277 0.260355 0.016807 0.049704
0 0.172269 0.159763 0.010084 0.016568
35 0.884034 0.141420 0.025210 0.031953
3 0.214706 0.147929 0.026050 0.014201
0 0.089916 0.241420 0.011765 0.021302
22 0.112185 0.242012 0.019328 0.029586
0 0.547899 0.075740 0.010084 0.023669
7 0.605462 0.073964 0.051261 0.020118
3 0.883193 0.076331 0.025210 0.020118
