1 0.179412 0.183432 0.071429 0.087574
2 0.184034 0.556805 0.023529 0.017751
1 0.744118 0.193491 0.079832 0.074556
2 0.804622 0.170414 0.012605 0.026036
3 0.914286 0.156805 0.011765 0.036686
2 0.803361 0.282840 0.025210 0.021302
2 0.224370 0.560355 0.023529 0.017751
3 0.745798 0.091716 0.012605 0.034320
44 0.183193 0.519527 0.023529 0.030769
3 0.281513 0.192308 0.025210 0.015385
2 0.607563 0.195266 0.013445 0.028402
2 0.330672 0.284615 0.014286 0.029586
4 0.550840 0.245562 0.019328 0.024852
2 0.222689 0.137870 0.020168 0.020118
24 0.905462 0.266864 0.026050 0.041420
4 0.802941 0.241420 0.019328 0.016568
2 0.551681 0.285799 0.026050 0.020118
2 0.222269 0.227811 0.021008 0.017751
2 0.310084 0.189349 0.011765 0.028402
44 0.224370 0.521893 0.021849 0.033136
2 0.126891 0.189349 0.013445 0.028402
0 0.579412 0.064497 0.009244 0.017751
3 0.663866 0.195858 0.026891 0.015385
0 0.730672 0.054438 0.014286 0.011834
44 0.140336 0.519527 0.021849 0.030769
3 0.282353 0.174556 0.025210 0.015385
2 0.884034 0.286982 0.021849 0.017751
44 0.260924 0.520118 0.021008 0.029586
0 0.140336 0.554438 0.016807 0.015385
0 0.238655 0.165680 0.013445 0.018935
0 0.238235 0.200000 0.012605 0.018935
0 0.277731 0.283432 0.019328 0.027219
22 0.302101 0.284024 0.021008 0.033136
7 0.674370 0.061538 0.049580 0.026036
5 0.863866 0.195266 0.025210 0.021302
35 0.862605 0.212426 0.019328 0.027219
