3 0.440120 0.232446 0.012831 0.038741
1 0.667237 0.342010 0.053037 0.071429
4 0.467066 0.230024 0.015398 0.024213
3 0.334902 0.328692 0.029940 0.018160
4 0.470060 0.411622 0.017964 0.024213
2 0.291275 0.424939 0.023097 0.019370
3 0.606929 0.310533 0.012831 0.037530
4 0.367408 0.328087 0.017964 0.024213
3 0.384944 0.232446 0.013687 0.041162
23 0.316082 0.253632 0.019675 0.042373
3 0.419589 0.387409 0.014542 0.036320
3 0.393926 0.388620 0.024808 0.019370
5 0.452951 0.387409 0.014542 0.029056
32 0.514115 0.335956 0.047904 0.168281
5 0.466210 0.278450 0.013687 0.029056
5 0.274166 0.207022 0.024808 0.024213
11 0.414457 0.328692 0.017964 0.039952
5 0.556031 0.284504 0.020530 0.021792
11 0.363559 0.388620 0.018820 0.046005
5 0.419162 0.456416 0.027374 0.024213
23 0.572712 0.308111 0.023097 0.018160
