4 0.384478 0.477731 0.011940 0.019328
3 0.520299 0.397899 0.010149 0.024370
26 0.404478 0.479412 0.011343 0.015966
2 0.542090 0.505882 0.017910 0.016807
1 0.145075 0.429412 0.050149 0.063866
2 0.235522 0.490756 0.017313 0.016807
1 0.491940 0.457143 0.051343 0.038655
2 0.404179 0.507563 0.016716 0.018487
3 0.234627 0.428571 0.009552 0.025210
1 0.333731 0.456303 0.051343 0.040336
2 0.204179 0.432773 0.008358 0.021849
2 0.182388 0.405882 0.011343 0.018487
2 0.384478 0.507983 0.015522 0.015966
2 0.562687 0.505882 0.016119 0.016807
2 0.188955 0.486975 0.018507 0.015966
2 0.276418 0.446639 0.011940 0.022689
2 0.434925 0.446639 0.011343 0.024370
2 0.529254 0.455042 0.011343 0.021008
2 0.112239 0.442437 0.014328 0.017647
0 0.521194 0.370168 0.010746 0.009244
0 0.235522 0.403361 0.012537 0.010084
4 0.541791 0.479832 0.011343 0.016807
3 0.362090 0.396218 0.011343 0.022689
0 0.186866 0.417647 0.005970 0.010084
3 0.184776 0.426050 0.017313 0.008403
3 0.185075 0.434874 0.017910 0.009244
0 0.194030 0.444538 0.008358 0.010084
2 0.180299 0.450000 0.009552 0.019328
4 0.188060 0.460084 0.011940 0.007563
35 0.231642 0.462185 0.017910 0.016807
3 0.296119 0.445798 0.017910 0.012605
0 0.303284 0.463445 0.007164 0.012605
0 0.362388 0.371008 0.010746 0.009244
35 0.359104 0.430672 0.018507 0.017647
2 0.370149 0.453782 0.009552 0.020168
3 0.454627 0.446639 0.019701 0.014286
0 0.461194 0.464286 0.006567 0.012605
35 0.518209 0.432353 0.019104 0.017647
26 0.562687 0.481092 0.013731 0.015966
