1 0.150420 0.638462 0.070588 0.157396
35 0.374370 0.220710 0.024370 0.029586
1 0.357983 0.525444 0.072269 0.075740
35 0.373109 0.408876 0.026891 0.031953
35 0.376471 0.308876 0.023529 0.030769
4 0.209244 0.513018 0.020168 0.022485
3 0.273950 0.844970 0.031933 0.016568
3 0.273950 0.785799 0.031933 0.016568
2 0.226891 0.730178 0.023529 0.023669
2 0.331092 0.821893 0.015126 0.027219
24 0.160084 0.815976 0.034454 0.057988
35 0.373529 0.266272 0.024370 0.030769
3 0.467227 0.477515 0.013445 0.036686
24 0.591597 0.253846 0.025210 0.041420
42 0.181092 0.414201 0.032773 0.023669
4 0.227311 0.630178 0.019328 0.036686
2 0.420168 0.729586 0.025210 0.022485
42 0.522269 0.225444 0.032773 0.020118
42 0.515966 0.278107 0.030252 0.021302
2 0.157563 0.537278 0.015966 0.028402
35 0.373529 0.355030 0.024370 0.030769
42 0.516807 0.703550 0.033613 0.020118
35 0.375630 0.178698 0.023529 0.026036
35 0.376050 0.114201 0.022689 0.031953
35 0.376050 0.142012 0.022689 0.026036
27 0.421429 0.666272 0.015966 0.059172
35 0.238655 0.554438 0.023529 0.034320
