18 0.543881 0.587815 0.016716 0.027731
18 0.576418 0.587395 0.016119 0.026891
18 0.513433 0.586134 0.016716 0.026050
1 0.425970 0.322689 0.072239 0.157983
4 0.570448 0.332353 0.012537 0.026050
3 0.480299 0.396218 0.010149 0.029412
4 0.342687 0.399580 0.013134 0.024370
24 0.778209 0.214706 0.020896 0.029412
4 0.363582 0.247059 0.013134 0.023529
2 0.481493 0.497059 0.020896 0.017647
4 0.510448 0.397059 0.014328 0.026050
18 0.605970 0.587395 0.016716 0.025210
2 0.266567 0.299160 0.018507 0.016807
2 0.668955 0.313025 0.018507 0.015966
3 0.322985 0.399580 0.009552 0.027731
4 0.480000 0.442857 0.014328 0.023529
24 0.778209 0.167227 0.020896 0.033613
3 0.543284 0.396218 0.010746 0.029412
4 0.703881 0.245378 0.011940 0.026891
3 0.322388 0.247479 0.009552 0.027731
7 0.720000 0.209244 0.031045 0.016807
6 0.566567 0.207143 0.026269 0.012605
35 0.322985 0.298319 0.026269 0.028571
3 0.543582 0.333193 0.010149 0.027731
2 0.540000 0.255042 0.017313 0.014286
22 0.212836 0.211345 0.017313 0.019328
16 0.174925 0.214706 0.028657 0.027731
23 0.265373 0.239916 0.013731 0.024370
35 0.307463 0.296639 0.023881 0.028571
2 0.518806 0.284034 0.009552 0.023529
2 0.749851 0.182353 0.015522 0.020168
3 0.300896 0.247899 0.010746 0.028571
2 0.356418 0.279412 0.011940 0.024370
23 0.668955 0.244118 0.014925 0.031092
3 0.301493 0.400840 0.010746 0.026891
2 0.322388 0.451681 0.019104 0.015966
22 0.717910 0.164706 0.020896 0.016807
8 0.474925 0.209664 0.020896 0.029412
4 0.494627 0.281933 0.019701 0.017647
22 0.540299 0.223529 0.013134 0.021849
3 0.605672 0.207983 0.023284 0.012605
0 0.265672 0.186555 0.011940 0.011765
2 0.199104 0.238655 0.013731 0.015126
22 0.510746 0.210924 0.013731 0.018487
0 0.478209 0.273950 0.008358 0.010084
