1 0.213445 0.479290 0.085714 0.115976
3 0.155042 0.460947 0.024370 0.015385
2 0.560084 0.695858 0.027731 0.023669
1 0.156303 0.242604 0.063866 0.085207
1 0.505882 0.543787 0.082353 0.074556
3 0.403361 0.618935 0.013445 0.037870
2 0.857563 0.451479 0.022689 0.024852
4 0.529832 0.241420 0.017647 0.026036
1 0.726471 0.217160 0.047899 0.067456
2 0.726891 0.156213 0.023529 0.023669
2 0.404202 0.659763 0.025210 0.022485
2 0.550420 0.491716 0.018487 0.022485
1 0.591176 0.218935 0.054622 0.052071
2 0.094118 0.477515 0.015126 0.027219
4 0.558824 0.654438 0.020168 0.026036
2 0.323109 0.478107 0.012605 0.026036
4 0.442017 0.618343 0.018487 0.034320
24 0.792857 0.402367 0.026050 0.071006
2 0.094118 0.243195 0.016807 0.027219
2 0.215546 0.559172 0.019328 0.022485
2 0.214706 0.399408 0.019328 0.022485
2 0.680672 0.233728 0.020168 0.022485
3 0.274790 0.495858 0.028571 0.014201
35 0.612185 0.552071 0.021008 0.036686
3 0.660924 0.560355 0.027731 0.015385
2 0.274790 0.287574 0.018487 0.021302
35 0.610924 0.589349 0.023529 0.042604
2 0.450840 0.555030 0.012605 0.021302
2 0.137815 0.473964 0.016807 0.017751
0 0.205462 0.260947 0.009244 0.020118
3 0.256303 0.237278 0.025210 0.017751
29 0.857983 0.523077 0.045378 0.089941
3 0.639496 0.219527 0.025210 0.015385
0 0.205882 0.224852 0.008403 0.016568
0 0.571429 0.497041 0.010084 0.014201
3 0.256723 0.272781 0.027731 0.017751
2 0.289496 0.480473 0.021008 0.023669
0 0.424790 0.568047 0.012605 0.018935
3 0.489496 0.217160 0.032773 0.022485
