1 0.305882 0.243787 0.072269 0.094675
1 0.293697 0.508284 0.079832 0.074556
3 0.210504 0.278107 0.010924 0.035503
2 0.264706 0.334320 0.025210 0.020118
3 0.240336 0.277515 0.011765 0.036686
24 0.663025 0.489941 0.026891 0.037870
2 0.218908 0.641420 0.026050 0.023669
24 0.202941 0.472189 0.026050 0.049704
2 0.347479 0.484024 0.012605 0.023669
4 0.336975 0.595266 0.018487 0.035503
75 0.602941 0.271006 0.027731 0.026036
24 0.113025 0.107692 0.024370 0.040237
4 0.252521 0.588757 0.019328 0.031953
2 0.644958 0.511834 0.017647 0.020118
3 0.436975 0.513609 0.025210 0.014201
0 0.129832 0.089941 0.014286 0.009467
3 0.236134 0.506509 0.025210 0.016568
0 0.454202 0.462130 0.015966 0.015385
35 0.398319 0.500000 0.028571 0.036686
35 0.397059 0.546154 0.022689 0.039053
2 0.131513 0.129586 0.017647 0.017751
0 0.247899 0.216568 0.016807 0.016568
