35 0.347761 0.128992 0.016119 0.027731
35 0.723284 0.666807 0.013731 0.032773
3 0.710448 0.124790 0.010746 0.024370
1 0.070746 0.165546 0.080597 0.166387
1 0.661791 0.684034 0.054328 0.067227
1 0.650746 0.179412 0.057313 0.068067
35 0.711642 0.330672 0.015522 0.027731
1 0.655821 0.518487 0.057910 0.068908
3 0.060000 0.661345 0.010149 0.025210
3 0.060000 0.728571 0.011343 0.025210
1 0.151940 0.624370 0.057910 0.050420
1 0.489851 0.149160 0.061493 0.041176
2 0.429851 0.355462 0.013134 0.016807
1 0.650149 0.349160 0.057313 0.066387
3 0.716716 0.461345 0.011343 0.023529
2 0.359104 0.633193 0.016119 0.014286
2 0.060000 0.757143 0.016119 0.013445
35 0.311343 0.161765 0.018507 0.026050
1 0.489851 0.316807 0.062687 0.040336
3 0.608657 0.670168 0.010149 0.022689
2 0.620896 0.474790 0.014328 0.015126
3 0.358507 0.602521 0.011343 0.021849
3 0.359104 0.568908 0.011343 0.021849
3 0.710746 0.293697 0.011343 0.022689
1 0.495821 0.486555 0.061493 0.042017
2 0.817612 0.547899 0.014925 0.015126
2 0.544478 0.522269 0.016716 0.012605
24 0.051343 0.289076 0.026269 0.030252
3 0.597313 0.165546 0.010149 0.023529
1 0.933731 0.190336 0.037015 0.049580
3 0.722687 0.627731 0.010149 0.025210
35 0.759104 0.665126 0.013731 0.029412
2 0.322090 0.302941 0.017313 0.015966
3 0.287761 0.260924 0.017910 0.015966
3 0.309851 0.124370 0.010746 0.023529
3 0.346269 0.092437 0.010746 0.021849
24 0.373134 0.263866 0.026269 0.047059
1 0.259403 0.571849 0.034030 0.071429
3 0.358806 0.534874 0.011940 0.022689
2 0.298507 0.564706 0.015522 0.013445
2 0.435224 0.526050 0.015522 0.020168
2 0.442388 0.693277 0.016716 0.013445
23 0.544478 0.493697 0.016716 0.017647
24 0.942090 0.352101 0.029851 0.068908
2 0.536716 0.355882 0.015522 0.017647
2 0.346567 0.186134 0.017313 0.012605
2 0.120000 0.087395 0.015522 0.015126
0 0.345970 0.066387 0.011343 0.010084
2 0.549552 0.692437 0.016119 0.018487
3 0.603284 0.502101 0.010149 0.026050
2 0.674627 0.744118 0.015522 0.014286
2 0.310448 0.186555 0.016716 0.013445
2 0.817612 0.631933 0.013731 0.015126
35 0.718209 0.499160 0.017910 0.030252
2 0.137612 0.565126 0.016119 0.012605
2 0.668358 0.573109 0.014925 0.013445
0 0.716418 0.435294 0.010746 0.010084
23 0.537910 0.157983 0.015522 0.016807
22 0.191045 0.123950 0.015522 0.019328
3 0.208657 0.535294 0.011343 0.023529
2 0.269254 0.631513 0.016716 0.015966
2 0.662388 0.405462 0.014925 0.014286
35 0.710746 0.161765 0.013731 0.027731
2 0.537313 0.186134 0.015522 0.012605
35 0.346866 0.160924 0.016716 0.024370
7 0.163284 0.108824 0.018507 0.017647
0 0.817910 0.578151 0.010746 0.010084
0 0.543582 0.469748 0.010149 0.010084
3 0.596716 0.337815 0.011343 0.021849
2 0.351045 0.237815 0.014328 0.015126
2 0.430448 0.186555 0.014328 0.011765
2 0.615224 0.138235 0.016119 0.015966
35 0.746866 0.163025 0.015522 0.030252
4 0.430448 0.327311 0.014328 0.015966
35 0.059403 0.698739 0.012537 0.029412
2 0.836119 0.673109 0.017313 0.015126
4 0.442090 0.662605 0.016119 0.015966
3 0.836418 0.647479 0.013134 0.024370
35 0.746866 0.330252 0.013134 0.033613
3 0.238507 0.637815 0.018507 0.016807
4 0.436119 0.493697 0.016119 0.017647
0 0.710746 0.102521 0.011343 0.011765
23 0.549851 0.660504 0.016716 0.016807
35 0.060299 0.634034 0.013134 0.027731
7 0.084478 0.286134 0.018507 0.015966
22 0.884179 0.192017 0.015522 0.015966
0 0.429851 0.302521 0.010746 0.013445
0 0.310149 0.099160 0.011343 0.010084
2 0.190746 0.152521 0.016119 0.015966
3 0.835522 0.477731 0.011343 0.026050
3 0.836418 0.392857 0.013134 0.026050
2 0.883582 0.221008 0.017910 0.013445
3 0.835224 0.562605 0.009552 0.024370
2 0.662388 0.239496 0.016119 0.015126
2 0.135522 0.159664 0.011940 0.021849
2 0.918806 0.379832 0.014328 0.013445
0 0.322090 0.512185 0.012537 0.010924
23 0.221791 0.123950 0.017313 0.017647
2 0.072836 0.304202 0.015522 0.016807
3 0.132239 0.132773 0.014925 0.013445
0 0.136716 0.510924 0.013134 0.010084
4 0.597015 0.713025 0.015522 0.015966
22 0.818209 0.350840 0.016119 0.017647
1 0.500000 0.655882 0.065075 0.044538
3 0.130448 0.186555 0.017313 0.013445
2 0.119403 0.239496 0.015522 0.015126
0 0.221194 0.102941 0.011343 0.012605
4 0.244478 0.123950 0.017313 0.021008
0 0.274627 0.252521 0.009552 0.009244
5 0.311940 0.260924 0.012537 0.024370
4 0.322687 0.276471 0.017313 0.018487
0 0.059104 0.606723 0.014328 0.013445
4 0.154925 0.664286 0.012537 0.022689
0 0.191045 0.670588 0.010746 0.013445
23 0.137910 0.537815 0.016716 0.020168
3 0.171642 0.494958 0.022090 0.018487
3 0.172537 0.521008 0.017910 0.015126
4 0.162090 0.538235 0.018507 0.019328
4 0.184478 0.536975 0.016716 0.016807
6 0.226567 0.518487 0.026866 0.015126
5 0.285672 0.519328 0.011343 0.025210
23 0.298507 0.536134 0.016716 0.016807
4 0.321791 0.538235 0.015522 0.015966
0 0.428955 0.135714 0.011343 0.012605
4 0.430149 0.159244 0.017313 0.017647
0 0.536418 0.135714 0.013731 0.010924
4 0.586269 0.209244 0.020299 0.018487
0 0.613731 0.231933 0.010746 0.013445
0 0.687463 0.170168 0.011343 0.010924
4 0.673731 0.226050 0.014925 0.021849
0 0.686269 0.233193 0.007761 0.012605
0 0.536418 0.305462 0.010149 0.010924
23 0.537015 0.324790 0.016119 0.021008
4 0.585075 0.376891 0.016716 0.015966
2 0.614030 0.308403 0.014925 0.011765
0 0.614627 0.401681 0.011343 0.010084
4 0.674925 0.394958 0.013731 0.021849
0 0.686866 0.402941 0.007761 0.012605
0 0.686567 0.339916 0.010746 0.012605
0 0.710448 0.268067 0.011940 0.013445
0 0.435821 0.471008 0.011940 0.010924
4 0.590149 0.544958 0.016119 0.017647
0 0.621493 0.568908 0.007164 0.011765
4 0.680597 0.563025 0.013134 0.021849
0 0.692537 0.570588 0.008358 0.010084
0 0.692239 0.504202 0.007761 0.011765
35 0.751940 0.497899 0.017313 0.032773
0 0.440896 0.638235 0.011343 0.012605
0 0.441194 0.731933 0.010746 0.011765
23 0.442985 0.753361 0.015522 0.022689
2 0.442090 0.784874 0.017313 0.015126
0 0.548955 0.639076 0.010149 0.009244
0 0.625970 0.737395 0.011343 0.012605
2 0.626269 0.644538 0.014328 0.015126
4 0.685970 0.730252 0.011940 0.021849
0 0.698209 0.737395 0.010149 0.012605
0 0.698507 0.674790 0.009552 0.011765
0 0.722090 0.604622 0.011343 0.012605
0 0.882388 0.168908 0.009552 0.010084
7 0.896119 0.176050 0.016716 0.014286
0 0.817313 0.328571 0.013134 0.011765
2 0.817910 0.380252 0.013134 0.015966
0 0.819403 0.415126 0.011343 0.011765
22 0.818806 0.436134 0.018507 0.020168
2 0.818507 0.465966 0.016716 0.014286
0 0.864776 0.328151 0.008955 0.010924
7 0.877910 0.336555 0.017313 0.012605
0 0.865075 0.352941 0.008358 0.010084
7 0.878507 0.360504 0.018507 0.013445
0 0.865373 0.378151 0.008955 0.008403
7 0.877612 0.386134 0.016716 0.014286
0 0.865075 0.404202 0.008358 0.010084
7 0.877612 0.411345 0.016716 0.012605
0 0.818209 0.497479 0.011343 0.010084
22 0.817612 0.519748 0.019701 0.017647
22 0.817313 0.601681 0.017910 0.018487
2 0.118806 0.674790 0.015522 0.013445
