1 0.544958 0.231361 0.073109 0.048521
1 0.405462 0.226036 0.036134 0.037870
1 0.490756 0.504734 0.095798 0.178698
3 0.390336 0.497041 0.012605 0.040237
2 0.496218 0.628994 0.021008 0.020118
3 0.344538 0.495858 0.011765 0.035503
4 0.454202 0.243195 0.017647 0.029586
24 0.359664 0.226627 0.026891 0.041420
24 0.643697 0.455621 0.031933 0.040237
35 0.340756 0.446746 0.026050 0.036686
4 0.596639 0.483432 0.015126 0.029586
4 0.567227 0.483432 0.018487 0.029586
2 0.504622 0.290533 0.022689 0.015385
3 0.546639 0.579290 0.012605 0.039053
23 0.610084 0.255030 0.015126 0.027219
3 0.407563 0.276923 0.030252 0.014201
3 0.403361 0.165089 0.030252 0.017751
0 0.615126 0.230178 0.013445 0.015385
6 0.485714 0.214793 0.035294 0.015385
23 0.587815 0.244970 0.017647 0.021302
0 0.423529 0.372781 0.015126 0.016568
35 0.386134 0.444379 0.024370 0.027219
