1 0.118050 0.286320 0.073567 0.088378
1 0.463216 0.282082 0.084688 0.067797
1 0.501283 0.650726 0.106074 0.127119
24 0.738666 0.607143 0.029940 0.052058
24 0.739521 0.492736 0.028229 0.043584
24 0.738666 0.674939 0.029940 0.054479
2 0.462361 0.207022 0.021386 0.016949
3 0.530368 0.461864 0.030796 0.018160
42 0.578272 0.685230 0.030796 0.021792
2 0.159110 0.240920 0.020530 0.019370
4 0.603080 0.242131 0.015398 0.026634
4 0.521386 0.242131 0.017964 0.021792
4 0.521814 0.316586 0.017109 0.030266
2 0.684346 0.509685 0.022241 0.016949
4 0.547476 0.241525 0.015398 0.020581
3 0.402481 0.242131 0.012831 0.033898
3 0.582549 0.303874 0.013687 0.038741
42 0.701027 0.619249 0.031651 0.020581
4 0.573567 0.240920 0.014542 0.021792
2 0.159110 0.328087 0.020530 0.016949
2 0.523097 0.363801 0.023097 0.018160
2 0.625321 0.685835 0.022241 0.018160
42 0.701027 0.685835 0.029940 0.020581
4 0.624465 0.305085 0.015398 0.038741
4 0.402053 0.183414 0.017109 0.027845
51 0.576989 0.648305 0.031651 0.020581
4 0.371685 0.184019 0.017964 0.033898
42 0.701454 0.593826 0.030796 0.018160
35 0.368691 0.367433 0.023952 0.027845
29 0.585971 0.476998 0.032506 0.055690
51 0.576561 0.659806 0.032506 0.016949
42 0.700599 0.660412 0.030796 0.018160
2 0.402908 0.138015 0.022241 0.016949
51 0.737810 0.268160 0.035073 0.023002
35 0.313088 0.367433 0.018820 0.025424
35 0.273738 0.365617 0.020530 0.026634
35 0.216852 0.370460 0.026518 0.029056
6 0.560308 0.280872 0.037639 0.014528
