3 0.358507 0.163025 0.010149 0.023529
1 0.260000 0.163866 0.044776 0.053782
1 0.612239 0.280672 0.059104 0.114286
1 0.737313 0.574370 0.088358 0.121849
3 0.215821 0.456303 0.010149 0.023529
2 0.214925 0.510084 0.016716 0.020168
4 0.146567 0.384454 0.013731 0.015966
1 0.262090 0.408403 0.044179 0.053782
2 0.214925 0.266387 0.020299 0.020168
3 0.357612 0.406303 0.010746 0.024370
4 0.146866 0.139916 0.014328 0.019328
2 0.357910 0.189916 0.017313 0.015126
2 0.820896 0.636134 0.016716 0.016807
4 0.215224 0.241597 0.014925 0.014286
2 0.358806 0.432773 0.016716 0.013445
2 0.639403 0.545378 0.017910 0.013445
4 0.358507 0.126471 0.012537 0.015966
4 0.358209 0.371008 0.013134 0.014286
1 0.417015 0.158824 0.028060 0.063866
2 0.612239 0.356303 0.016119 0.011765
2 0.803881 0.436134 0.013731 0.013445
2 0.357910 0.098739 0.014925 0.014286
1 0.419104 0.405462 0.027463 0.061345
2 0.424179 0.353361 0.014925 0.014286
2 0.627164 0.111345 0.017313 0.014286
4 0.215224 0.485294 0.014925 0.014286
2 0.423881 0.107983 0.015522 0.014286
2 0.573134 0.326891 0.010746 0.020168
6 0.204478 0.406723 0.025672 0.015126
2 0.660299 0.598319 0.009552 0.021849
2 0.626866 0.052941 0.015522 0.013445
4 0.638507 0.518067 0.014925 0.015966
2 0.685373 0.582773 0.009552 0.019328
3 0.680597 0.601681 0.016716 0.011765
6 0.203582 0.160084 0.025075 0.012605
4 0.821493 0.605882 0.014328 0.016807
16 0.607463 0.078151 0.031642 0.031933
4 0.227463 0.171008 0.013134 0.014286
23 0.112537 0.385714 0.014925 0.018487
2 0.800000 0.642857 0.015522 0.013445
2 0.787463 0.435714 0.013134 0.012605
2 0.790448 0.581513 0.009552 0.018487
4 0.227164 0.415126 0.011343 0.015126
2 0.572836 0.233193 0.010149 0.021008
2 0.789254 0.615966 0.013134 0.021849
4 0.721791 0.497899 0.011940 0.017647
4 0.802687 0.462185 0.012537 0.016807
16 0.606866 0.078992 0.029254 0.033613
23 0.112537 0.142857 0.016119 0.018487
2 0.130746 0.115546 0.015522 0.014286
3 0.214030 0.214286 0.012537 0.021849
2 0.286567 0.135294 0.015522 0.016807
23 0.387761 0.131513 0.013731 0.015966
2 0.130448 0.356723 0.014925 0.014286
2 0.286866 0.379832 0.016119 0.013445
2 0.358507 0.344958 0.014925 0.014286
23 0.388358 0.375210 0.013731 0.015966
2 0.650149 0.235294 0.014328 0.023529
2 0.649254 0.327311 0.010149 0.022689
4 0.800597 0.618487 0.013134 0.013445
6 0.769851 0.481933 0.026866 0.015966
23 0.788955 0.465546 0.014925 0.018487
3 0.846866 0.484034 0.017313 0.015126
