1 0.603690 0.592105 0.046226 0.126794
1 0.438295 0.535885 0.034351 0.062201
1 0.437235 0.648923 0.033079 0.063397
1 0.208863 0.680622 0.041985 0.033493
1 0.767176 0.604964 0.019508 0.085526
2 0.734309 0.652213 0.012299 0.011364
2 0.208015 0.754486 0.014843 0.012560
49 0.065310 0.603469 0.025445 0.034689
1 0.767812 0.524821 0.020780 0.075957
2 0.268660 0.477871 0.013995 0.011962
3 0.043469 0.752093 0.007209 0.016148
2 0.317218 0.477273 0.012723 0.011962
31 0.296014 0.549342 0.022901 0.047249
3 0.220738 0.720096 0.006361 0.019139
4 0.506361 0.560706 0.007634 0.008971
5 0.229856 0.593900 0.009330 0.013158
65 0.302799 0.726077 0.061069 0.033493
4 0.343723 0.510467 0.007209 0.008971
2 0.343511 0.575060 0.011874 0.011364
6 0.102205 0.700060 0.009330 0.041268
3 0.163274 0.635467 0.013571 0.008971
2 0.734521 0.567883 0.011874 0.013756
2 0.436811 0.706340 0.012723 0.011962
5 0.110475 0.628888 0.009754 0.011364
3 0.240458 0.618421 0.013571 0.009569
3 0.133164 0.664175 0.012723 0.010167
3 0.655428 0.522428 0.007209 0.012560
3 0.554071 0.615431 0.006361 0.016746
23 0.079941 0.555622 0.008906 0.015550
7 0.042621 0.781100 0.008906 0.023923
51 0.042833 0.809809 0.006785 0.026316
51 0.089695 0.809809 0.008058 0.029904
4 0.065734 0.714414 0.006785 0.011364
31 0.065310 0.674342 0.027990 0.041268
3 0.123198 0.685108 0.007209 0.017344
3 0.122986 0.715311 0.005937 0.017943
5 0.148007 0.664175 0.008482 0.012560
5 0.126802 0.641148 0.009330 0.013158
4 0.161366 0.715909 0.007209 0.008373
3 0.199534 0.722189 0.006361 0.017344
4 0.250000 0.730861 0.008058 0.008373
3 0.252120 0.651615 0.005513 0.018541
23 0.101993 0.555622 0.008058 0.009569
2 0.106234 0.589115 0.010602 0.010766
23 0.138253 0.554725 0.007634 0.011364
23 0.161154 0.555622 0.008482 0.008373
4 0.204835 0.555622 0.008482 0.009569
3 0.229644 0.558313 0.007209 0.014952
3 0.245971 0.558612 0.005089 0.015550
6 0.121501 0.526316 0.021628 0.011962
3 0.351781 0.727871 0.007209 0.016746
3 0.340967 0.750299 0.012723 0.007775
5 0.353265 0.768840 0.012723 0.019737
2 0.352841 0.816687 0.011874 0.011364
3 0.390373 0.744318 0.006361 0.016148
3 0.389737 0.786184 0.006785 0.017344
3 0.378075 0.691388 0.005513 0.019139
3 0.412002 0.671950 0.008058 0.019737
6 0.481128 0.602273 0.023325 0.010766
3 0.505937 0.604964 0.012723 0.008971
3 0.521841 0.619617 0.006361 0.017943
4 0.504241 0.673146 0.009330 0.010167
3 0.521204 0.674342 0.005937 0.014952
23 0.533927 0.657596 0.008482 0.012560
3 0.645674 0.616926 0.012299 0.008971
3 0.654156 0.599880 0.007209 0.017943
8 0.679389 0.579246 0.016115 0.022129
8 0.675997 0.496112 0.015267 0.018541
3 0.643978 0.542165 0.011450 0.010167
4 0.565946 0.546053 0.008906 0.009569
23 0.534563 0.545455 0.007209 0.011962
1 0.560221 0.526316 0.031383 0.026316
3 0.521204 0.558911 0.008482 0.018541
3 0.521204 0.512560 0.005937 0.017943
3 0.505725 0.497010 0.013147 0.009569
6 0.483673 0.498206 0.027566 0.017943
2 0.419423 0.588517 0.009330 0.010766
3 0.409457 0.558911 0.006361 0.018541
23 0.388253 0.545156 0.008906 0.011364
23 0.363868 0.547249 0.009330 0.011962
23 0.339271 0.546053 0.010178 0.013158
5 0.324215 0.529007 0.012299 0.013756
3 0.324852 0.510766 0.011874 0.007177
4 0.291137 0.427333 0.006361 0.012560
4 0.291561 0.456041 0.008058 0.010167
