1 0.242908 0.152824 0.098109 0.122924
1 0.615839 0.120432 0.118203 0.104651
4 0.490544 0.136213 0.026005 0.029900
3 0.662530 0.210963 0.036643 0.016611
2 0.490544 0.189369 0.033097 0.026578
2 0.721631 0.181894 0.031915 0.024917
4 0.774232 0.094684 0.023641 0.023256
35 0.557920 0.213455 0.026005 0.051495
2 0.307920 0.230897 0.034279 0.026578
2 0.378842 0.190199 0.031915 0.024917
2 0.775414 0.141196 0.028369 0.023256
2 0.378842 0.114618 0.031915 0.026578
3 0.697991 0.134551 0.031915 0.019934
0 0.302009 0.074751 0.024823 0.019934
3 0.342199 0.142027 0.039007 0.024917
2 0.689716 0.085548 0.015366 0.031561
3 0.342199 0.166113 0.039007 0.026578
3 0.699173 0.120432 0.031915 0.021595
35 0.596336 0.225914 0.034279 0.053156
