2 0.481493 0.581092 0.017313 0.019328
24 0.457015 0.557143 0.020896 0.033613
2 0.433433 0.583613 0.016716 0.015966
30 0.522687 0.431933 0.037612 0.085714
3 0.435522 0.402941 0.017313 0.009244
2 0.566866 0.459664 0.010149 0.021849
3 0.649851 0.548739 0.022090 0.021849
2 0.622090 0.550840 0.011940 0.026050
2 0.673134 0.550000 0.010149 0.021008
3 0.435522 0.411345 0.017313 0.009244
3 0.434925 0.418908 0.017313 0.009244
3 0.434925 0.428151 0.017313 0.009244
3 0.434925 0.436555 0.017313 0.009244
3 0.434328 0.445798 0.017313 0.009244
3 0.434925 0.453361 0.017313 0.009244
3 0.435522 0.463445 0.017313 0.009244
