1 0.180000 0.184454 0.053134 0.115126
1 0.338209 0.592437 0.207164 0.277311
24 0.911642 0.149160 0.026269 0.037815
2 0.896119 0.231933 0.014328 0.016807
2 0.212239 0.277731 0.018507 0.015966
2 0.918806 0.194118 0.017910 0.016807
2 0.920597 0.107983 0.015522 0.015966
3 0.137612 0.510084 0.022090 0.013445
3 0.537015 0.510504 0.018507 0.012605
4 0.517313 0.628571 0.013731 0.013445
0 0.382388 0.121008 0.008955 0.010084
2 0.841493 0.231933 0.016119 0.018487
2 0.419403 0.232353 0.017313 0.017647
2 0.382388 0.233613 0.014925 0.020168
3 0.417910 0.754622 0.019104 0.011765
2 0.859403 0.231513 0.014925 0.017647
2 0.576119 0.362605 0.019104 0.019328
2 0.537612 0.611345 0.017313 0.014286
2 0.256716 0.926471 0.017910 0.014286
2 0.404478 0.856303 0.011343 0.020168
4 0.877910 0.186975 0.014925 0.014286
23 0.842388 0.185294 0.014328 0.017647
2 0.399701 0.233193 0.016119 0.019328
3 0.277612 0.855042 0.020299 0.012605
35 0.134627 0.652101 0.026866 0.043697
3 0.321791 0.186134 0.010746 0.024370
0 0.247463 0.121429 0.010149 0.009244
3 0.441493 0.855882 0.019701 0.014286
0 0.878507 0.121849 0.011343 0.010084
54 0.711045 0.219328 0.038209 0.040336
4 0.859701 0.186134 0.011940 0.015966
2 0.877015 0.231933 0.016716 0.016807
2 0.322687 0.232773 0.016119 0.023529
2 0.703881 0.361765 0.019104 0.019328
3 0.181791 0.644118 0.019701 0.012605
4 0.501493 0.631092 0.014328 0.015126
3 0.659701 0.220168 0.020299 0.015126
28 0.319104 0.859664 0.024478 0.033613
2 0.477015 0.855882 0.011940 0.021008
54 0.584478 0.220168 0.040597 0.038655
4 0.537015 0.575210 0.013731 0.014286
3 0.095224 0.320588 0.019701 0.014286
3 0.796716 0.146218 0.018507 0.016807
2 0.298209 0.925630 0.016119 0.017647
25 0.175821 0.373109 0.022090 0.018487
2 0.105970 0.644118 0.011343 0.017647
2 0.306866 0.232353 0.017910 0.019328
3 0.095522 0.337395 0.019104 0.014286
3 0.531642 0.220588 0.023284 0.014286
2 0.453731 0.782353 0.019104 0.015126
3 0.182985 0.661765 0.019701 0.014286
25 0.177015 0.323109 0.020896 0.015966
4 0.257015 0.891176 0.016119 0.017647
0 0.345970 0.857143 0.011343 0.018487
0 0.111343 0.546639 0.010149 0.014286
4 0.137015 0.576471 0.012537 0.011765
2 0.135821 0.608403 0.016119 0.011765
4 0.182090 0.519748 0.010746 0.021008
2 0.209254 0.784454 0.017313 0.017647
4 0.474030 0.719328 0.015522 0.015126
3 0.485970 0.719328 0.010746 0.025210
0 0.565075 0.546218 0.010149 0.015126
4 0.493433 0.520588 0.010149 0.019328
0 0.502090 0.581933 0.010746 0.014286
4 0.314627 0.397059 0.010746 0.019328
4 0.361194 0.394958 0.019104 0.021849
25 0.176119 0.340756 0.019104 0.014286
25 0.176716 0.355882 0.023881 0.014286
2 0.243284 0.321008 0.013731 0.026891
2 0.243284 0.340756 0.012537 0.019328
2 0.243881 0.357143 0.013731 0.020168
2 0.244478 0.374370 0.013731 0.022689
4 0.305970 0.188235 0.014925 0.013445
3 0.347761 0.147479 0.020896 0.017647
23 0.382687 0.188655 0.013134 0.024370
4 0.398806 0.189496 0.016716 0.017647
4 0.416716 0.191176 0.014328 0.014286
3 0.437612 0.147059 0.020299 0.016807
3 0.530448 0.289916 0.020896 0.015126
54 0.581791 0.288655 0.044776 0.036134
6 0.639403 0.255462 0.027463 0.013445
3 0.658806 0.290336 0.019701 0.014286
54 0.709552 0.292437 0.043582 0.036975
3 0.787463 0.561765 0.016716 0.010924
3 0.788657 0.571008 0.019104 0.009244
3 0.788060 0.578151 0.015522 0.008403
3 0.788657 0.587815 0.017910 0.010924
3 0.787463 0.608403 0.016716 0.010084
3 0.788657 0.616387 0.019104 0.009244
3 0.788358 0.624790 0.018507 0.009244
3 0.788358 0.633193 0.019701 0.007563
30 0.832239 0.575210 0.029851 0.047899
30 0.833134 0.622269 0.030448 0.047899
2 0.875522 0.634034 0.011343 0.024370
2 0.105373 0.664286 0.011343 0.017647
