1 0.768337 0.766667 0.053303 0.038348
1 0.510706 0.378466 0.056492 0.043068
1 0.630524 0.555752 0.042825 0.053097
1 0.630068 0.644838 0.044647 0.050737
3 0.669248 0.718289 0.015490 0.008850
1 0.509567 0.567257 0.055125 0.039528
3 0.669932 0.781416 0.015945 0.008850
24 0.480410 0.746313 0.014123 0.020059
1 0.634396 0.478466 0.042369 0.055457
1 0.634624 0.390265 0.039180 0.053687
3 0.811845 0.492330 0.016401 0.008850
3 0.311845 0.557817 0.014123 0.008850
1 0.348064 0.672566 0.019134 0.027139
1 0.357403 0.826549 0.020501 0.031858
2 0.843508 0.618879 0.006834 0.014159
24 0.873576 0.441888 0.015034 0.036578
2 0.846469 0.453982 0.009112 0.014749
24 0.871754 0.606195 0.015945 0.035988
2 0.291572 0.782891 0.011845 0.008260
2 0.772437 0.589676 0.010478 0.008850
2 0.772210 0.423599 0.013667 0.009440
3 0.417312 0.420354 0.012756 0.006490
2 0.693166 0.525074 0.012301 0.009440
4 0.670159 0.638643 0.008200 0.012389
24 0.425057 0.587906 0.014579 0.045428
3 0.417312 0.438938 0.013667 0.004720
3 0.794989 0.667847 0.013667 0.007080
3 0.428702 0.634513 0.007289 0.017109
2 0.692483 0.610029 0.014579 0.014159
3 0.669021 0.738053 0.014123 0.009440
4 0.394761 0.748673 0.009567 0.010619
4 0.580638 0.637758 0.008656 0.011799
3 0.378588 0.562832 0.008200 0.018879
3 0.812984 0.568732 0.015945 0.009440
2 0.377904 0.636578 0.013212 0.008260
2 0.433030 0.461062 0.013212 0.011209
1 0.513212 0.482301 0.057859 0.039528
3 0.290661 0.739528 0.008200 0.017109
3 0.692938 0.588791 0.008200 0.016519
3 0.692711 0.566077 0.006834 0.019469
68 0.740091 0.379056 0.029613 0.056047
3 0.692938 0.393510 0.008200 0.017699
2 0.656264 0.687611 0.010478 0.008850
3 0.402961 0.409440 0.015034 0.007080
1 0.512984 0.640413 0.058314 0.047788
3 0.795444 0.505015 0.013667 0.008260
4 0.318679 0.754572 0.011390 0.010619
4 0.771982 0.705310 0.012301 0.011209
2 0.721640 0.768437 0.009112 0.014749
49 0.740319 0.630973 0.023690 0.060767
2 0.377677 0.770206 0.012756 0.008850
4 0.529157 0.735103 0.010478 0.018879
3 0.692027 0.483186 0.006378 0.017699
3 0.692938 0.508850 0.007289 0.015929
3 0.592483 0.391445 0.007745 0.015929
2 0.340091 0.815339 0.008656 0.009440
4 0.583599 0.471386 0.010023 0.011799
4 0.672437 0.471681 0.010023 0.012389
2 0.443280 0.572566 0.006378 0.011209
3 0.658770 0.408850 0.007289 0.016519
0 0.515490 0.700885 0.011390 0.009440
3 0.589749 0.642773 0.008656 0.018289
1 0.352392 0.744248 0.048747 0.025369
0 0.291572 0.429499 0.008200 0.011799
3 0.300000 0.421239 0.012301 0.008260
0 0.314579 0.450147 0.005923 0.010619
1 0.353075 0.435693 0.051025 0.072566
2 0.394761 0.451622 0.007745 0.012389
3 0.416856 0.426549 0.012756 0.007080
3 0.417312 0.433333 0.013667 0.005310
3 0.416629 0.445428 0.013212 0.005900
0 0.441230 0.433333 0.005923 0.010029
3 0.311390 0.594690 0.014123 0.009440
11 0.332118 0.558112 0.010934 0.023599
11 0.329385 0.594690 0.010934 0.020059
0 0.377449 0.545723 0.009567 0.005900
4 0.378815 0.605605 0.009567 0.013569
0 0.447608 0.577876 0.005923 0.008850
0 0.428018 0.616224 0.008656 0.007670
2 0.310023 0.666667 0.009567 0.016519
3 0.300000 0.683776 0.007745 0.017699
0 0.330296 0.678466 0.005467 0.010619
3 0.407289 0.677286 0.010023 0.020059
27 0.428474 0.678171 0.008656 0.027729
2 0.427335 0.709440 0.016401 0.013569
0 0.291344 0.720944 0.008656 0.007080
35 0.288838 0.766077 0.015490 0.018289
0 0.395444 0.723894 0.009112 0.009440
0 0.341686 0.823009 0.005467 0.005900
4 0.582688 0.384071 0.011845 0.011799
35 0.589977 0.418289 0.013667 0.016519
4 0.671298 0.384071 0.013212 0.009440
3 0.693166 0.419469 0.012301 0.020059
2 0.692711 0.438053 0.013212 0.008850
0 0.717995 0.393215 0.006378 0.013569
22 0.740319 0.418289 0.012756 0.016519
11 0.773804 0.404425 0.011390 0.018289
3 0.795216 0.415634 0.015034 0.012389
3 0.812984 0.404425 0.013212 0.011209
3 0.592711 0.479646 0.008200 0.018879
35 0.589977 0.506785 0.014579 0.016519
3 0.657403 0.497345 0.006378 0.016519
0 0.717084 0.479351 0.005467 0.008850
68 0.740547 0.466372 0.029613 0.056047
22 0.740547 0.505310 0.012301 0.014749
11 0.774715 0.492920 0.013212 0.019469
2 0.771754 0.511799 0.012756 0.011209
4 0.580182 0.547788 0.011390 0.008850
35 0.588610 0.583481 0.011845 0.017699
3 0.590433 0.556047 0.007289 0.017109
3 0.655809 0.574926 0.008656 0.017109
4 0.669021 0.548673 0.012301 0.009440
68 0.740319 0.542773 0.030979 0.056637
0 0.718223 0.556932 0.005923 0.012979
22 0.739180 0.580531 0.010478 0.014159
11 0.774943 0.568732 0.010023 0.018879
3 0.794989 0.582301 0.013667 0.009440
4 0.527107 0.757227 0.009112 0.014749
35 0.588610 0.672271 0.013667 0.015929
3 0.656264 0.663422 0.007745 0.015929
0 0.718223 0.646313 0.009567 0.012389
22 0.739863 0.668437 0.010023 0.012979
11 0.775171 0.657227 0.009567 0.020059
2 0.772437 0.676991 0.011390 0.011209
3 0.814351 0.658112 0.016856 0.010029
3 0.668793 0.760472 0.017312 0.011799
2 0.747153 0.728024 0.008200 0.014159
4 0.772210 0.728319 0.008200 0.012389
0 0.791572 0.728024 0.009567 0.008260
0 0.714351 0.754867 0.008200 0.010029
3 0.731663 0.753687 0.012756 0.008850
3 0.731435 0.760472 0.013212 0.007080
0 0.804784 0.766962 0.006834 0.009440
3 0.403417 0.415929 0.015034 0.007080
