1 0.499580 0.198817 0.123529 0.210651
3 0.596218 0.248521 0.026050 0.016568
18 0.155042 0.918343 0.019328 0.035503
3 0.595798 0.283432 0.023529 0.017751
2 0.341176 0.794675 0.025210 0.024852
4 0.147899 0.620118 0.021849 0.023669
2 0.865966 0.699408 0.026050 0.026036
18 0.184874 0.918935 0.020168 0.034320
2 0.193697 0.363314 0.024370 0.026036
2 0.117647 0.363905 0.023529 0.022485
1 0.073529 0.244970 0.057983 0.205917
2 0.671429 0.142012 0.015126 0.030769
24 0.373950 0.486391 0.031933 0.040237
2 0.138655 0.120710 0.023529 0.023669
3 0.340336 0.742012 0.013445 0.037870
51 0.090336 0.621302 0.032773 0.021302
3 0.865966 0.601775 0.012605 0.039053
4 0.478151 0.618935 0.013445 0.028402
4 0.223109 0.685207 0.017647 0.035503
3 0.340756 0.667456 0.014286 0.037870
42 0.827731 0.507692 0.015126 0.040237
4 0.478992 0.589349 0.013445 0.023669
4 0.226891 0.227811 0.018487 0.017751
4 0.252101 0.227811 0.018487 0.017751
3 0.828571 0.602367 0.013445 0.040237
2 0.681092 0.322485 0.024370 0.022485
4 0.478571 0.559172 0.012605 0.024852
51 0.128571 0.222485 0.031933 0.018935
4 0.273109 0.227219 0.016807 0.018935
35 0.652521 0.278107 0.029412 0.035503
42 0.604202 0.532544 0.033613 0.023669
3 0.181092 0.685207 0.012605 0.037870
4 0.785714 0.608284 0.018487 0.026036
3 0.601261 0.117751 0.026050 0.015385
51 0.129412 0.252663 0.033613 0.015385
42 0.747479 0.508876 0.015966 0.042604
42 0.349160 0.271598 0.032773 0.020118
2 0.429412 0.056213 0.021849 0.022485
42 0.340756 0.531953 0.032773 0.024852
4 0.403361 0.198225 0.013445 0.027219
42 0.865966 0.507692 0.014286 0.040237
51 0.350840 0.226627 0.034454 0.020118
4 0.193277 0.222485 0.018487 0.026036
51 0.129412 0.201183 0.031933 0.014201
51 0.130252 0.173373 0.031933 0.017751
3 0.268908 0.619527 0.030252 0.015385
51 0.128992 0.273373 0.032773 0.018935
42 0.360504 0.157396 0.031933 0.016568
18 0.214286 0.917751 0.018487 0.031953
42 0.688655 0.226036 0.032773 0.016568
51 0.313445 0.703550 0.031933 0.020118
18 0.243697 0.917751 0.020168 0.034320
42 0.687815 0.214793 0.031092 0.017751
51 0.350840 0.239053 0.034454 0.018935
4 0.478571 0.530769 0.012605 0.024852
42 0.360504 0.142012 0.031933 0.016568
2 0.252101 0.362722 0.023529 0.024852
42 0.689076 0.238462 0.031933 0.013018
42 0.747899 0.508876 0.016807 0.044970
2 0.650000 0.155621 0.022689 0.024852
4 0.592017 0.141420 0.012605 0.017751
35 0.652941 0.241420 0.025210 0.033136
42 0.687815 0.200592 0.032773 0.015385
42 0.360924 0.124260 0.032773 0.018935
4 0.402941 0.260355 0.015966 0.021302
51 0.128151 0.237278 0.032773 0.015385
2 0.649160 0.105325 0.017647 0.026036
22 0.384874 0.621302 0.023529 0.035503
21 0.747059 0.607692 0.026891 0.057988
42 0.689076 0.186982 0.031933 0.018935
2 0.648319 0.130178 0.014286 0.023669
2 0.497899 0.058580 0.024370 0.024852
4 0.410084 0.105325 0.015126 0.023669
51 0.130672 0.188166 0.036134 0.014201
