1 0.550000 0.331731 0.114458 0.290385
75 0.331325 0.165385 0.033735 0.053846
3 0.789759 0.296154 0.015663 0.053846
4 0.621687 0.375000 0.024096 0.038462
1 0.125301 0.366346 0.084337 0.144231
4 0.681325 0.374038 0.025301 0.040385
2 0.187349 0.437500 0.030120 0.028846
4 0.452410 0.260577 0.025301 0.036538
2 0.451807 0.323077 0.033735 0.030769
2 0.234940 0.611538 0.033735 0.030769
2 0.175301 0.611538 0.034940 0.030769
4 0.451807 0.470192 0.028916 0.036538
4 0.741566 0.222115 0.022892 0.044231
2 0.886145 0.246154 0.034940 0.030769
2 0.741566 0.283654 0.032530 0.032692
2 0.572289 0.534615 0.031325 0.026923
75 0.681325 0.641346 0.032530 0.055769
2 0.693373 0.283654 0.032530 0.032692
24 0.321687 0.522115 0.038554 0.067308
3 0.295783 0.260577 0.020482 0.055769
35 0.335542 0.383654 0.034940 0.051923
2 0.740361 0.631731 0.030120 0.028846
2 0.392771 0.303846 0.031325 0.026923
2 0.187952 0.290385 0.028916 0.030769
3 0.825301 0.298077 0.016867 0.053846
4 0.692771 0.222115 0.024096 0.036538
2 0.704217 0.435577 0.030120 0.032692
23 0.391566 0.249038 0.024096 0.032692
2 0.065060 0.398077 0.031325 0.030769
3 0.234940 0.548077 0.019277 0.057692
75 0.774699 0.375962 0.038554 0.051923
75 0.774699 0.604808 0.036145 0.048077
75 0.356627 0.277885 0.036145 0.048077
3 0.488554 0.587500 0.042169 0.032692
3 0.621084 0.492308 0.020482 0.057692
35 0.384940 0.406731 0.039759 0.051923
0 0.295783 0.204808 0.018072 0.017308
3 0.175301 0.550000 0.022892 0.057692
22 0.886145 0.181731 0.027711 0.055769
6 0.824096 0.200962 0.016867 0.075000
22 0.236145 0.253846 0.028916 0.042308
26 0.739157 0.495192 0.032530 0.144231
