35 0.183193 0.598225 0.026891 0.034320
1 0.181933 0.186391 0.096639 0.166864
2 0.216807 0.494675 0.011765 0.026036
1 0.437815 0.431953 0.060504 0.056805
1 0.172269 0.495858 0.063866 0.052071
1 0.437395 0.168639 0.081513 0.079290
2 0.080672 0.546154 0.023529 0.020118
4 0.442437 0.301775 0.019328 0.023669
2 0.125210 0.102367 0.021849 0.020118
4 0.442017 0.266864 0.018487 0.020118
3 0.256723 0.530769 0.012605 0.034320
3 0.277311 0.223077 0.011765 0.031953
42 0.398739 0.284615 0.031092 0.017751
2 0.363866 0.158580 0.013445 0.028402
2 0.298319 0.527811 0.023529 0.021302
4 0.297899 0.488757 0.019328 0.023669
2 0.236975 0.262130 0.023529 0.017751
2 0.476891 0.282840 0.014286 0.030769
2 0.239916 0.101775 0.022689 0.021302
2 0.620168 0.282840 0.013445 0.028402
4 0.081092 0.459763 0.019328 0.017751
24 0.873109 0.197041 0.028571 0.088757
2 0.484874 0.208876 0.021849 0.017751
3 0.142857 0.602959 0.026891 0.015385
35 0.553361 0.140828 0.022689 0.033136
3 0.373109 0.195858 0.011765 0.031953
2 0.852521 0.239645 0.017647 0.015385
3 0.256723 0.482249 0.012605 0.034320
2 0.054202 0.180473 0.021008 0.017751
2 0.373529 0.234320 0.026050 0.018935
3 0.508824 0.455030 0.010924 0.034320
2 0.256723 0.569231 0.026050 0.021302
2 0.185294 0.286982 0.024370 0.017751
4 0.089076 0.514793 0.018487 0.018935
2 0.358403 0.419527 0.012605 0.027219
0 0.429832 0.085207 0.012605 0.011834
3 0.386975 0.418935 0.026050 0.014201
2 0.213445 0.601775 0.013445 0.029586
35 0.552521 0.186982 0.024370 0.028402
0 0.844958 0.155030 0.012605 0.011834
0 0.495798 0.137278 0.011765 0.011834
42 0.381933 0.119527 0.014286 0.037870
0 0.113866 0.592899 0.014286 0.011834
2 0.124790 0.250888 0.022689 0.018935
3 0.074790 0.166272 0.026891 0.017751
0 0.089076 0.213018 0.011765 0.016568
0 0.542017 0.275148 0.015126 0.013018
42 0.496218 0.094675 0.029412 0.018935
42 0.719328 0.231361 0.013445 0.043787
0 0.739916 0.210059 0.012605 0.010651
42 0.635714 0.166272 0.032773 0.020118
4 0.584034 0.266272 0.016807 0.023669
3 0.592017 0.148521 0.026050 0.017751
42 0.050000 0.438462 0.032773 0.017751
0 0.254622 0.144379 0.013445 0.014201
6 0.171008 0.436095 0.037815 0.015385
0 0.525210 0.488166 0.015126 0.010651
30 0.727311 0.147337 0.061345 0.074556
4 0.584454 0.301775 0.015966 0.028402
0 0.255882 0.223077 0.014286 0.013018
4 0.486555 0.418935 0.013445 0.023669
26 0.587815 0.457396 0.022689 0.029586
6 0.171008 0.436095 0.037815 0.015385
0 0.086134 0.210651 0.012605 0.016568
3 0.591597 0.184024 0.025210 0.015385
0 0.102521 0.142604 0.016807 0.017751
22 0.222269 0.436095 0.019328 0.020118
0 0.298319 0.410059 0.011765 0.015385
26 0.554622 0.457396 0.020168 0.022485
3 0.457983 0.093491 0.028571 0.021302
