1 0.719858 0.209302 0.134752 0.116279
3 0.188534 0.492525 0.034279 0.021595
3 0.188534 0.525748 0.034279 0.021595
1 0.134752 0.167774 0.089835 0.119601
2 0.055556 0.161130 0.021277 0.039867
18 0.673168 0.477575 0.029551 0.044850
3 0.632388 0.111296 0.037825 0.019934
2 0.263593 0.491694 0.023641 0.036545
4 0.755910 0.112126 0.029551 0.031561
24 0.417849 0.492525 0.036643 0.054817
24 0.547872 0.493355 0.036643 0.056478
2 0.371749 0.521595 0.031915 0.029900
2 0.147754 0.563953 0.030733 0.028239
2 0.733452 0.306478 0.029551 0.028239
2 0.869385 0.313953 0.034279 0.036545
2 0.802009 0.112957 0.022459 0.036545
7 0.366430 0.144518 0.035461 0.019934
2 0.331560 0.265781 0.034279 0.033223
18 0.673759 0.568937 0.030733 0.048173
2 0.508274 0.523256 0.028369 0.029900
0 0.703310 0.074751 0.018913 0.016611
7 0.904255 0.186877 0.035461 0.021595
2 0.147163 0.454319 0.029551 0.031561
2 0.208038 0.105482 0.026005 0.028239
18 0.756501 0.576412 0.028369 0.046512
2 0.208038 0.232558 0.030733 0.029900
4 0.868794 0.220930 0.026005 0.029900
2 0.258865 0.528239 0.023641 0.033223
0 0.508274 0.470930 0.018913 0.014950
35 0.570922 0.163621 0.033097 0.061462
18 0.755910 0.478405 0.031915 0.049834
0 0.315603 0.144518 0.011820 0.023256
0 0.223404 0.194352 0.014184 0.023256
0 0.410165 0.145349 0.011820 0.024917
0 0.222813 0.142027 0.017730 0.028239
25 0.330969 0.203488 0.028369 0.051495
30 0.114657 0.505814 0.063830 0.074751
35 0.597518 0.170266 0.031915 0.044850
