3 0.378992 0.372189 0.025210 0.017751
1 0.471849 0.370414 0.076471 0.073373
3 0.411765 0.372781 0.025210 0.016568
3 0.428571 0.425444 0.011765 0.031953
1 0.169328 0.394083 0.044538 0.075740
2 0.466807 0.511243 0.024370 0.018935
4 0.428151 0.471598 0.021008 0.017751
24 0.782353 0.400592 0.050420 0.062722
4 0.512605 0.471598 0.018487 0.020118
2 0.361345 0.321302 0.026891 0.020118
3 0.580672 0.376331 0.011765 0.037870
2 0.782353 0.339053 0.023529 0.020118
42 0.726471 0.449112 0.029412 0.020118
51 0.598319 0.443195 0.030252 0.020118
51 0.216807 0.378107 0.031933 0.020118
42 0.605042 0.336686 0.031933 0.020118
2 0.521429 0.326627 0.021008 0.018935
42 0.377311 0.395266 0.028571 0.018935
2 0.163445 0.464497 0.021008 0.017751
3 0.399160 0.424260 0.011765 0.036686
35 0.537395 0.366864 0.022689 0.030769
35 0.534034 0.415976 0.024370 0.034320
