1 0.187815 0.170414 0.054622 0.082840
1 0.505882 0.170414 0.072269 0.052071
4 0.323529 0.497041 0.016807 0.035503
2 0.201681 0.244379 0.023529 0.015385
1 0.210924 0.478107 0.062185 0.040237
4 0.109244 0.497041 0.018487 0.021302
2 0.286555 0.556213 0.025210 0.018935
2 0.615126 0.157988 0.013445 0.027219
3 0.542437 0.513609 0.012605 0.035503
4 0.285714 0.492899 0.018487 0.029586
2 0.117647 0.214793 0.023529 0.020118
2 0.110084 0.556213 0.025210 0.018935
2 0.554622 0.233728 0.023529 0.017751
24 0.781513 0.548521 0.050420 0.039053
2 0.378571 0.185207 0.022689 0.017751
4 0.143277 0.504142 0.015966 0.030769
24 0.687395 0.290533 0.031933 0.048521
0 0.368067 0.472781 0.010084 0.020118
2 0.542437 0.463314 0.026050 0.020118
2 0.584034 0.233728 0.023529 0.017751
3 0.133613 0.163905 0.021849 0.010651
4 0.411345 0.187574 0.019328 0.015385
4 0.436555 0.187574 0.017647 0.015385
2 0.662605 0.312426 0.017647 0.016568
15 0.542857 0.603550 0.031933 0.042604
0 0.457983 0.593491 0.013445 0.013018
2 0.725630 0.288757 0.012605 0.028402
35 0.446639 0.153846 0.017647 0.030769
0 0.096639 0.143195 0.015126 0.011834
3 0.567227 0.159172 0.026891 0.017751
2 0.825210 0.539645 0.020168 0.018935
0 0.601261 0.592899 0.014286 0.011834
0 0.073529 0.479290 0.010924 0.018935
4 0.554622 0.201183 0.018487 0.016568
3 0.406303 0.159763 0.022689 0.016568
0 0.378151 0.150296 0.015126 0.014201
4 0.583613 0.201183 0.019328 0.016568
22 0.488235 0.571598 0.018487 0.030769
3 0.133613 0.176923 0.025210 0.013018
0 0.461345 0.233136 0.018487 0.018935
0 0.612185 0.186982 0.012605 0.016568
0 0.663866 0.272781 0.011765 0.013018
0 0.486134 0.533728 0.017647 0.016568
0 0.768067 0.516568 0.015126 0.015385
0 0.785294 0.517751 0.015966 0.015385
