1 0.187815 0.170414 0.054622 0.082840
1 0.505882 0.170414 0.072269 0.052071
2 0.201681 0.247929 0.023529 0.015385
1 0.202101 0.488757 0.054622 0.049704
2 0.615966 0.156805 0.013445 0.027219
6 0.271849 0.476923 0.032773 0.011834
3 0.651681 0.513609 0.012605 0.035503
4 0.336134 0.502367 0.015126 0.024852
2 0.117647 0.215385 0.023529 0.018935
2 0.554622 0.233728 0.023529 0.017751
24 0.684454 0.290533 0.032773 0.048521
3 0.297899 0.550296 0.010924 0.037870
2 0.378571 0.185207 0.022689 0.017751
2 0.109664 0.556213 0.024370 0.018935
2 0.584034 0.233728 0.023529 0.017751
3 0.135294 0.163905 0.028571 0.015385
4 0.373950 0.504142 0.016807 0.030769
4 0.412185 0.504734 0.015966 0.031953
4 0.092857 0.503550 0.019328 0.027219
2 0.336134 0.604142 0.026891 0.020118
0 0.456723 0.478698 0.009244 0.020118
4 0.411345 0.187574 0.019328 0.015385
2 0.651681 0.462722 0.026050 0.021302
3 0.297899 0.501183 0.010924 0.031953
4 0.436555 0.187574 0.017647 0.015385
2 0.663025 0.311834 0.018487 0.015385
0 0.567647 0.593491 0.014286 0.013018
2 0.725630 0.288757 0.012605 0.028402
3 0.568067 0.160355 0.025210 0.015385
35 0.446639 0.153846 0.017647 0.030769
0 0.097059 0.143195 0.014286 0.011834
0 0.710504 0.593491 0.014286 0.010651
4 0.554622 0.201183 0.018487 0.016568
0 0.378151 0.150296 0.015126 0.014201
0 0.073529 0.478698 0.010924 0.017751
3 0.406303 0.159172 0.022689 0.015385
4 0.583193 0.201183 0.018487 0.016568
3 0.134454 0.178698 0.026891 0.018935
0 0.461345 0.233136 0.013445 0.016568
0 0.613445 0.185207 0.015126 0.020118
0 0.663025 0.272189 0.015126 0.016568
0 0.596218 0.532544 0.012605 0.018935
22 0.596639 0.575740 0.018487 0.029586
15 0.652941 0.601183 0.038655 0.047337
