3 0.495798 0.472189 0.013445 0.035503
24 0.873529 0.297633 0.026050 0.043787
2 0.496639 0.511834 0.025210 0.024852
24 0.064286 0.296450 0.026050 0.041420
2 0.080672 0.317751 0.018487 0.017751
2 0.571849 0.351479 0.024370 0.023669
2 0.777311 0.352071 0.023529 0.022485
1 0.400000 0.389349 0.097479 0.073373
3 0.252101 0.317160 0.013445 0.035503
2 0.232773 0.414201 0.016807 0.026036
2 0.855882 0.317751 0.019328 0.022485
4 0.155882 0.313018 0.017647 0.027219
3 0.306723 0.413018 0.026891 0.016568
4 0.752521 0.312426 0.019328 0.023669
2 0.134874 0.357396 0.026050 0.026036
35 0.217647 0.367456 0.028571 0.034320
0 0.827731 0.279882 0.013445 0.010651
23 0.803361 0.311834 0.016807 0.031953
4 0.311765 0.339645 0.020168 0.028402
4 0.268908 0.413609 0.018487 0.022485
23 0.109664 0.307101 0.017647 0.027219
0 0.533613 0.505917 0.018487 0.015385
2 0.337395 0.377515 0.015966 0.021302
3 0.677311 0.289941 0.026891 0.016568
35 0.271429 0.366864 0.028571 0.033136
0 0.097059 0.281657 0.010924 0.014201
0 0.457563 0.378107 0.007563 0.017751
20 0.528151 0.445562 0.024370 0.046154
22 0.571008 0.313609 0.017647 0.028402
8 0.487815 0.292308 0.027731 0.037870
43 0.503361 0.418935 0.023529 0.040237
43 0.542017 0.480473 0.023529 0.030769
6 0.622269 0.288757 0.036134 0.018935
43 0.663445 0.337870 0.022689 0.034320
43 0.705882 0.337870 0.023529 0.031953
