1 0.172689 0.266272 0.073109 0.087574
1 0.513445 0.276331 0.080672 0.067456
1 0.758824 0.130178 0.048739 0.071006
24 0.551261 0.183432 0.025210 0.042604
3 0.555042 0.365680 0.012605 0.037870
4 0.621849 0.213018 0.016807 0.028402
3 0.226471 0.258580 0.022689 0.013018
4 0.319748 0.342012 0.017647 0.037870
2 0.286134 0.400592 0.024370 0.017751
2 0.555462 0.467456 0.023529 0.018935
4 0.647899 0.307101 0.016807 0.031953
4 0.681933 0.213609 0.014286 0.027219
4 0.652101 0.212426 0.015126 0.024852
4 0.715546 0.212426 0.015966 0.027219
2 0.647059 0.424260 0.023529 0.022485
4 0.286555 0.341420 0.016807 0.031953
2 0.735294 0.294083 0.023529 0.020118
3 0.617647 0.306509 0.011765 0.037870
2 0.255042 0.266272 0.014286 0.023669
3 0.285714 0.288757 0.013445 0.035503
4 0.618067 0.364497 0.019328 0.030769
2 0.571849 0.149704 0.022689 0.022485
35 0.378571 0.386391 0.027731 0.036686
35 0.436555 0.388166 0.026050 0.030769
42 0.656303 0.271598 0.020168 0.017751
27 0.553361 0.424260 0.014286 0.043787
3 0.225630 0.273964 0.022689 0.013018
35 0.418487 0.392899 0.028571 0.035503
35 0.359244 0.394675 0.026050 0.029586
2 0.512605 0.197633 0.020168 0.018935
6 0.587395 0.269822 0.038655 0.016568
