2 0.505825 0.147899 0.007767 0.013445
1 0.518447 0.141597 0.020712 0.121849
0 0.531392 0.105882 0.005178 0.013445
0 0.532362 0.181092 0.005178 0.015966
2 0.540129 0.076050 0.009709 0.015966
3 0.540615 0.105042 0.004854 0.023529
3 0.540291 0.188235 0.005502 0.026891
2 0.540453 0.217647 0.009709 0.015126
0 0.569417 0.106303 0.005502 0.009244
23 0.563430 0.132773 0.006472 0.018487
25 0.575890 0.134034 0.006149 0.024370
2 0.569741 0.166387 0.008738 0.015126
2 0.504693 0.297059 0.010032 0.015966
1 0.524919 0.282353 0.021359 0.060504
0 0.540939 0.263866 0.004854 0.015126
2 0.543366 0.297899 0.006472 0.022689
23 0.563754 0.286134 0.008414 0.021008
0 0.569417 0.257983 0.006149 0.010084
25 0.576699 0.284454 0.005825 0.024370
2 0.569741 0.316387 0.009385 0.017647
0 0.667638 0.252521 0.007120 0.010924
1 0.683819 0.261765 0.022006 0.032773
2 0.684628 0.302101 0.008091 0.019328
2 0.753074 0.197059 0.005178 0.021008
2 0.753722 0.232773 0.005825 0.021849
3 0.763592 0.196218 0.008738 0.014286
3 0.764239 0.231092 0.009385 0.015126
35 0.775890 0.200840 0.008738 0.028571
35 0.776052 0.236555 0.008414 0.027731
0 0.766019 0.102101 0.006472 0.012605
4 0.773625 0.125630 0.009385 0.012605
1 0.795955 0.105042 0.030097 0.038655
2 0.796440 0.154202 0.009709 0.012605
4 0.814078 0.124370 0.008738 0.015126
4 0.825890 0.125630 0.007120 0.012605
0 0.824919 0.102101 0.005178 0.009244
2 0.793204 0.238655 0.006472 0.021849
27 0.807605 0.234874 0.016505 0.012605
4 0.807282 0.247479 0.004207 0.015966
3 0.819903 0.256723 0.009385 0.022689
0 0.820874 0.281933 0.005502 0.012605
0 0.817314 0.324790 0.004207 0.009244
2 0.817638 0.367647 0.010680 0.017647
24 0.837702 0.344538 0.011327 0.052101
0 0.855502 0.298319 0.004854 0.018487
0 0.865372 0.337815 0.007120 0.008403
4 0.865696 0.361765 0.007120 0.014286
4 0.873786 0.360924 0.009709 0.012605
2 0.865696 0.389496 0.008414 0.014286
1 0.882524 0.244958 0.042718 0.145378
2 0.909547 0.309244 0.009385 0.016807
2 0.909871 0.109664 0.007443 0.014286
3 0.909223 0.138655 0.005502 0.023529
35 0.906958 0.168067 0.011327 0.021849
3 0.915372 0.239496 0.010032 0.016807
3 0.916019 0.273109 0.009385 0.013445
0 0.922654 0.281092 0.004531 0.010924
2 0.935437 0.148319 0.007443 0.015966
4 0.934951 0.175630 0.007120 0.010084
2 0.942880 0.182773 0.008738 0.015966
14 0.938511 0.210924 0.012945 0.033613
2 0.926861 0.239496 0.004531 0.018487
2 0.938350 0.242017 0.007443 0.011765
27 0.933819 0.253361 0.014563 0.010924
4 0.933657 0.265546 0.005178 0.015126
2 0.944822 0.256723 0.005502 0.019328
4 0.948544 0.234874 0.005178 0.017647
2 0.955178 0.224790 0.008738 0.021008
1 0.872977 0.485294 0.031392 0.081513
2 0.897411 0.458403 0.006472 0.027731
4 0.905502 0.450420 0.009061 0.013445
70 0.895955 0.580672 0.080583 0.089076
18 0.746278 0.704622 0.010356 0.031092
18 0.747087 0.755462 0.011327 0.030252
18 0.777346 0.702941 0.011003 0.027731
18 0.777184 0.755042 0.010680 0.031092
2 0.578803 0.549160 0.006149 0.022689
0 0.578803 0.583613 0.004207 0.014286
4 0.582039 0.567227 0.008738 0.013445
4 0.589159 0.566387 0.006149 0.011765
1 0.623139 0.546218 0.022977 0.050420
2 0.636084 0.498319 0.004854 0.021849
3 0.640129 0.515966 0.005825 0.023529
3 0.651618 0.516387 0.004854 0.024370
0 0.676537 0.533613 0.006796 0.011765
3 0.676375 0.557983 0.007120 0.025210
0 0.687379 0.534454 0.005178 0.010084
3 0.687702 0.558824 0.005825 0.026891
2 0.477670 0.633193 0.010356 0.015966
3 0.496602 0.588235 0.012621 0.013445
23 0.506472 0.600000 0.007767 0.020168
25 0.517314 0.605042 0.006149 0.021849
3 0.522654 0.605462 0.004531 0.024370
24 0.534951 0.593277 0.011650 0.033613
2 0.485922 0.639076 0.006796 0.015966
35 0.483981 0.665966 0.011974 0.019328
3 0.485113 0.701261 0.006472 0.024370
35 0.498867 0.745378 0.010680 0.026891
3 0.496602 0.777311 0.005502 0.025210
3 0.513107 0.757143 0.004207 0.021849
10 0.507605 0.773109 0.008091 0.026891
35 0.508576 0.809244 0.010032 0.020168
3 0.506958 0.841176 0.006149 0.023529
3 0.488350 0.887395 0.011650 0.013445
11 0.499676 0.886134 0.007767 0.027731
2 0.502104 0.915966 0.009385 0.013445
3 0.522654 0.752941 0.005825 0.025210
2 0.522492 0.779832 0.008738 0.013445
3 0.531715 0.759664 0.005825 0.023529
2 0.532201 0.787395 0.008091 0.015126
3 0.527346 0.832353 0.004207 0.021008
2 0.527508 0.859664 0.008414 0.013445
3 0.540777 0.833193 0.005178 0.022689
2 0.541262 0.860924 0.009385 0.014286
3 0.550324 0.833193 0.006796 0.024370
2 0.550000 0.858824 0.008738 0.013445
2 0.535761 0.709664 0.006796 0.021008
3 0.547087 0.709244 0.008738 0.015126
2 0.577670 0.655462 0.008414 0.016807
1 0.578803 0.728571 0.048867 0.119328
3 0.567638 0.822689 0.003883 0.026891
0 0.568123 0.847899 0.006796 0.013445
4 0.605340 0.822269 0.007443 0.012605
2 0.605178 0.852521 0.007767 0.015966
3 0.614563 0.805462 0.009061 0.012605
3 0.621845 0.824790 0.004854 0.026050
2 0.621036 0.851261 0.007120 0.013445
0 0.625566 0.805462 0.003883 0.012605
2 0.634466 0.796639 0.008738 0.016807
4 0.611165 0.766807 0.005502 0.024370
6 0.627184 0.750840 0.014887 0.012605
4 0.634304 0.768487 0.007120 0.010924
0 0.646117 0.751261 0.004854 0.015126
2 0.638350 0.735714 0.006796 0.017647
4 0.624757 0.686975 0.007443 0.015966
4 0.631553 0.685714 0.006149 0.013445
2 0.635922 0.668487 0.005825 0.017647
2 0.650809 0.689076 0.007120 0.016807
4 0.638835 0.706723 0.005178 0.008403
4 0.645955 0.705042 0.007767 0.008403
