3 0.128358 0.830252 0.009552 0.025210
18 0.531045 0.700840 0.014925 0.025210
18 0.531343 0.750420 0.016716 0.026891
3 0.564478 0.228151 0.017313 0.012605
1 0.222985 0.728151 0.090149 0.120168
3 0.119104 0.750840 0.010149 0.022689
3 0.203284 0.820588 0.008955 0.024370
1 0.784776 0.244958 0.082985 0.140336
3 0.071642 0.774790 0.008358 0.026891
1 0.765672 0.486134 0.053134 0.078151
2 0.170448 0.858403 0.016119 0.017647
1 0.076716 0.133613 0.037612 0.112605
3 0.169851 0.833193 0.007761 0.026050
4 0.657313 0.122689 0.011940 0.015126
1 0.304478 0.544538 0.039403 0.048739
2 0.081194 0.912605 0.017910 0.016807
3 0.833134 0.136975 0.010149 0.026891
2 0.220896 0.654622 0.014328 0.018487
2 0.128358 0.857983 0.016716 0.016807
2 0.663284 0.366807 0.016716 0.017647
18 0.587761 0.701261 0.018507 0.027731
2 0.152239 0.857983 0.015522 0.016807
2 0.116716 0.068067 0.016119 0.015126
2 0.170746 0.155462 0.017910 0.016807
1 0.624179 0.109244 0.051940 0.031933
3 0.564478 0.195378 0.017313 0.010924
3 0.403582 0.558824 0.008358 0.023529
3 0.116418 0.096218 0.008358 0.021008
2 0.544478 0.229412 0.011940 0.018487
4 0.271642 0.821008 0.013134 0.015126
4 0.677910 0.122269 0.013731 0.014286
2 0.116716 0.205462 0.017313 0.015966
2 0.138507 0.789496 0.014328 0.015966
2 0.620299 0.236975 0.010746 0.018487
1 0.088060 0.270168 0.041194 0.057983
2 0.544478 0.195798 0.010746 0.018487
24 0.141791 0.590336 0.018507 0.029412
4 0.326269 0.767647 0.013731 0.014286
23 0.158507 0.122689 0.012537 0.018487
2 0.752537 0.387395 0.017313 0.015126
2 0.624179 0.151261 0.017313 0.016807
2 0.327463 0.795378 0.019701 0.021008
4 0.582687 0.122689 0.013134 0.018487
24 0.700597 0.344118 0.019701 0.046218
0 0.170746 0.246218 0.010746 0.008403
3 0.289552 0.803361 0.017910 0.013445
3 0.358806 0.516807 0.008358 0.023529
2 0.144179 0.707983 0.008955 0.017647
3 0.116119 0.177311 0.010149 0.023529
3 0.668955 0.252941 0.011343 0.023529
2 0.329851 0.496639 0.012537 0.016807
2 0.354627 0.686555 0.010746 0.018487
2 0.120000 0.778151 0.015522 0.018487
23 0.158507 0.273950 0.012537 0.018487
4 0.307164 0.682773 0.012537 0.012605
2 0.051343 0.286134 0.015522 0.015966
35 0.588060 0.201261 0.014328 0.027731
3 0.162687 0.706723 0.017313 0.015126
4 0.284776 0.768487 0.010746 0.017647
3 0.089552 0.837815 0.009552 0.026891
2 0.121791 0.289496 0.010746 0.017647
2 0.327463 0.665546 0.012537 0.016807
25 0.120000 0.602521 0.011940 0.021849
2 0.272239 0.849580 0.016716 0.016807
2 0.833433 0.108403 0.015522 0.016807
2 0.897910 0.254622 0.009552 0.018487
4 0.320299 0.682353 0.011343 0.011765
2 0.052836 0.143277 0.011343 0.022689
3 0.152239 0.831092 0.009552 0.023529
0 0.566866 0.100420 0.010149 0.009244
2 0.864179 0.238655 0.011343 0.020168
4 0.243881 0.566807 0.014925 0.009244
18 0.587761 0.751681 0.019701 0.029412
3 0.844478 0.238235 0.016119 0.014286
2 0.880896 0.146639 0.016119 0.019328
4 0.333433 0.702521 0.011343 0.011765
35 0.094030 0.806303 0.020896 0.022689
2 0.333433 0.734454 0.013731 0.021849
3 0.056716 0.885714 0.021493 0.011765
0 0.732537 0.294958 0.008358 0.016807
4 0.880896 0.175630 0.013731 0.016807
4 0.823284 0.450000 0.011940 0.021008
70 0.807463 0.584874 0.142687 0.089076
2 0.036119 0.629832 0.014925 0.017647
0 0.752836 0.334874 0.010746 0.009244
27 0.877313 0.252941 0.022090 0.011765
23 0.089851 0.598739 0.012537 0.015966
2 0.834627 0.307143 0.014328 0.017647
35 0.075224 0.744538 0.020299 0.026891
0 0.202687 0.844538 0.012537 0.010084
2 0.301791 0.849580 0.017313 0.016807
4 0.230448 0.567227 0.014328 0.011765
35 0.585672 0.233613 0.013134 0.026891
35 0.054328 0.702521 0.019104 0.020168
0 0.668657 0.279412 0.009552 0.012605
4 0.345970 0.702101 0.011343 0.012605
11 0.077015 0.884454 0.014328 0.027731
2 0.222687 0.549580 0.015522 0.020168
25 0.182388 0.123109 0.010149 0.024370
2 0.893134 0.179412 0.013134 0.015966
3 0.424478 0.558824 0.009552 0.023529
0 0.101791 0.097479 0.007761 0.013445
0 0.100299 0.173529 0.007164 0.014286
0 0.170149 0.097899 0.011940 0.010924
0 0.118209 0.256303 0.007164 0.015126
25 0.181493 0.277731 0.016716 0.026050
2 0.171343 0.310504 0.017910 0.017647
0 0.677313 0.102521 0.016119 0.011765
27 0.645075 0.233193 0.029254 0.015966
0 0.663284 0.326050 0.011940 0.013445
4 0.751940 0.362185 0.016119 0.015126
4 0.768060 0.362605 0.014925 0.015966
35 0.829552 0.170588 0.020896 0.023529
14 0.885970 0.208824 0.023881 0.034454
3 0.844179 0.272269 0.015522 0.011765
0 0.857313 0.280672 0.008358 0.010084
4 0.878209 0.264706 0.005970 0.015126
2 0.887164 0.242017 0.014328 0.011765
4 0.905373 0.236555 0.007761 0.015966
2 0.917612 0.223950 0.015522 0.014286
0 0.876119 0.467647 0.008955 0.015966
0 0.224478 0.583613 0.007164 0.012605
3 0.337313 0.516807 0.010746 0.023529
0 0.403284 0.534034 0.011343 0.009244
0 0.424179 0.535294 0.013731 0.011765
3 0.071940 0.588235 0.018507 0.013445
0 0.051642 0.644538 0.011343 0.011765
3 0.051343 0.667647 0.010746 0.024370
0 0.089552 0.749160 0.013134 0.012605
10 0.090746 0.773529 0.010746 0.027731
3 0.100896 0.756723 0.010746 0.024370
3 0.137015 0.760504 0.008955 0.021849
6 0.313731 0.751681 0.028060 0.012605
0 0.347463 0.752101 0.009552 0.015126
0 0.308955 0.805882 0.006567 0.013445
3 0.302090 0.823950 0.011940 0.024370
2 0.812537 0.459244 0.011940 0.029412
4 0.644478 0.247899 0.010149 0.015126
