1 0.181092 0.123077 0.068067 0.094675
1 0.229412 0.343195 0.089076 0.139645
1 0.233613 0.590533 0.089076 0.134911
2 0.318067 0.160355 0.014286 0.029586
2 0.142857 0.192899 0.023529 0.016568
2 0.318067 0.107101 0.014286 0.029586
2 0.131092 0.434320 0.025210 0.018935
2 0.204202 0.192308 0.020168 0.017751
3 0.332353 0.666864 0.027731 0.015385
3 0.289496 0.106509 0.026050 0.014201
3 0.167227 0.595858 0.011765 0.034320
3 0.164286 0.340828 0.012605 0.035503
2 0.135294 0.681065 0.025210 0.020118
3 0.328571 0.418935 0.026891 0.016568
3 0.306303 0.336686 0.024370 0.015385
2 0.328151 0.357396 0.019328 0.018935
3 0.289496 0.159172 0.026050 0.013018
0 0.180252 0.527811 0.012605 0.011834
3 0.310084 0.585799 0.026891 0.016568
51 0.307563 0.637870 0.028571 0.016568
51 0.304622 0.388757 0.027731 0.015385
0 0.176050 0.281065 0.012605 0.013018
4 0.352101 0.536686 0.015126 0.022485
51 0.342857 0.389349 0.026891 0.018935
51 0.345798 0.638462 0.029412 0.017751
4 0.151681 0.537278 0.014286 0.026036
4 0.146218 0.289349 0.013445 0.027219
0 0.167647 0.210059 0.014286 0.010651
4 0.349160 0.584024 0.017647 0.017751
4 0.349160 0.287574 0.014286 0.023669
22 0.349160 0.559763 0.015966 0.023669
35 0.148739 0.626036 0.028571 0.033136
2 0.331933 0.605917 0.020168 0.016568
26 0.461765 0.607692 0.021008 0.027219
4 0.344118 0.337278 0.015966 0.026036
35 0.143697 0.374556 0.030252 0.031953
51 0.426050 0.347929 0.030252 0.018935
51 0.499160 0.610059 0.033613 0.017751
6 0.309244 0.286391 0.040336 0.016568
22 0.344958 0.312426 0.019328 0.023669
51 0.497059 0.347929 0.032773 0.021302
6 0.313866 0.536686 0.044538 0.017751
51 0.424790 0.607692 0.034454 0.020118
26 0.461345 0.345562 0.023529 0.035503
