1 0.192017 0.271006 0.078151 0.089941
1 0.580252 0.298817 0.083193 0.076923
18 0.180672 0.639645 0.021849 0.036686
18 0.142857 0.639053 0.020168 0.035503
2 0.217647 0.492308 0.026891 0.018935
4 0.730252 0.397633 0.018487 0.026036
4 0.528992 0.400592 0.017647 0.022485
3 0.258824 0.313609 0.028571 0.016568
1 0.507983 0.573373 0.052941 0.053254
18 0.253782 0.637870 0.021849 0.035503
2 0.636555 0.670414 0.027731 0.022485
2 0.129832 0.270414 0.014286 0.027219
2 0.730672 0.439053 0.026050 0.021302
2 0.434454 0.311243 0.015126 0.028402
18 0.217227 0.640237 0.022689 0.037870
75 0.697479 0.573373 0.023529 0.020118
4 0.507563 0.402367 0.018487 0.023669
2 0.302941 0.270414 0.014286 0.029586
3 0.259244 0.224852 0.029412 0.016568
3 0.447059 0.626627 0.025210 0.015385
3 0.512185 0.298817 0.026050 0.015385
3 0.598319 0.572781 0.025210 0.014201
4 0.635714 0.608284 0.017647 0.023669
2 0.518487 0.447337 0.025210 0.018935
35 0.671429 0.325444 0.026891 0.028402
75 0.699160 0.649704 0.025210 0.021302
75 0.699160 0.650296 0.025210 0.020118
2 0.637395 0.259763 0.022689 0.020118
3 0.711345 0.343195 0.012605 0.035503
75 0.542017 0.494083 0.018487 0.034320
75 0.178571 0.475148 0.026050 0.015385
4 0.560084 0.557988 0.012605 0.027219
2 0.637395 0.259763 0.022689 0.022485
75 0.177731 0.454438 0.026050 0.016568
0 0.435294 0.375740 0.013445 0.024852
3 0.473529 0.377515 0.029412 0.016568
35 0.671429 0.293491 0.025210 0.030769
15 0.427311 0.596450 0.024370 0.035503
0 0.256723 0.268047 0.019328 0.029586
0 0.220588 0.443195 0.027731 0.034320
8 0.425630 0.549112 0.029412 0.035503
75 0.619748 0.496450 0.015966 0.041420
22 0.660084 0.571006 0.017647 0.027219
