3 0.936170 0.439369 0.018913 0.051495
18 0.435579 0.681894 0.029551 0.048173
1 0.750000 0.375415 0.119385 0.112957
18 0.486998 0.681894 0.028369 0.044850
1 0.203901 0.337209 0.107565 0.126246
18 0.539007 0.681063 0.028369 0.046512
4 0.804965 0.563953 0.021277 0.034884
4 0.679078 0.517442 0.024823 0.031561
2 0.650709 0.591362 0.036643 0.029900
2 0.361111 0.335548 0.020095 0.039867
4 0.649527 0.514950 0.024823 0.029900
2 0.240544 0.622924 0.036643 0.029900
18 0.591608 0.681063 0.027187 0.046512
2 0.117612 0.335548 0.020095 0.039867
3 0.600473 0.485050 0.040189 0.023256
4 0.729314 0.515781 0.023641 0.034884
2 0.781324 0.531561 0.026005 0.026578
3 0.656619 0.376246 0.036643 0.021595
2 0.831560 0.319767 0.029551 0.028239
2 0.545508 0.390365 0.020095 0.036545
3 0.300236 0.271595 0.035461 0.021595
3 0.300236 0.397010 0.035461 0.023256
75 0.184397 0.568937 0.040189 0.024917
75 0.781915 0.629568 0.022459 0.049834
75 0.184988 0.594684 0.039007 0.023256
0 0.547872 0.483389 0.022459 0.039867
75 0.828605 0.630399 0.021277 0.048173
35 0.877660 0.411960 0.031915 0.046512
35 0.881206 0.363787 0.036643 0.056478
0 0.300827 0.334718 0.022459 0.048173
0 0.239362 0.548173 0.029551 0.023256
