44 0.171849 0.863905 0.037815 0.049704
1 0.614286 0.230178 0.070588 0.065089
44 0.310924 0.863314 0.038655 0.048521
44 0.113025 0.862130 0.037815 0.050888
44 0.239916 0.862722 0.037815 0.049704
3 0.853361 0.680473 0.014286 0.037870
1 0.899580 0.259763 0.061345 0.081657
24 0.489916 0.150296 0.031933 0.044970
4 0.697899 0.295266 0.017647 0.020118
24 0.957143 0.567456 0.025210 0.041420
7 0.629832 0.485207 0.024370 0.016568
2 0.310924 0.918935 0.023529 0.020118
2 0.172269 0.918935 0.023529 0.020118
4 0.407563 0.684615 0.020168 0.017751
2 0.571429 0.734911 0.023529 0.018935
1 0.529832 0.660947 0.052941 0.053254
4 0.659664 0.188166 0.016807 0.021302
2 0.239496 0.919527 0.023529 0.018935
2 0.857563 0.610651 0.026050 0.021302
2 0.555042 0.136686 0.021008 0.020118
2 0.952941 0.253254 0.015126 0.026036
4 0.567647 0.176331 0.017647 0.018935
2 0.113866 0.919527 0.024370 0.018935
2 0.613025 0.173964 0.021008 0.018935
3 0.639076 0.696450 0.012605 0.031953
24 0.203782 0.222485 0.057983 0.255621
2 0.899160 0.735503 0.025210 0.020118
2 0.697479 0.332544 0.025210 0.018935
4 0.542437 0.176923 0.017647 0.015385
2 0.433613 0.235503 0.011765 0.028402
35 0.460504 0.213609 0.015126 0.034320
4 0.714286 0.265089 0.018487 0.018935
4 0.436975 0.685207 0.018487 0.021302
2 0.786555 0.255030 0.015126 0.027219
24 0.203782 0.528994 0.056303 0.255621
7 0.475630 0.485207 0.025210 0.018935
4 0.689076 0.643195 0.018487 0.017751
4 0.701261 0.189349 0.014286 0.021302
2 0.126471 0.652071 0.024370 0.018935
2 0.126471 0.351479 0.024370 0.018935
2 0.680672 0.149112 0.021849 0.016568
0 0.689496 0.599408 0.014286 0.010651
3 0.697479 0.247337 0.013445 0.030769
3 0.495378 0.225444 0.024370 0.015385
2 0.277731 0.357396 0.022689 0.018935
4 0.679832 0.188166 0.015126 0.021302
3 0.798739 0.655621 0.032773 0.016568
3 0.638655 0.643787 0.013445 0.037870
3 0.495378 0.249112 0.024370 0.015385
2 0.277311 0.657988 0.023529 0.018935
4 0.857143 0.555030 0.020168 0.016568
7 0.786555 0.485799 0.025210 0.017751
2 0.850420 0.227219 0.013445 0.026036
0 0.654202 0.484615 0.009244 0.017751
0 0.408403 0.607101 0.015126 0.016568
2 0.781933 0.167456 0.021008 0.015385
2 0.849580 0.293491 0.011765 0.018935
4 0.663866 0.642604 0.018487 0.023669
0 0.277311 0.092899 0.015126 0.015385
3 0.818067 0.251479 0.026050 0.015385
0 0.117647 0.091716 0.015126 0.013018
5 0.899160 0.567456 0.013445 0.036686
3 0.470588 0.673373 0.023529 0.016568
0 0.603361 0.484615 0.008403 0.017751
0 0.119328 0.391124 0.015126 0.015385
0 0.517647 0.212426 0.010084 0.015385
0 0.277731 0.392308 0.017647 0.015385
3 0.554622 0.237278 0.025210 0.015385
0 0.898739 0.522485 0.015966 0.010651
0 0.796639 0.141420 0.008403 0.015385
46 0.452941 0.124260 0.013445 0.016568
46 0.452521 0.182249 0.012605 0.014201
35 0.460084 0.243787 0.015966 0.035503
6 0.670168 0.221893 0.034454 0.013018
28 0.765126 0.121302 0.034454 0.060355
0 0.787815 0.116568 0.009244 0.015385
3 0.818487 0.265089 0.026891 0.014201
0 0.836975 0.240237 0.010084 0.016568
0 0.851681 0.275740 0.012605 0.011834
0 0.447899 0.484024 0.013445 0.018935
0 0.495378 0.484615 0.012605 0.020118
0 0.759664 0.482840 0.008403 0.018935
0 0.809664 0.486982 0.009244 0.020118
6 0.528992 0.608284 0.039496 0.018935
22 0.616387 0.608284 0.022689 0.023669
8 0.897479 0.657396 0.025210 0.031953
