18 0.269328 0.942604 0.021008 0.034320
18 0.235294 0.943195 0.021849 0.035503
18 0.301681 0.942604 0.021849 0.036686
18 0.336134 0.943787 0.021849 0.036686
4 0.235294 0.081065 0.018487 0.020118
2 0.643277 0.387574 0.024370 0.024852
1 0.294958 0.573373 0.084034 0.074556
2 0.105042 0.385799 0.023529 0.023669
2 0.176471 0.422485 0.023529 0.023669
2 0.181513 0.671006 0.023529 0.023669
4 0.655462 0.335503 0.018487 0.017751
3 0.483613 0.147337 0.012605 0.039053
4 0.193277 0.618343 0.018487 0.017751
2 0.298739 0.705325 0.024370 0.023669
1 0.289916 0.326036 0.082353 0.074556
1 0.312185 0.078107 0.084874 0.066272
2 0.293697 0.457988 0.024370 0.021302
24 0.063445 0.224852 0.026050 0.042604
3 0.483193 0.087574 0.013445 0.033136
2 0.760504 0.421893 0.026891 0.024852
2 0.311765 0.205325 0.025210 0.020118
35 0.406723 0.579882 0.021849 0.033136
1 0.756723 0.289941 0.083193 0.075740
23 0.630672 0.334320 0.017647 0.022485
0 0.058403 0.385799 0.012605 0.011834
4 0.508824 0.082840 0.014286 0.018935
23 0.168908 0.617751 0.016807 0.023669
22 0.160924 0.059763 0.026050 0.022485
35 0.868487 0.295858 0.021008 0.030769
26 0.328571 0.679882 0.025210 0.024852
3 0.566387 0.382840 0.028571 0.015385
2 0.571429 0.350296 0.023529 0.021302
2 0.109664 0.634320 0.022689 0.021302
3 0.109664 0.666864 0.027731 0.015385
3 0.101261 0.418343 0.029412 0.015385
4 0.189076 0.370414 0.018487 0.016568
0 0.063866 0.634320 0.013445 0.011834
26 0.789916 0.396450 0.026891 0.023669
3 0.486975 0.597633 0.024370 0.016568
26 0.323950 0.431953 0.026050 0.026036
35 0.534454 0.155621 0.026891 0.039053
35 0.400420 0.334911 0.026050 0.040237
3 0.470168 0.572781 0.022689 0.014201
0 0.526050 0.353846 0.013445 0.016568
0 0.555882 0.049704 0.012605 0.011834
4 0.214286 0.117160 0.018487 0.018935
3 0.529832 0.088166 0.012605 0.034320
3 0.482773 0.349112 0.024370 0.016568
3 0.134034 0.573373 0.027731 0.013018
23 0.189496 0.115976 0.017647 0.026036
22 0.382353 0.114201 0.018487 0.036686
3 0.466387 0.324260 0.023529 0.016568
3 0.130252 0.325444 0.025210 0.014201
23 0.163866 0.371006 0.015126 0.024852
3 0.932773 0.289349 0.021849 0.017751
3 0.949580 0.313609 0.025210 0.018935
3 0.950000 0.313609 0.026050 0.018935
16 0.062185 0.066864 0.045378 0.036686
35 0.437815 0.604734 0.028571 0.037870
23 0.432773 0.117751 0.013445 0.034320
6 0.406723 0.055621 0.040336 0.018935
4 0.453782 0.118935 0.025210 0.024852
35 0.430672 0.357396 0.022689 0.042604
3 0.595798 0.288757 0.028571 0.021302
35 0.895798 0.322485 0.018487 0.039053
