3 0.311345 0.542604 0.012605 0.034320
1 0.496639 0.441420 0.095798 0.130178
1 0.740756 0.510651 0.049580 0.081657
4 0.521849 0.544379 0.018487 0.023669
3 0.345378 0.525444 0.013445 0.035503
3 0.479412 0.294675 0.012605 0.037870
3 0.668908 0.343787 0.011765 0.034320
4 0.596218 0.388166 0.017647 0.026036
3 0.676471 0.544379 0.013445 0.035503
3 0.597059 0.342604 0.014286 0.034320
3 0.311345 0.478698 0.012605 0.039053
4 0.415966 0.572189 0.018487 0.020118
51 0.289916 0.513018 0.030252 0.022485
3 0.382773 0.502367 0.027731 0.015385
0 0.394958 0.228994 0.021849 0.015385
4 0.667647 0.388166 0.015966 0.028402
2 0.311765 0.582840 0.025210 0.024852
4 0.394538 0.353846 0.017647 0.023669
3 0.579832 0.520118 0.028571 0.015385
2 0.395378 0.392899 0.026050 0.023669
2 0.417227 0.610651 0.024370 0.021302
2 0.437395 0.369822 0.021008 0.020118
8 0.424790 0.269231 0.027731 0.039053
0 0.710084 0.252071 0.023529 0.016568
10 0.342437 0.459763 0.034454 0.031953
2 0.521008 0.582840 0.023529 0.024852
2 0.554622 0.488166 0.025210 0.024852
2 0.677731 0.584615 0.024370 0.026036
