3 0.286134 0.789349 0.012605 0.035503
1 0.231933 0.756805 0.050420 0.110059
3 0.655882 0.614793 0.010924 0.031953
4 0.319748 0.124852 0.017647 0.020118
2 0.184874 0.877515 0.020168 0.020118
4 0.256303 0.838462 0.015126 0.024852
24 0.873109 0.449112 0.023529 0.041420
5 0.354622 0.513018 0.021849 0.022485
4 0.147059 0.885799 0.016807 0.024852
3 0.698319 0.558580 0.013445 0.033136
3 0.067647 0.720710 0.012605 0.035503
2 0.479412 0.127811 0.024370 0.023669
3 0.067647 0.801183 0.012605 0.030769
4 0.185714 0.845562 0.016807 0.022485
4 0.172689 0.101183 0.017647 0.027219
3 0.357563 0.340828 0.012605 0.033136
24 0.907563 0.330769 0.023529 0.039053
23 0.479832 0.085799 0.018487 0.027219
3 0.269328 0.461538 0.014286 0.033136
51 0.316807 0.515385 0.030252 0.020118
4 0.685714 0.335503 0.016807 0.027219
3 0.656303 0.566272 0.013445 0.031953
3 0.483193 0.630178 0.015126 0.031953
24 0.039076 0.165680 0.031092 0.030769
24 0.778571 0.331361 0.024370 0.040237
2 0.433193 0.126627 0.022689 0.021302
0 0.357143 0.262722 0.015126 0.014201
4 0.271429 0.099408 0.016807 0.021302
4 0.105882 0.724852 0.016807 0.029586
23 0.639496 0.334911 0.016807 0.028402
26 0.394958 0.100000 0.026891 0.062722
2 0.390756 0.477515 0.021849 0.022485
3 0.352941 0.436095 0.025210 0.017751
24 0.847899 0.335503 0.025210 0.039053
42 0.142017 0.413609 0.030252 0.022485
4 0.558403 0.549112 0.019328 0.018935
2 0.189496 0.681657 0.022689 0.018935
3 0.189496 0.607692 0.012605 0.034320
3 0.353361 0.471598 0.024370 0.017751
4 0.765546 0.585207 0.020168 0.022485
3 0.176471 0.720710 0.011765 0.033136
4 0.088655 0.768047 0.017647 0.023669
42 0.166807 0.631953 0.029412 0.021302
2 0.286555 0.865680 0.020168 0.022485
4 0.541176 0.430769 0.023529 0.023669
4 0.357563 0.388757 0.017647 0.020118
3 0.622689 0.614793 0.013445 0.034320
4 0.133193 0.767456 0.019328 0.022485
3 0.492437 0.395858 0.023529 0.015385
51 0.178571 0.484615 0.032773 0.022485
3 0.500840 0.656213 0.028571 0.017751
3 0.223529 0.460355 0.011765 0.033136
23 0.434034 0.085799 0.015966 0.027219
2 0.381513 0.717751 0.018487 0.020118
23 0.589076 0.334911 0.016807 0.028402
35 0.700420 0.606509 0.026050 0.034320
3 0.487395 0.276923 0.026891 0.014201
3 0.180672 0.413609 0.025210 0.015385
51 0.234874 0.662130 0.015966 0.041420
4 0.319328 0.076331 0.018487 0.020118
3 0.722689 0.335503 0.011765 0.034320
2 0.699580 0.637870 0.026050 0.030769
4 0.286555 0.833136 0.018487 0.021302
2 0.225630 0.865680 0.019328 0.024852
3 0.242857 0.872189 0.013445 0.037870
4 0.357563 0.295266 0.019328 0.022485
2 0.373529 0.133136 0.017647 0.020118
5 0.310504 0.390533 0.017647 0.028402
23 0.189916 0.648521 0.016807 0.021302
4 0.541597 0.235503 0.026050 0.023669
0 0.391176 0.344970 0.012605 0.015385
3 0.576471 0.524852 0.026891 0.015385
2 0.273529 0.711243 0.021008 0.018935
24 0.034454 0.101775 0.028571 0.030769
7 0.076050 0.077515 0.024370 0.020118
21 0.121849 0.100592 0.015126 0.033136
8 0.268908 0.411834 0.030252 0.033136
2 0.129832 0.901183 0.019328 0.022485
2 0.411345 0.588757 0.019328 0.017751
0 0.516387 0.646746 0.012605 0.015385
5 0.134874 0.824852 0.026050 0.018935
2 0.639076 0.376331 0.022689 0.021302
42 0.222689 0.898225 0.030252 0.018935
5 0.151261 0.741420 0.015126 0.027219
21 0.083193 0.124852 0.035294 0.022485
3 0.492437 0.431361 0.023529 0.015385
6 0.470588 0.465680 0.036975 0.020118
2 0.386555 0.640828 0.018487 0.020118
0 0.857983 0.420118 0.013445 0.011834
2 0.445798 0.586391 0.021008 0.024852
48 0.532773 0.367456 0.030252 0.046154
22 0.487395 0.701775 0.021849 0.023669
48 0.533613 0.295858 0.030252 0.044970
3 0.222689 0.413018 0.021849 0.016568
2 0.529832 0.717751 0.021008 0.024852
2 0.105462 0.784024 0.017647 0.020118
24 0.032773 0.052663 0.030252 0.029586
3 0.491176 0.744970 0.026050 0.017751
0 0.697479 0.522485 0.013445 0.010651
2 0.038235 0.202959 0.021008 0.024852
4 0.428151 0.519527 0.012605 0.026036
9 0.431513 0.715976 0.056303 0.049704
2 0.857563 0.488166 0.021008 0.020118
2 0.269328 0.498817 0.024370 0.017751
0 0.831933 0.309467 0.011765 0.013018
0 0.480672 0.037278 0.015126 0.015385
2 0.294538 0.129586 0.021008 0.027219
8 0.268908 0.411243 0.028571 0.029586
1 0.565126 0.622485 0.039496 0.068639
9 0.433193 0.644379 0.056303 0.048521
31 0.232353 0.099408 0.046218 0.040237
5 0.221429 0.384024 0.019328 0.022485
0 0.310084 0.357988 0.015126 0.020118
32 0.421008 0.401775 0.031933 0.133728
2 0.411345 0.530769 0.017647 0.027219
2 0.447479 0.534911 0.027731 0.026036
3 0.486555 0.234911 0.025210 0.020118
0 0.638235 0.301183 0.014286 0.017751
0 0.794118 0.300000 0.016807 0.017751
2 0.795378 0.369822 0.024370 0.020118
2 0.832773 0.378698 0.025210 0.023669
2 0.890756 0.371006 0.025210 0.017751
0 0.890336 0.301183 0.014286 0.015385
5 0.150420 0.792899 0.018487 0.021302
4 0.428992 0.573373 0.015966 0.027219
0 0.511765 0.736686 0.018487 0.024852
2 0.575630 0.691124 0.023529 0.018935
0 0.653782 0.531361 0.018487 0.011834
0 0.765126 0.553254 0.014286 0.017751
2 0.764286 0.623669 0.022689 0.018935
