1 0.146218 0.549112 0.109244 0.066272
7 0.655882 0.489349 0.012605 0.036686
1 0.762185 0.190533 0.107563 0.068639
1 0.758824 0.556805 0.110924 0.065089
7 0.336555 0.489941 0.014286 0.035503
1 0.441597 0.557396 0.110084 0.063905
1 0.440336 0.183432 0.102521 0.066272
23 0.538655 0.626036 0.016807 0.023669
1 0.147059 0.176331 0.105882 0.073373
4 0.374370 0.477515 0.017647 0.024852
7 0.336555 0.117751 0.014286 0.034320
4 0.424370 0.105917 0.018487 0.020118
42 0.042437 0.539053 0.015966 0.041420
4 0.374370 0.105325 0.017647 0.021302
7 0.660084 0.122485 0.014286 0.036686
4 0.693277 0.477515 0.018487 0.022485
4 0.697899 0.110651 0.017647 0.022485
42 0.062605 0.248521 0.036134 0.018935
35 0.038655 0.319527 0.026891 0.030769
4 0.744538 0.477515 0.016807 0.024852
2 0.285714 0.286391 0.025210 0.023669
4 0.289076 0.624852 0.016807 0.021302
23 0.240336 0.242012 0.018487 0.022485
4 0.284874 0.247337 0.016807 0.023669
23 0.861765 0.258580 0.017647 0.024852
4 0.902521 0.631361 0.016807 0.022485
42 0.037815 0.162130 0.015126 0.040237
4 0.080252 0.471598 0.019328 0.020118
4 0.906723 0.266272 0.016807 0.023669
4 0.424790 0.478107 0.017647 0.026036
4 0.076050 0.093491 0.017647 0.021302
42 0.164286 0.466272 0.015966 0.040237
42 0.656723 0.546154 0.017647 0.043787
0 0.655042 0.440237 0.017647 0.014201
4 0.747479 0.112426 0.017647 0.026036
23 0.538655 0.253846 0.018487 0.020118
42 0.659664 0.179290 0.016807 0.041420
4 0.130252 0.472189 0.018487 0.026036
7 0.042857 0.482249 0.013445 0.034320
23 0.244118 0.619527 0.017647 0.024852
2 0.903782 0.671006 0.024370 0.023669
4 0.126050 0.093491 0.016807 0.021302
0 0.903361 0.594675 0.020168 0.013018
2 0.584454 0.298817 0.024370 0.024852
0 0.042017 0.434320 0.018487 0.014201
2 0.907983 0.304142 0.026050 0.023669
4 0.583193 0.632544 0.016807 0.022485
4 0.584034 0.259172 0.018487 0.021302
0 0.907983 0.228402 0.019328 0.014201
42 0.777311 0.472189 0.015126 0.040237
0 0.584034 0.221302 0.020168 0.014201
0 0.335714 0.441420 0.019328 0.014201
2 0.202941 0.509467 0.021008 0.024852
2 0.584034 0.671598 0.025210 0.024852
0 0.039916 0.055621 0.017647 0.014201
0 0.285294 0.210651 0.019328 0.014201
42 0.336555 0.546154 0.015966 0.043787
2 0.538655 0.660947 0.025210 0.022485
0 0.583613 0.594675 0.019328 0.013018
0 0.337395 0.067456 0.019328 0.014201
0 0.661345 0.072781 0.018487 0.013018
3 0.042017 0.271598 0.013445 0.036686
42 0.159664 0.088166 0.015126 0.036686
42 0.781513 0.107101 0.016807 0.043787
2 0.042437 0.357988 0.024370 0.022485
2 0.289496 0.664497 0.024370 0.024852
2 0.538655 0.287574 0.021849 0.021302
42 0.336555 0.173964 0.015966 0.042604
2 0.079832 0.512426 0.021849 0.021302
2 0.372269 0.146154 0.015126 0.017751
42 0.458824 0.098817 0.015126 0.041420
2 0.861765 0.294083 0.022689 0.020118
7 0.038235 0.103550 0.014286 0.034320
42 0.457983 0.471598 0.015126 0.041420
49 0.759664 0.668047 0.045378 0.046154
49 0.765126 0.302959 0.046218 0.052071
49 0.142857 0.283432 0.045378 0.048521
2 0.374370 0.517160 0.019328 0.018935
2 0.498319 0.145562 0.018487 0.021302
23 0.857983 0.626036 0.016807 0.023669
2 0.692437 0.517160 0.020168 0.021302
49 0.442017 0.295858 0.047059 0.047337
49 0.146639 0.661538 0.042857 0.052071
2 0.074790 0.134320 0.023529 0.022485
2 0.200420 0.135503 0.029412 0.020118
6 0.157563 0.221302 0.039496 0.016568
2 0.238655 0.272189 0.020168 0.021302
6 0.456723 0.234911 0.039496 0.013018
2 0.430252 0.354438 0.016807 0.022485
2 0.449160 0.352663 0.021008 0.023669
2 0.697899 0.152071 0.021008 0.020118
2 0.819748 0.150888 0.019328 0.020118
6 0.779832 0.240237 0.036975 0.018935
2 0.753361 0.357396 0.022689 0.028402
2 0.774370 0.359763 0.017647 0.023669
6 0.163445 0.598225 0.042857 0.020118
2 0.137395 0.721302 0.021008 0.024852
2 0.155882 0.720118 0.021008 0.024852
2 0.243277 0.653254 0.021008 0.023669
0 0.289916 0.588166 0.028571 0.023669
2 0.494538 0.514201 0.019328 0.024852
6 0.457143 0.607692 0.035294 0.015385
49 0.441597 0.669822 0.042857 0.052071
2 0.433193 0.724260 0.017647 0.018935
2 0.450000 0.723669 0.017647 0.020118
2 0.814286 0.517751 0.018487 0.024852
6 0.775630 0.604734 0.052101 0.021302
2 0.749580 0.725444 0.020168 0.023669
2 0.770168 0.724260 0.021008 0.023669
2 0.856723 0.658580 0.017647 0.017751
