1 0.150709 0.252492 0.102837 0.292359
1 0.561466 0.194352 0.113475 0.102990
1 0.497636 0.526578 0.075650 0.069767
24 0.823286 0.542359 0.036643 0.058140
2 0.281915 0.294020 0.024823 0.039867
2 0.443262 0.581395 0.033097 0.033223
24 0.660165 0.552326 0.036643 0.054817
4 0.467494 0.272425 0.024823 0.029900
2 0.437352 0.348837 0.035461 0.033223
2 0.641844 0.158638 0.018913 0.034884
4 0.568558 0.552326 0.023641 0.034884
2 0.674941 0.347176 0.030733 0.029900
2 0.281324 0.161130 0.023641 0.039867
2 0.852837 0.581395 0.029551 0.026578
23 0.673759 0.259136 0.023641 0.033223
0 0.632388 0.480066 0.021277 0.016611
3 0.601655 0.301495 0.037825 0.018272
2 0.391844 0.192691 0.020095 0.033223
2 0.070331 0.249169 0.031915 0.029900
0 0.851064 0.513289 0.018913 0.013289
4 0.715130 0.273256 0.021277 0.048173
2 0.221631 0.382060 0.022459 0.036545
3 0.668440 0.177741 0.034279 0.019934
2 0.221631 0.250831 0.017730 0.033223
2 0.222222 0.124585 0.016548 0.029900
0 0.735816 0.228405 0.013002 0.021595
3 0.436761 0.196013 0.041371 0.023256
3 0.601655 0.509136 0.037825 0.018272
2 0.463948 0.177741 0.020095 0.033223
3 0.602246 0.350498 0.036643 0.016611
3 0.406028 0.229236 0.034279 0.019934
35 0.539007 0.341362 0.030733 0.051495
3 0.229314 0.164452 0.028369 0.019934
0 0.356974 0.227575 0.011820 0.026578
23 0.437943 0.258306 0.024823 0.028239
2 0.481678 0.210133 0.017730 0.028239
3 0.231087 0.298173 0.031915 0.021595
0 0.234634 0.228405 0.013002 0.021595
0 0.236998 0.143688 0.013002 0.021595
0 0.235816 0.274917 0.017730 0.024917
0 0.232861 0.357973 0.016548 0.024917
35 0.541371 0.289867 0.033097 0.054817
46 0.716312 0.544850 0.033097 0.046512
