2 0.941597 0.646746 0.022689 0.017751
1 0.393277 0.344379 0.151261 0.210651
3 0.415126 0.178107 0.011765 0.031953
3 0.861345 0.631953 0.028571 0.016568
4 0.441176 0.152071 0.011765 0.022485
2 0.578992 0.288757 0.013445 0.026036
42 0.823109 0.633136 0.031092 0.021302
42 0.651261 0.337278 0.031933 0.021302
1 0.214286 0.277515 0.047059 0.050888
1 0.126891 0.154438 0.124370 0.102959
4 0.382773 0.195266 0.012605 0.011834
2 0.454202 0.096450 0.021008 0.017751
2 0.365126 0.150296 0.021008 0.016568
2 0.613866 0.398225 0.024370 0.017751
52 0.591597 0.213018 0.030252 0.016568
4 0.281513 0.325444 0.016807 0.023669
3 0.860504 0.672781 0.030252 0.015385
4 0.218487 0.171598 0.020168 0.018935
2 0.550840 0.150296 0.021008 0.018935
4 0.504202 0.190533 0.015126 0.018935
2 0.481513 0.244970 0.020168 0.016568
4 0.522269 0.190533 0.017647 0.018935
4 0.486975 0.189349 0.014286 0.016568
6 0.534034 0.334320 0.029412 0.013018
3 0.433193 0.478107 0.012605 0.033136
4 0.614286 0.359763 0.020168 0.018935
2 0.118908 0.066864 0.021008 0.017751
2 0.941597 0.688166 0.022689 0.017751
4 0.592857 0.360355 0.019328 0.017751
4 0.550000 0.360947 0.019328 0.018935
4 0.571849 0.360355 0.017647 0.017751
35 0.895798 0.636686 0.028571 0.037870
4 0.282353 0.360355 0.015126 0.024852
3 0.210504 0.330178 0.012605 0.030769
2 0.522689 0.149704 0.016807 0.017751
4 0.441597 0.199408 0.012605 0.022485
2 0.470168 0.150296 0.014286 0.018935
4 0.470168 0.190533 0.014286 0.018935
52 0.383193 0.129586 0.028571 0.017751
2 0.504202 0.149704 0.015126 0.020118
2 0.267227 0.377515 0.023529 0.018935
28 0.897059 0.678698 0.034454 0.034320
2 0.433193 0.515976 0.024370 0.018935
2 0.486555 0.150296 0.013445 0.018935
4 0.500420 0.300592 0.015966 0.026036
23 0.550840 0.189941 0.022689 0.022485
4 0.436134 0.130769 0.015126 0.022485
3 0.487815 0.408284 0.014286 0.040237
3 0.461765 0.223077 0.026050 0.017751
4 0.373109 0.194675 0.013445 0.013018
22 0.540756 0.291124 0.015966 0.023669
3 0.473529 0.419527 0.010924 0.036686
35 0.509244 0.452663 0.025210 0.036686
35 0.500840 0.474556 0.021849 0.033136
35 0.496218 0.513609 0.022689 0.033136
35 0.487815 0.534911 0.022689 0.037870
