1 0.855137 0.333728 0.023288 0.210651
1 0.736473 0.339645 0.029110 0.082840
3 0.892466 0.271598 0.011644 0.024852
1 0.762842 0.550296 0.026370 0.056805
2 0.907192 0.318935 0.008219 0.034320
2 0.884075 0.394083 0.006507 0.030769
2 0.876712 0.224852 0.009589 0.023669
3 0.707705 0.300592 0.005822 0.035503
35 0.705308 0.252663 0.014726 0.034320
2 0.721918 0.231953 0.007534 0.033136
3 0.716952 0.301183 0.004452 0.039053
3 0.703596 0.334320 0.010616 0.017751
3 0.713699 0.349112 0.009589 0.014201
3 0.701541 0.384024 0.005137 0.034320
2 0.702397 0.423669 0.008904 0.021302
2 0.755993 0.311834 0.005822 0.029586
2 0.797603 0.231361 0.005479 0.029586
4 0.772089 0.254438 0.007877 0.018935
4 0.782363 0.253254 0.007877 0.018935
4 0.793322 0.254438 0.007877 0.018935
3 0.771918 0.300592 0.005479 0.030769
3 0.758562 0.348521 0.009589 0.017751
2 0.770377 0.348521 0.005822 0.029586
3 0.762158 0.389349 0.009932 0.018935
4 0.751884 0.415385 0.007877 0.016568
6 0.778767 0.365680 0.004110 0.049704
4 0.778938 0.412426 0.007877 0.017751
2 0.788870 0.436686 0.005822 0.033136
2 0.714041 0.566272 0.010274 0.017751
3 0.741610 0.539053 0.009932 0.020118
4 0.782877 0.527811 0.007534 0.018935
3 0.782192 0.585207 0.004795 0.036686
3 0.892466 0.319527 0.010959 0.018935
2 0.906336 0.272781 0.006507 0.031953
0 0.920205 0.259172 0.005479 0.016568
0 0.920377 0.366864 0.005137 0.023669
