3 0.791045 0.672689 0.008358 0.029412
1 0.307164 0.232773 0.041194 0.094118
3 0.144179 0.467227 0.010149 0.028571
10 0.859104 0.473109 0.015522 0.031933
24 0.933134 0.405462 0.019104 0.041176
18 0.531940 0.944538 0.015522 0.026891
3 0.791045 0.336134 0.008358 0.030252
3 0.815224 0.622689 0.008955 0.028571
3 0.743582 0.581933 0.008955 0.027731
3 0.833433 0.110924 0.010746 0.025210
2 0.179403 0.244538 0.020896 0.020168
4 0.677910 0.531092 0.018507 0.016807
3 0.659701 0.656723 0.009552 0.029412
3 0.743284 0.245798 0.009552 0.027731
24 0.377015 0.534874 0.019701 0.032773
3 0.790746 0.286555 0.008955 0.026891
3 0.833134 0.446218 0.010149 0.026891
18 0.504776 0.945378 0.014925 0.026891
3 0.119403 0.685714 0.009552 0.026891
3 0.179403 0.114706 0.010149 0.027731
3 0.791045 0.622269 0.009552 0.027731
3 0.814925 0.287395 0.009552 0.028571
2 0.403284 0.562185 0.017313 0.015126
3 0.659701 0.463866 0.009552 0.030252
3 0.814925 0.673529 0.009552 0.029412
10 0.117015 0.500840 0.015522 0.030252
3 0.316716 0.315966 0.023284 0.013445
3 0.833433 0.506303 0.009552 0.029412
3 0.833731 0.170588 0.010149 0.026891
4 0.155522 0.191597 0.013731 0.020168
3 0.815224 0.336975 0.008955 0.028571
3 0.179701 0.703361 0.008358 0.028571
4 0.677313 0.195378 0.018507 0.015966
0 0.131343 0.420588 0.009552 0.010924
3 0.119403 0.611765 0.009552 0.028571
3 0.089552 0.467647 0.010746 0.026050
4 0.624179 0.237395 0.014925 0.026050
2 0.366567 0.108824 0.010746 0.022689
3 0.325075 0.126471 0.020896 0.010924
3 0.659701 0.127311 0.009552 0.031092
3 0.660000 0.321008 0.010149 0.030252
74 0.232239 0.101681 0.010746 0.020168
3 0.209254 0.577311 0.008955 0.026891
4 0.624179 0.573529 0.014925 0.026050
3 0.144179 0.534874 0.008955 0.027731
3 0.773433 0.111345 0.011343 0.026050
3 0.180000 0.190336 0.008955 0.027731
4 0.353134 0.283613 0.012537 0.019328
3 0.701791 0.110084 0.010149 0.026891
3 0.701791 0.505462 0.010149 0.027731
3 0.089851 0.533193 0.010149 0.027731
2 0.149552 0.747899 0.017313 0.015126
3 0.701791 0.446639 0.010149 0.027731
3 0.701791 0.169328 0.010149 0.026050
0 0.394627 0.134034 0.009552 0.012605
10 0.739403 0.473529 0.013731 0.031092
3 0.254328 0.084454 0.020299 0.010924
5 0.202388 0.081092 0.017910 0.015966
35 0.416418 0.274790 0.018507 0.025210
3 0.773731 0.447059 0.010746 0.026891
1 0.697015 0.264706 0.030448 0.048739
35 0.747164 0.307983 0.022090 0.027731
11 0.176119 0.644538 0.015522 0.026891
0 0.403881 0.507143 0.008955 0.009244
3 0.295522 0.125210 0.020299 0.010084
3 0.773731 0.169748 0.011940 0.028571
3 0.773134 0.505882 0.010746 0.030252
10 0.859403 0.138235 0.014925 0.029412
11 0.152239 0.677731 0.015522 0.027731
4 0.310448 0.083613 0.017910 0.019328
18 0.503881 0.910924 0.013134 0.023529
10 0.800299 0.472689 0.013731 0.029412
2 0.371940 0.282773 0.009552 0.021008
10 0.740000 0.136555 0.014925 0.027731
18 0.531940 0.910084 0.013134 0.023529
10 0.799701 0.138235 0.014925 0.027731
35 0.213731 0.623109 0.021493 0.024370
0 0.339701 0.265126 0.010746 0.010924
2 0.298209 0.168908 0.013731 0.011765
24 0.191045 0.581933 0.022687 0.044538
35 0.746866 0.642017 0.017910 0.023529
1 0.695821 0.600840 0.030448 0.053782
74 0.882687 0.432353 0.012537 0.021008
10 0.164179 0.502941 0.014328 0.031092
3 0.233134 0.150000 0.022090 0.014286
74 0.164776 0.083193 0.011940 0.015126
0 0.180000 0.060924 0.011343 0.010924
0 0.231940 0.060924 0.011343 0.010924
74 0.355522 0.090336 0.011343 0.017647
3 0.338806 0.151261 0.018507 0.015126
3 0.375522 0.151261 0.017910 0.015126
3 0.389254 0.235294 0.008358 0.021849
0 0.400896 0.203361 0.011343 0.016807
3 0.412239 0.234454 0.010149 0.023529
2 0.160000 0.580672 0.015522 0.025210
2 0.209552 0.659664 0.016716 0.016807
5 0.588060 0.238655 0.016716 0.021849
3 0.851343 0.290756 0.013134 0.026891
3 0.851940 0.341176 0.013134 0.028571
3 0.874925 0.290756 0.010149 0.028571
3 0.873433 0.340756 0.014328 0.032773
5 0.588657 0.577311 0.014328 0.023529
2 0.742687 0.729412 0.019104 0.015126
3 0.850746 0.626050 0.009552 0.026891
3 0.874627 0.626050 0.010746 0.026891
3 0.851045 0.675630 0.011343 0.025210
3 0.875522 0.677311 0.010149 0.028571
0 0.741791 0.055882 0.016119 0.015966
