1 0.228992 0.406509 0.088235 0.131361
1 0.501681 0.405917 0.089076 0.132544
4 0.419328 0.352663 0.018487 0.021302
1 0.771008 0.404142 0.091597 0.133728
4 0.146639 0.352071 0.017647 0.022485
3 0.305882 0.401775 0.025210 0.015385
6 0.310084 0.352663 0.031933 0.014201
3 0.870588 0.484615 0.030252 0.017751
3 0.579412 0.401775 0.026050 0.015385
51 0.613866 0.454438 0.031092 0.018935
4 0.689496 0.353254 0.019328 0.020118
2 0.328151 0.423077 0.019328 0.017751
51 0.845378 0.454438 0.028571 0.018935
6 0.582773 0.353254 0.031092 0.013018
3 0.327731 0.484024 0.028571 0.016568
2 0.601261 0.422485 0.019328 0.018935
6 0.852101 0.353254 0.033613 0.013018
51 0.341597 0.454438 0.029412 0.018935
2 0.130672 0.499408 0.026050 0.018935
2 0.404202 0.498225 0.025210 0.018935
3 0.847479 0.401775 0.024370 0.015385
2 0.673109 0.498225 0.025210 0.018935
3 0.601681 0.484615 0.028571 0.015385
51 0.304202 0.453846 0.028571 0.017751
35 0.688655 0.404142 0.021008 0.036686
2 0.869328 0.422485 0.021008 0.016568
35 0.420168 0.404142 0.021849 0.036686
4 0.618908 0.398225 0.015966 0.029586
35 0.146218 0.403550 0.021849 0.035503
4 0.346218 0.400000 0.016807 0.028402
51 0.577731 0.453846 0.029412 0.017751
0 0.445378 0.292308 0.015126 0.011834
4 0.887815 0.401775 0.015966 0.020118
51 0.884034 0.453846 0.028571 0.017751
22 0.618487 0.378107 0.020168 0.024852
22 0.345378 0.377515 0.020168 0.028402
22 0.887395 0.378107 0.020168 0.027219
