3 0.534034 0.488757 0.012605 0.033136
1 0.179412 0.436686 0.061345 0.099408
2 0.404202 0.562722 0.021849 0.017751
3 0.571429 0.488757 0.013445 0.035503
24 0.719328 0.651479 0.035294 0.048521
1 0.445798 0.407101 0.078151 0.073373
2 0.218908 0.504142 0.022689 0.018935
24 0.718067 0.508284 0.034454 0.050888
2 0.357563 0.433728 0.021008 0.017751
4 0.676891 0.366272 0.017647 0.017751
4 0.404202 0.531953 0.018487 0.020118
2 0.677311 0.402959 0.021849 0.017751
3 0.273950 0.413609 0.026891 0.017751
4 0.714706 0.365680 0.017647 0.023669
2 0.695378 0.669822 0.015966 0.014201
2 0.727311 0.607101 0.017647 0.016568
42 0.382353 0.513609 0.031933 0.021302
3 0.374790 0.407692 0.025210 0.015385
3 0.273109 0.449112 0.025210 0.017751
2 0.728151 0.694675 0.024370 0.018935
2 0.495798 0.369231 0.016807 0.018935
2 0.695378 0.528994 0.015966 0.016568
2 0.722269 0.465680 0.019328 0.017751
26 0.756303 0.364497 0.016807 0.030769
42 0.222269 0.424852 0.032773 0.018935
42 0.675210 0.330769 0.017647 0.029586
42 0.689076 0.643195 0.021849 0.017751
42 0.497479 0.431953 0.020168 0.016568
2 0.723529 0.551479 0.020168 0.018935
42 0.689076 0.501183 0.021849 0.017751
22 0.402941 0.471598 0.015966 0.031953
42 0.222269 0.459763 0.032773 0.020118
2 0.291597 0.465680 0.018487 0.017751
42 0.512185 0.395858 0.032773 0.020118
35 0.537395 0.437278 0.024370 0.027219
35 0.575210 0.439053 0.029412 0.028402
