1 0.615546 0.330769 0.076471 0.084024
1 0.600840 0.513609 0.082353 0.078107
2 0.660084 0.401775 0.024370 0.020118
4 0.647899 0.564497 0.018487 0.021302
2 0.600840 0.614201 0.025210 0.021302
75 0.676891 0.605325 0.014286 0.034320
3 0.668067 0.511243 0.028571 0.016568
75 0.647059 0.604734 0.015126 0.033136
0 0.445798 0.315976 0.017647 0.016568
3 0.668487 0.526627 0.027731 0.016568
3 0.702101 0.324260 0.024370 0.016568
3 0.540756 0.511243 0.024370 0.014201
3 0.482353 0.536686 0.023529 0.015385
2 0.445798 0.357396 0.022689 0.016568
75 0.428151 0.327811 0.027731 0.016568
4 0.501261 0.517160 0.015966 0.021302
0 0.454622 0.534320 0.008403 0.024852
35 0.701681 0.531953 0.023529 0.036686
0 0.671849 0.286982 0.022689 0.017751
75 0.426471 0.342604 0.026050 0.015385
3 0.701681 0.338462 0.026891 0.018935
35 0.723950 0.520118 0.019328 0.041420
