1 0.210504 0.278107 0.059664 0.099408
1 0.479832 0.247929 0.078992 0.074556
1 0.382773 0.626036 0.052941 0.052071
24 0.751261 0.488757 0.033613 0.049704
3 0.567227 0.327811 0.011765 0.033136
24 0.751681 0.346746 0.034454 0.049704
2 0.437815 0.402959 0.021849 0.017751
4 0.445378 0.626627 0.015126 0.022485
3 0.408403 0.249112 0.025210 0.015385
2 0.252941 0.343787 0.023529 0.020118
3 0.320168 0.600592 0.011765 0.034320
4 0.437395 0.372189 0.019328 0.020118
3 0.605462 0.329586 0.012605 0.036686
42 0.411765 0.355621 0.030252 0.020118
2 0.761345 0.533728 0.021849 0.018935
42 0.703361 0.230769 0.025210 0.018935
2 0.390756 0.273964 0.020168 0.017751
42 0.255882 0.265680 0.032773 0.017751
26 0.750840 0.205917 0.017647 0.030769
2 0.756723 0.391716 0.021008 0.016568
42 0.543697 0.237278 0.028571 0.017751
4 0.711345 0.205325 0.015966 0.022485
2 0.325210 0.303550 0.016807 0.017751
2 0.760084 0.447929 0.019328 0.017751
42 0.722269 0.485207 0.022689 0.014201
42 0.474790 0.651479 0.015126 0.031953
2 0.529832 0.209467 0.015966 0.018935
42 0.721008 0.341420 0.023529 0.017751
3 0.306723 0.254438 0.025210 0.016568
42 0.700420 0.182840 0.021008 0.017751
35 0.571849 0.278698 0.022689 0.034320
42 0.255462 0.300000 0.031933 0.017751
2 0.561345 0.643195 0.018487 0.020118
2 0.755882 0.307101 0.021008 0.017751
42 0.531092 0.272189 0.020168 0.018935
3 0.423950 0.652663 0.012605 0.039053
1 0.518067 0.627811 0.057983 0.062722
3 0.305882 0.288757 0.023529 0.018935
22 0.436134 0.311834 0.018487 0.022485
35 0.609244 0.281657 0.025210 0.023669
42 0.721008 0.356213 0.023529 0.016568
42 0.721849 0.497633 0.025210 0.015385
42 0.410084 0.676331 0.028571 0.022485
