1 0.631875 0.563333 0.123750 0.110000
1 0.209375 0.380000 0.108750 0.120000
4 0.541250 0.710000 0.032500 0.030000
2 0.720625 0.678333 0.033750 0.023333
1 0.681250 0.221667 0.155000 0.096667
2 0.456250 0.727500 0.032500 0.025000
2 0.287500 0.489167 0.035000 0.025000
2 0.831875 0.370000 0.031250 0.023333
4 0.562500 0.209167 0.025000 0.035000
3 0.326250 0.367500 0.037500 0.018333
4 0.718750 0.623333 0.025000 0.033333
3 0.543125 0.593333 0.038750 0.020000
49 0.683125 0.350000 0.096250 0.086667
0 0.508750 0.592500 0.012500 0.028333
3 0.455000 0.636667 0.020000 0.056667
35 0.771875 0.549167 0.036250 0.045000
3 0.801875 0.195000 0.041250 0.023333
3 0.826875 0.566667 0.036250 0.020000
3 0.326250 0.389167 0.037500 0.018333
3 0.539375 0.145000 0.043750 0.023333
35 0.770000 0.598333 0.035000 0.046667
