1 0.070085 0.442308 0.064957 0.220513
1 0.782051 0.343590 0.051282 0.084615
1 0.782479 0.205128 0.050427 0.071795
3 0.796154 0.432692 0.023077 0.016667
2 0.744017 0.117308 0.023077 0.019231
3 0.829060 0.689744 0.011966 0.033333
1 0.147863 0.881410 0.059829 0.057692
2 0.367521 0.771154 0.025641 0.019231
3 0.872222 0.457692 0.011111 0.035897
82 0.071795 0.629487 0.051282 0.074359
1 0.364530 0.451282 0.238462 0.341026
2 0.194444 0.484615 0.014530 0.030769
1 0.366667 0.882692 0.059829 0.057692
1 0.588462 0.882051 0.062393 0.053846
1 0.253419 0.882051 0.062393 0.056410
1 0.476496 0.882051 0.062393 0.056410
3 0.890171 0.432692 0.024786 0.016667
3 0.777778 0.458974 0.011966 0.038462
24 0.610684 0.338462 0.024786 0.043590
2 0.315385 0.148077 0.018803 0.021795
2 0.453419 0.245513 0.023077 0.019231
3 0.547009 0.384615 0.025641 0.015385
2 0.120085 0.326282 0.021368 0.019231
4 0.444444 0.211538 0.013675 0.015385
3 0.315812 0.189103 0.011111 0.032051
4 0.461966 0.660256 0.012821 0.015385
2 0.461538 0.694231 0.023932 0.019231
3 0.067521 0.882051 0.025641 0.015385
2 0.880769 0.732692 0.024786 0.019231
2 0.643590 0.831410 0.013675 0.029487
2 0.073932 0.933974 0.012821 0.026923
2 0.332479 0.146154 0.013675 0.020513
70 0.692735 0.677564 0.050427 0.139744
2 0.677350 0.203205 0.014530 0.032051
4 0.444872 0.658974 0.014530 0.017949
4 0.752137 0.081410 0.011966 0.019231
3 0.795726 0.115385 0.025641 0.017949
3 0.923077 0.472436 0.025641 0.019231
3 0.871795 0.088462 0.013675 0.035897
3 0.890171 0.112821 0.024786 0.017949
3 0.863248 0.588462 0.027350 0.015385
35 0.182051 0.187821 0.015385 0.029487
3 0.606410 0.202564 0.028205 0.015385
3 0.829915 0.613462 0.013675 0.039744
2 0.128632 0.219872 0.023077 0.019231
2 0.120513 0.553846 0.022222 0.017949
3 0.897009 0.689744 0.012821 0.033333
3 0.220940 0.831410 0.024786 0.016667
35 0.147863 0.187821 0.015385 0.029487
2 0.566239 0.434615 0.014530 0.028205
2 0.566239 0.563462 0.014530 0.026923
2 0.357265 0.148718 0.013675 0.023077
3 0.777350 0.087179 0.012821 0.033333
4 0.461538 0.212179 0.015385 0.014103
3 0.761111 0.614744 0.014530 0.037179
74 0.923504 0.269872 0.012821 0.019231
2 0.907692 0.512821 0.018803 0.017949
23 0.479060 0.660256 0.011111 0.023077
2 0.120513 0.669231 0.022222 0.017949
4 0.863675 0.687821 0.012821 0.021795
35 0.079915 0.189103 0.016239 0.032051
4 0.952991 0.295513 0.011966 0.021795
3 0.358547 0.717308 0.009402 0.037179
2 0.128205 0.069872 0.020513 0.019231
4 0.735043 0.082051 0.011966 0.017949
35 0.113675 0.187821 0.013675 0.026923
5 0.794017 0.587821 0.020513 0.024359
4 0.085897 0.903846 0.014530 0.017949
3 0.887607 0.496795 0.023077 0.016667
35 0.178205 0.104487 0.014530 0.026923
35 0.109402 0.102564 0.013675 0.025641
2 0.614957 0.462821 0.019658 0.020513
2 0.669231 0.419872 0.013675 0.026923
74 0.905983 0.307051 0.017094 0.021795
2 0.667521 0.460897 0.017094 0.019231
5 0.555128 0.536538 0.019658 0.019231
35 0.623504 0.419231 0.016239 0.023077
35 0.218803 0.189744 0.018803 0.028205
4 0.144872 0.635256 0.014530 0.019231
4 0.614530 0.492308 0.013675 0.015385
5 0.761111 0.689103 0.017949 0.024359
3 0.924786 0.535256 0.023932 0.016667
2 0.650427 0.460897 0.017094 0.021795
4 0.650427 0.491667 0.013675 0.016667
4 0.912821 0.586538 0.015385 0.019231
35 0.076068 0.106410 0.018803 0.028205
35 0.144017 0.104487 0.019658 0.032051
35 0.211538 0.105769 0.019658 0.029487
4 0.144872 0.521154 0.012821 0.014103
2 0.370940 0.148718 0.017094 0.023077
4 0.332051 0.180769 0.014530 0.015385
4 0.342735 0.182051 0.011966 0.020513
4 0.358120 0.181410 0.013675 0.019231
4 0.367949 0.180769 0.017949 0.025641
3 0.367094 0.719231 0.011111 0.038462
3 0.377350 0.718590 0.007692 0.037179
27 0.644872 0.201282 0.024786 0.020513
4 0.538462 0.448077 0.017094 0.021795
35 0.623077 0.395513 0.023932 0.021795
6 0.586325 0.508974 0.039316 0.023077
0 0.700427 0.503205 0.019658 0.016667
4 0.667094 0.494872 0.016239 0.015385
5 0.744872 0.692949 0.017949 0.026923
4 0.798291 0.689103 0.015385 0.019231
4 0.854701 0.214103 0.017094 0.023077
4 0.633333 0.494231 0.013675 0.021795
