3 0.508060 0.450000 0.009552 0.027731
2 0.224179 0.515966 0.016119 0.013445
1 0.619403 0.476471 0.071045 0.161345
1 0.328060 0.443697 0.051940 0.045378
3 0.507463 0.583193 0.010746 0.028571
2 0.895821 0.401261 0.017313 0.015966
4 0.224179 0.424370 0.012537 0.023529
24 0.440000 0.556723 0.019104 0.031092
3 0.388657 0.403361 0.021493 0.011765
2 0.358209 0.510504 0.017910 0.014286
2 0.743582 0.397479 0.017313 0.015126
2 0.507761 0.618908 0.018507 0.015966
2 0.402687 0.510084 0.018507 0.015126
2 0.290448 0.511345 0.018507 0.015966
2 0.196418 0.492437 0.016716 0.015126
3 0.720000 0.549580 0.010746 0.028571
3 0.543582 0.449160 0.008955 0.029412
2 0.863582 0.406303 0.018507 0.015966
2 0.720000 0.617647 0.017910 0.015126
2 0.549552 0.619328 0.018507 0.015126
2 0.155522 0.496639 0.018507 0.016807
3 0.800299 0.295378 0.020896 0.012605
23 0.430746 0.361765 0.013731 0.019328
3 0.719104 0.479832 0.010149 0.026891
3 0.465672 0.572269 0.009552 0.028571
2 0.456716 0.410924 0.016716 0.015126
3 0.719403 0.591597 0.010746 0.025210
3 0.254328 0.490756 0.010746 0.026891
2 0.459104 0.613866 0.017910 0.014286
4 0.457313 0.358403 0.014328 0.024370
5 0.722985 0.322269 0.016716 0.019328
4 0.549254 0.581513 0.015522 0.023529
74 0.932537 0.392857 0.021493 0.022689
4 0.197015 0.451261 0.015522 0.021849
4 0.156119 0.438655 0.013731 0.025210
8 0.692836 0.321849 0.019701 0.025210
4 0.862985 0.365126 0.014925 0.021008
5 0.742985 0.366387 0.011343 0.025210
2 0.663582 0.624370 0.017313 0.015126
4 0.743284 0.478992 0.013134 0.023529
4 0.358209 0.479412 0.011940 0.021008
23 0.896418 0.361345 0.013731 0.021849
0 0.430746 0.314286 0.008955 0.008403
2 0.687164 0.620588 0.016716 0.015966
23 0.128358 0.434034 0.013134 0.024370
3 0.253731 0.425210 0.009552 0.028571
4 0.663284 0.589496 0.014328 0.017647
3 0.224179 0.486555 0.011343 0.028571
35 0.537612 0.406723 0.018507 0.028571
5 0.379104 0.321849 0.020299 0.018487
74 0.102985 0.484874 0.022090 0.025210
3 0.800896 0.321008 0.020896 0.015126
74 0.103284 0.375630 0.021493 0.023529
6 0.766866 0.320168 0.024478 0.013445
2 0.252836 0.520168 0.016119 0.015126
6 0.313134 0.321008 0.030448 0.013445
10 0.348657 0.378571 0.016716 0.026050
3 0.386866 0.433193 0.020299 0.019328
2 0.428955 0.414706 0.018507 0.015966
35 0.512836 0.407563 0.011940 0.025210
4 0.566269 0.377311 0.014925 0.013445
2 0.570149 0.447479 0.017910 0.015966
3 0.661493 0.554202 0.009552 0.026050
4 0.685970 0.592437 0.015522 0.013445
74 0.935522 0.323529 0.020299 0.023529
