1 0.172689 0.460355 0.066387 0.094675
1 0.268908 0.788166 0.126050 0.134911
1 0.239076 0.150888 0.101681 0.176331
3 0.096218 0.217751 0.012605 0.037870
1 0.701681 0.147337 0.057143 0.050888
3 0.122689 0.217751 0.011765 0.037870
1 0.079832 0.788166 0.060504 0.075740
3 0.378992 0.405917 0.013445 0.037870
4 0.059244 0.242012 0.017647 0.027219
24 0.878151 0.375148 0.047059 0.035503
3 0.328151 0.226627 0.014286 0.039053
24 0.878571 0.565680 0.032773 0.035503
24 0.877731 0.434320 0.047899 0.040237
3 0.789916 0.194083 0.011765 0.033136
24 0.118067 0.931361 0.031092 0.035503
24 0.752101 0.375148 0.047059 0.035503
2 0.731513 0.247337 0.024370 0.018935
3 0.790336 0.118343 0.012605 0.037870
24 0.742857 0.635503 0.031933 0.037870
3 0.071849 0.088757 0.027731 0.014201
24 0.739916 0.507692 0.031092 0.037870
24 0.836555 0.636686 0.031092 0.035503
24 0.878571 0.498225 0.032773 0.035503
4 0.030672 0.240828 0.017647 0.020118
2 0.105462 0.584615 0.024370 0.021302
2 0.239916 0.322485 0.026050 0.024852
24 0.752101 0.434911 0.048739 0.041420
4 0.105042 0.491716 0.020168 0.022485
3 0.402521 0.436095 0.028571 0.015385
35 0.118908 0.163314 0.019328 0.037870
3 0.442017 0.566864 0.013445 0.035503
4 0.600840 0.176331 0.018487 0.016568
3 0.442437 0.500592 0.012605 0.035503
3 0.655462 0.194675 0.028571 0.013018
4 0.870168 0.164497 0.019328 0.040237
4 0.244118 0.503550 0.022689 0.027219
4 0.348319 0.051479 0.014286 0.020118
2 0.419328 0.053846 0.018487 0.024852
35 0.094118 0.162722 0.018487 0.036686
2 0.442017 0.603550 0.023529 0.016568
28 0.517227 0.263314 0.027731 0.039053
22 0.756303 0.082840 0.026891 0.021302
8 0.440756 0.436686 0.029412 0.042604
6 0.705042 0.081657 0.035294 0.011834
4 0.347059 0.075148 0.015126 0.020118
