1 0.413866 0.247929 0.083193 0.079290
4 0.760924 0.142604 0.017647 0.034320
2 0.567227 0.303550 0.023529 0.020118
4 0.601681 0.260947 0.016807 0.029586
2 0.080252 0.126036 0.022689 0.020118
2 0.349160 0.438462 0.026050 0.022485
2 0.601261 0.303550 0.024370 0.020118
2 0.273109 0.303550 0.025210 0.020118
42 0.118067 0.485207 0.015966 0.044970
4 0.566807 0.260355 0.015966 0.023669
52 0.475630 0.260355 0.026891 0.014201
2 0.613866 0.208284 0.024370 0.018935
3 0.508403 0.383432 0.030252 0.014201
2 0.761345 0.207692 0.026891 0.022485
4 0.525210 0.260355 0.018487 0.023669
2 0.525630 0.302959 0.024370 0.021302
42 0.251681 0.224852 0.031092 0.018935
3 0.399580 0.383432 0.031092 0.014201
3 0.144118 0.312426 0.012605 0.037870
42 0.432773 0.113018 0.031933 0.022485
42 0.101261 0.065680 0.032773 0.020118
42 0.168067 0.484615 0.016807 0.046154
2 0.359244 0.236095 0.012605 0.022485
4 0.310504 0.226036 0.017647 0.026036
35 0.172269 0.397633 0.023529 0.030769
35 0.123950 0.401775 0.027731 0.029586
4 0.306723 0.273373 0.015126 0.023669
75 0.051261 0.063905 0.025210 0.018935
52 0.475210 0.247337 0.027731 0.014201
42 0.672689 0.236686 0.032773 0.021302
42 0.142857 0.205917 0.015126 0.042604
3 0.701261 0.111243 0.027731 0.018935
52 0.673529 0.154438 0.015966 0.039053
52 0.727311 0.153254 0.015966 0.039053
5 0.613445 0.159763 0.015126 0.037870
42 0.281933 0.246746 0.036134 0.013018
3 0.348739 0.271598 0.026891 0.017751
75 0.835294 0.113018 0.028571 0.017751
8 0.484034 0.113018 0.030252 0.041420
75 0.051681 0.107101 0.026050 0.020118
42 0.281513 0.259763 0.033613 0.015385
5 0.564286 0.111243 0.015966 0.023669
5 0.562605 0.145562 0.017647 0.023669
6 0.642857 0.110651 0.040336 0.020118
75 0.832353 0.183432 0.027731 0.023669
