1 0.573109 0.170414 0.084034 0.066272
1 0.139076 0.188757 0.084874 0.124260
4 0.676471 0.117751 0.016807 0.024852
2 0.311345 0.611834 0.024370 0.021302
4 0.740336 0.117160 0.015126 0.026036
24 0.861345 0.124260 0.026891 0.040237
24 0.861765 0.265680 0.024370 0.036686
35 0.457983 0.313018 0.025210 0.034320
3 0.626891 0.234911 0.013445 0.041420
24 0.863025 0.207692 0.028571 0.043787
1 0.336555 0.521302 0.041176 0.074556
2 0.898319 0.265089 0.013445 0.028402
3 0.697479 0.198225 0.013445 0.041420
4 0.770168 0.117751 0.015966 0.027219
4 0.407563 0.251479 0.018487 0.029586
2 0.139076 0.310059 0.024370 0.023669
3 0.407983 0.178107 0.012605 0.036686
2 0.726891 0.298817 0.023529 0.022485
22 0.356723 0.385207 0.024370 0.029586
4 0.697479 0.259763 0.018487 0.027219
42 0.218487 0.478107 0.031933 0.021302
42 0.226891 0.154438 0.031933 0.017751
3 0.335714 0.455030 0.029412 0.017751
42 0.692857 0.467456 0.014286 0.044970
4 0.442437 0.253254 0.015966 0.033136
42 0.899580 0.206509 0.031092 0.017751
2 0.902101 0.129586 0.015966 0.027219
4 0.707563 0.117160 0.015126 0.026036
42 0.092437 0.495858 0.031933 0.018935
42 0.659664 0.466272 0.013445 0.042604
42 0.092857 0.510651 0.032773 0.017751
2 0.622269 0.376923 0.024370 0.020118
42 0.352941 0.153846 0.031933 0.021302
4 0.728151 0.205917 0.015966 0.033136
42 0.378571 0.426036 0.032773 0.018935
6 0.426471 0.452663 0.031092 0.013018
42 0.381092 0.452663 0.031092 0.020118
28 0.620168 0.327219 0.026891 0.055621
23 0.255882 0.505917 0.021008 0.034320
35 0.679832 0.556213 0.023529 0.033136
2 0.571849 0.067456 0.022689 0.023669
42 0.693697 0.466864 0.014286 0.046154
3 0.210924 0.201183 0.026891 0.016568
3 0.067647 0.166864 0.027731 0.016568
28 0.153361 0.495858 0.032773 0.040237
42 0.748739 0.165089 0.030252 0.020118
35 0.485714 0.314201 0.025210 0.034320
35 0.498319 0.314201 0.025210 0.034320
35 0.522689 0.314201 0.025210 0.034320
6 0.664706 0.165089 0.038655 0.024852
35 0.678151 0.578698 0.023529 0.033136
35 0.678992 0.603550 0.023529 0.033136
35 0.753782 0.547929 0.023529 0.033136
35 0.753782 0.568047 0.023529 0.033136
35 0.755462 0.596450 0.023529 0.033136
35 0.825210 0.547929 0.023529 0.033136
35 0.826050 0.571598 0.023529 0.033136
35 0.826891 0.596450 0.023529 0.033136
35 0.878992 0.547929 0.023529 0.033136
35 0.880252 0.572781 0.021008 0.030769
35 0.880252 0.595266 0.021008 0.030769
35 0.939076 0.548521 0.021008 0.029586
35 0.938235 0.573373 0.021008 0.029586
35 0.938235 0.597041 0.021008 0.029586
