1 0.529832 0.314201 0.071429 0.084024
1 0.201681 0.391124 0.075630 0.088757
1 0.530252 0.467456 0.072269 0.085207
4 0.709664 0.313609 0.017647 0.026036
2 0.710504 0.527811 0.026050 0.021302
3 0.663866 0.437278 0.030252 0.015385
2 0.390336 0.369231 0.024370 0.021302
2 0.273529 0.468639 0.024370 0.018935
2 0.391176 0.528994 0.024370 0.018935
4 0.399580 0.477515 0.015966 0.017751
2 0.710924 0.372781 0.026891 0.023669
4 0.382353 0.477515 0.016807 0.017751
3 0.664286 0.284024 0.029412 0.016568
2 0.609244 0.527811 0.025210 0.021302
2 0.487815 0.528402 0.024370 0.017751
21 0.584874 0.496450 0.026891 0.017751
4 0.709244 0.466864 0.018487 0.027219
26 0.752941 0.466864 0.018487 0.029586
0 0.381933 0.439053 0.014286 0.011834
35 0.441176 0.505325 0.023529 0.030769
6 0.610504 0.434911 0.034454 0.015385
2 0.487815 0.374556 0.022689 0.017751
2 0.609244 0.374556 0.023529 0.017751
6 0.608824 0.280473 0.034454 0.011834
26 0.752941 0.313018 0.018487 0.034320
3 0.664286 0.472189 0.027731 0.016568
3 0.425210 0.489941 0.015126 0.037870
2 0.603782 0.306509 0.012605 0.023669
3 0.663866 0.318935 0.028571 0.015385
2 0.602521 0.459172 0.013445 0.023669
4 0.470168 0.460947 0.015966 0.022485
4 0.400420 0.325444 0.019328 0.021302
4 0.470588 0.307101 0.015126 0.020118
28 0.290336 0.388757 0.029412 0.031953
2 0.318908 0.413018 0.021008 0.016568
16 0.345798 0.379290 0.042857 0.036686
4 0.381933 0.324852 0.015966 0.017751
35 0.462605 0.346746 0.024370 0.030769
0 0.382353 0.284024 0.013445 0.011834
3 0.423950 0.336095 0.012605 0.037870
2 0.345378 0.413018 0.021849 0.018935
35 0.439916 0.347929 0.024370 0.030769
21 0.583613 0.342604 0.022689 0.017751
35 0.462185 0.505325 0.023529 0.030769
