2 0.235950 0.902367 0.022314 0.022485
1 0.296694 0.302959 0.191736 0.250888
1 0.814050 0.597633 0.059504 0.092308
1 0.920661 0.195266 0.051240 0.094675
1 0.645041 0.401775 0.047107 0.050888
1 0.206198 0.852663 0.053719 0.067456
1 0.903719 0.355030 0.057025 0.205917
2 0.776860 0.676923 0.024793 0.023669
1 0.644215 0.496450 0.045455 0.053254
1 0.645041 0.176923 0.045455 0.050888
1 0.644628 0.289349 0.046281 0.053254
1 0.644628 0.604142 0.046281 0.050888
1 0.830165 0.125444 0.052066 0.156213
1 0.219835 0.715976 0.069421 0.054438
1 0.812810 0.466864 0.061983 0.091124
2 0.297107 0.635503 0.023967 0.023669
2 0.112810 0.192308 0.023967 0.024852
2 0.314876 0.050888 0.021488 0.018935
4 0.507438 0.235503 0.021488 0.023669
4 0.458678 0.299408 0.018182 0.014201
2 0.868595 0.482249 0.023140 0.022485
0 0.036777 0.210059 0.014050 0.013018
4 0.214876 0.667456 0.019835 0.021302
4 0.545041 0.300592 0.017355 0.018935
4 0.710744 0.272189 0.018182 0.016568
2 0.723140 0.515976 0.024793 0.023669
2 0.038017 0.364497 0.023140 0.026036
3 0.343388 0.532544 0.010744 0.033136
4 0.148347 0.845562 0.015702 0.020118
2 0.413636 0.587574 0.023967 0.020118
42 0.085537 0.822485 0.028926 0.021302
4 0.036777 0.282840 0.020661 0.018935
2 0.722727 0.624260 0.025620 0.024852
4 0.061983 0.281657 0.018182 0.016568
2 0.723554 0.321893 0.023967 0.021302
4 0.087190 0.282249 0.019008 0.015385
4 0.331818 0.098817 0.015702 0.015385
4 0.136364 0.284024 0.019835 0.018935
2 0.450826 0.588166 0.023967 0.023669
4 0.710744 0.378107 0.018182 0.017751
4 0.417355 0.301183 0.018182 0.017751
4 0.727686 0.192899 0.020661 0.026036
2 0.802066 0.233136 0.022314 0.018935
42 0.086364 0.869822 0.030579 0.021302
4 0.438017 0.410651 0.021488 0.021302
2 0.722314 0.426036 0.021488 0.021302
2 0.545041 0.357396 0.023967 0.023669
0 0.110331 0.782840 0.015702 0.015385
4 0.296694 0.098225 0.013223 0.014201
3 0.429339 0.360947 0.025620 0.014201
3 0.413636 0.526036 0.012397 0.034320
4 0.314876 0.098817 0.013223 0.015385
3 0.507851 0.277515 0.025620 0.013018
4 0.437603 0.300592 0.017355 0.014201
4 0.710744 0.466864 0.018182 0.017751
3 0.376033 0.530769 0.011570 0.036686
4 0.735124 0.378107 0.017355 0.015385
41 0.557851 0.402959 0.014876 0.013018
4 0.735124 0.466864 0.017355 0.017751
4 0.734711 0.271598 0.018182 0.015385
4 0.739669 0.140237 0.014876 0.015385
2 0.761983 0.058580 0.014876 0.024852
3 0.450826 0.530769 0.012397 0.036686
4 0.710744 0.571598 0.018182 0.018935
2 0.438017 0.411243 0.021488 0.020118
21 0.111983 0.129586 0.020661 0.057988
3 0.755785 0.105325 0.023967 0.016568
41 0.558678 0.497041 0.014876 0.016568
4 0.735950 0.571006 0.015702 0.017751
2 0.958264 0.225444 0.015702 0.015385
4 0.715289 0.139645 0.017355 0.014201
41 0.559504 0.604142 0.018182 0.015385
6 0.112397 0.250888 0.041322 0.018935
4 0.299174 0.492308 0.026446 0.021302
29 0.317355 0.566272 0.029752 0.057988
35 0.103306 0.430769 0.021488 0.028402
35 0.101240 0.456213 0.022314 0.031953
35 0.098760 0.530769 0.022314 0.031953
35 0.097107 0.554438 0.022314 0.031953
35 0.095455 0.613609 0.022314 0.031953
35 0.092149 0.640828 0.022314 0.031953
35 0.093802 0.701183 0.022314 0.031953
35 0.092975 0.726036 0.022314 0.031953
41 0.110744 0.802959 0.013223 0.017751
3 0.127686 0.824260 0.025620 0.017751
