1 0.552609 0.157385 0.082121 0.067797
3 0.658255 0.188257 0.011121 0.037530
1 0.458512 0.558111 0.085543 0.053269
1 0.231394 0.171308 0.091531 0.173123
1 0.828914 0.093220 0.066724 0.092010
3 0.166382 0.786925 0.014542 0.036320
4 0.697605 0.091404 0.014542 0.025424
4 0.658255 0.248184 0.017964 0.029056
3 0.593670 0.248789 0.011976 0.039952
3 0.320359 0.164044 0.011121 0.032688
4 0.355004 0.225182 0.017109 0.033898
4 0.321215 0.225787 0.017964 0.030266
2 0.594953 0.382567 0.024808 0.016949
6 0.629170 0.151937 0.035073 0.013317
2 0.778871 0.176755 0.024808 0.019370
35 0.236099 0.657990 0.032506 0.037530
2 0.688195 0.308717 0.024808 0.019370
4 0.666809 0.092615 0.017964 0.023002
35 0.234388 0.537530 0.029085 0.041162
42 0.769889 0.274213 0.022241 0.018160
6 0.457656 0.490315 0.039350 0.014528
4 0.688195 0.189467 0.016253 0.030266
35 0.171086 0.657385 0.034217 0.041162
2 0.552181 0.078087 0.023097 0.018160
2 0.462789 0.691889 0.022241 0.015738
4 0.727545 0.092010 0.016253 0.021792
35 0.170231 0.598063 0.029085 0.041162
22 0.350727 0.491525 0.027374 0.021792
2 0.166382 0.836562 0.021386 0.016949
42 0.695466 0.150726 0.025663 0.018160
35 0.170659 0.417070 0.029940 0.035109
4 0.286142 0.600484 0.017964 0.033898
35 0.234816 0.717918 0.029940 0.038741
2 0.322498 0.286320 0.023952 0.018160
4 0.756630 0.092010 0.016253 0.021792
42 0.675364 0.490920 0.023097 0.020581
35 0.169376 0.475182 0.029085 0.039952
35 0.234816 0.475182 0.029940 0.044794
23 0.551326 0.525424 0.014542 0.033898
35 0.235244 0.598063 0.030796 0.046005
29 0.582549 0.321429 0.037639 0.073850
35 0.169803 0.537530 0.029940 0.038741
35 0.170231 0.717918 0.030796 0.036320
35 0.235244 0.418281 0.029085 0.035109
35 0.393071 0.272397 0.028229 0.029056
29 0.625321 0.570823 0.044482 0.073850
35 0.419589 0.273608 0.028229 0.029056
35 0.451240 0.272397 0.028229 0.029056
35 0.475192 0.273608 0.028229 0.029056
26 0.834902 0.275424 0.075278 0.039952
2 0.898631 0.274213 0.016253 0.035109
