1 0.457983 0.521302 0.090756 0.055621
1 0.214286 0.313609 0.065546 0.082840
1 0.810084 0.195858 0.060504 0.157396
1 0.590756 0.202959 0.073950 0.162130
30 0.473950 0.628402 0.057143 0.101775
2 0.407143 0.678107 0.021008 0.018935
0 0.147479 0.353254 0.014286 0.013018
2 0.639916 0.281657 0.022689 0.021302
2 0.390336 0.556213 0.024370 0.023669
2 0.535294 0.505325 0.020168 0.021302
4 0.534874 0.466864 0.017647 0.017751
2 0.112605 0.335503 0.016807 0.022485
2 0.677731 0.234911 0.017647 0.020118
2 0.172269 0.358580 0.018487 0.021302
3 0.504622 0.440237 0.022689 0.014201
3 0.422689 0.602367 0.028571 0.014201
2 0.773109 0.305325 0.023529 0.021302
2 0.727311 0.252071 0.022689 0.021302
2 0.515126 0.198817 0.018487 0.018935
3 0.423529 0.640237 0.026891 0.014201
2 0.640336 0.150296 0.020168 0.023669
0 0.529412 0.240828 0.015126 0.013018
0 0.401261 0.431953 0.015966 0.014201
3 0.423529 0.626036 0.028571 0.014201
0 0.756303 0.259763 0.013445 0.013018
3 0.423950 0.652071 0.026050 0.011834
3 0.424790 0.614201 0.027731 0.016568
3 0.536134 0.183432 0.023529 0.016568
3 0.744118 0.237278 0.024370 0.017751
3 0.425210 0.591124 0.028571 0.015385
35 0.459664 0.462722 0.025210 0.028402
3 0.743277 0.166272 0.024370 0.017751
3 0.130252 0.307101 0.028571 0.013018
3 0.130672 0.322485 0.029412 0.013018
3 0.658824 0.219527 0.026891 0.020118
35 0.482773 0.461538 0.027731 0.030769
0 0.521849 0.430769 0.013445 0.016568
3 0.423950 0.661538 0.026050 0.011834
