1 0.286134 0.305917 0.071429 0.084024
2 0.547479 0.600592 0.026050 0.024852
2 0.664286 0.600592 0.024370 0.024852
2 0.479412 0.398817 0.024370 0.026036
1 0.592857 0.501775 0.064706 0.049704
2 0.521849 0.398817 0.025210 0.023669
1 0.568487 0.300592 0.073109 0.052071
2 0.231092 0.398225 0.025210 0.024852
2 0.513025 0.600000 0.026050 0.026036
2 0.446639 0.398817 0.021008 0.026036
2 0.634454 0.600000 0.023529 0.026036
24 0.717227 0.295266 0.034454 0.041420
2 0.336555 0.398225 0.026050 0.024852
24 0.717227 0.378107 0.036134 0.043787
4 0.479412 0.346746 0.017647 0.033136
2 0.684874 0.327219 0.021849 0.022485
24 0.484874 0.496450 0.036975 0.041420
2 0.423950 0.398225 0.022689 0.024852
4 0.546639 0.549112 0.017647 0.035503
2 0.613445 0.398817 0.025210 0.026036
2 0.332353 0.249704 0.021008 0.023669
4 0.664706 0.549112 0.018487 0.033136
0 0.663445 0.264497 0.015966 0.013018
2 0.684874 0.410651 0.021849 0.023669
3 0.587815 0.242012 0.029412 0.015385
3 0.401261 0.316568 0.027731 0.015385
35 0.545798 0.233728 0.022689 0.039053
3 0.521008 0.349112 0.013445 0.035503
75 0.445378 0.244970 0.015126 0.035503
75 0.478151 0.243787 0.015126 0.033136
3 0.398739 0.300000 0.027731 0.015385
0 0.511765 0.446746 0.016807 0.020118
