1 0.094538 0.088166 0.059664 0.084024
1 0.546639 0.088166 0.089916 0.053254
1 0.243277 0.171006 0.069748 0.107692
2 0.244118 0.246154 0.022689 0.021302
3 0.193697 0.101775 0.010924 0.033136
24 0.407143 0.407692 0.024370 0.043787
2 0.286555 0.246154 0.025210 0.021302
2 0.046639 0.511243 0.024370 0.023669
3 0.341176 0.463314 0.011765 0.036686
2 0.030252 0.134320 0.021849 0.020118
3 0.193697 0.423669 0.012605 0.033136
4 0.613866 0.087574 0.017647 0.018935
2 0.607983 0.200000 0.015966 0.023669
2 0.112605 0.584024 0.016807 0.027219
3 0.638655 0.211243 0.013445 0.036686
4 0.424790 0.100000 0.017647 0.022485
24 0.404202 0.479290 0.023529 0.042604
2 0.121008 0.171006 0.016807 0.027219
4 0.260924 0.076331 0.015966 0.024852
4 0.462605 0.099408 0.017647 0.021302
2 0.296639 0.077515 0.016807 0.027219
0 0.045798 0.386391 0.012605 0.010651
2 0.040336 0.585207 0.018487 0.024852
3 0.168067 0.100592 0.010084 0.033136
1 0.138235 0.404142 0.068067 0.048521
2 0.548319 0.200592 0.014286 0.020118
2 0.424790 0.139645 0.024370 0.021302
4 0.323950 0.188757 0.019328 0.027219
4 0.092437 0.171006 0.018487 0.022485
24 0.520588 0.195858 0.024370 0.041420
2 0.639916 0.251479 0.026050 0.024852
4 0.303361 0.447337 0.016807 0.030769
4 0.084874 0.447929 0.016807 0.034320
4 0.644118 0.087574 0.015966 0.021302
18 0.189076 0.703550 0.020168 0.034320
4 0.139916 0.471598 0.019328 0.022485
0 0.092017 0.614793 0.009244 0.017751
2 0.386555 0.501183 0.020168 0.017751
0 0.497059 0.188757 0.009244 0.017751
35 0.643697 0.168639 0.025210 0.027219
0 0.340756 0.386391 0.014286 0.010651
3 0.285714 0.205917 0.013445 0.030769
29 0.076050 0.555030 0.036134 0.061538
24 0.462185 0.189941 0.023529 0.041420
0 0.430252 0.195858 0.010084 0.020118
2 0.597059 0.137278 0.019328 0.021302
0 0.423529 0.067456 0.015126 0.009467
0 0.244538 0.054438 0.013445 0.011834
0 0.635294 0.054438 0.013445 0.011834
18 0.188655 0.645562 0.021008 0.034320
0 0.639496 0.133136 0.013445 0.013018
29 0.574790 0.165680 0.043697 0.056805
2 0.444118 0.167456 0.015966 0.020118
0 0.050000 0.615385 0.017647 0.016568
0 0.068067 0.171598 0.008403 0.021302
2 0.502941 0.218343 0.017647 0.017751
2 0.149160 0.081657 0.012605 0.026036
35 0.344118 0.420118 0.022689 0.028402
5 0.231513 0.419527 0.015966 0.029586
5 0.130672 0.347929 0.026050 0.023669
0 0.041597 0.069822 0.009244 0.014201
2 0.386134 0.431361 0.017647 0.015385
23 0.046639 0.444970 0.017647 0.030769
23 0.269748 0.449112 0.016807 0.034320
20 0.188235 0.470414 0.021849 0.031953
35 0.171849 0.150296 0.027731 0.033136
35 0.199160 0.151479 0.025210 0.035503
0 0.564706 0.224852 0.011765 0.021302
0 0.585714 0.231361 0.013445 0.017751
0 0.384454 0.390533 0.017647 0.016568
0 0.383613 0.465089 0.019328 0.021302
67 0.212605 0.323077 0.063866 0.059172
