1 0.384454 0.348521 0.084874 0.053254
4 0.302101 0.378107 0.022689 0.022485
2 0.706723 0.471006 0.025210 0.023669
1 0.821849 0.366272 0.060504 0.202367
3 0.281513 0.301183 0.013445 0.039053
0 0.756723 0.386982 0.014286 0.014201
75 0.166807 0.479290 0.027731 0.033136
2 0.265126 0.456213 0.024370 0.027219
75 0.125210 0.508876 0.031933 0.030769
4 0.491597 0.431361 0.015126 0.031953
3 0.731513 0.300592 0.027731 0.014201
4 0.302941 0.418935 0.024370 0.023669
4 0.513866 0.430178 0.015966 0.029586
0 0.512605 0.226627 0.015126 0.015385
3 0.731513 0.347929 0.031092 0.014201
3 0.449580 0.425444 0.013445 0.041420
2 0.511765 0.539053 0.020168 0.024852
35 0.323109 0.331361 0.019328 0.040237
0 0.757983 0.287574 0.015126 0.018935
