1 0.850473 0.192308 0.086288 0.080128
1 0.157801 0.282051 0.095745 0.112179
4 0.355792 0.274840 0.023641 0.030449
3 0.593972 0.496795 0.039007 0.019231
4 0.598700 0.354167 0.024823 0.035256
3 0.591608 0.546474 0.039007 0.019231
4 0.751182 0.201923 0.024823 0.028846
1 0.465130 0.265224 0.117021 0.088141
2 0.375296 0.461538 0.031915 0.028846
3 0.597518 0.290865 0.017730 0.046474
2 0.071513 0.342949 0.031915 0.028846
3 0.290780 0.274840 0.021277 0.046474
2 0.290189 0.447115 0.031915 0.028846
2 0.920804 0.238782 0.028369 0.028846
2 0.049054 0.269231 0.027187 0.028846
2 0.598700 0.407051 0.034279 0.028846
6 0.567967 0.254808 0.046099 0.016026
42 0.407801 0.473558 0.023641 0.059295
4 0.290189 0.338942 0.027187 0.036859
4 0.670804 0.202724 0.022459 0.036859
4 0.569740 0.201122 0.023641 0.030449
2 0.754728 0.255609 0.022459 0.030449
4 0.645390 0.298077 0.023641 0.035256
28 0.675532 0.554487 0.055556 0.044872
35 0.655437 0.485577 0.029551 0.051282
4 0.604019 0.201923 0.018913 0.035256
42 0.704492 0.258814 0.042553 0.024038
3 0.408392 0.374199 0.022459 0.052885
35 0.378842 0.353365 0.048463 0.046474
4 0.624113 0.202724 0.023641 0.036859
