1 0.364716 0.290072 0.093299 0.130383
1 0.803647 0.683313 0.043257 0.081938
1 0.641009 0.262261 0.024173 0.035287
1 0.675573 0.630981 0.024597 0.031100
1 0.259330 0.784988 0.024173 0.042464
1 0.774173 0.391746 0.025021 0.040670
1 0.644190 0.513756 0.023749 0.031100
2 0.759118 0.546352 0.011874 0.010167
1 0.675573 0.513457 0.022901 0.030502
1 0.780322 0.272129 0.030534 0.051435
1 0.675148 0.380682 0.025445 0.030502
2 0.717133 0.546352 0.013571 0.011364
1 0.242154 0.719797 0.034775 0.026914
1 0.774809 0.511962 0.025445 0.040670
1 0.644614 0.632775 0.025445 0.034689
2 0.127863 0.313995 0.013995 0.010766
4 0.258906 0.282297 0.011450 0.014354
1 0.798982 0.100179 0.029686 0.078349
1 0.636132 0.113038 0.024597 0.031100
1 0.300679 0.784689 0.021204 0.040670
3 0.318702 0.820873 0.007209 0.020933
2 0.763783 0.314294 0.012723 0.011364
2 0.789228 0.313397 0.013571 0.011962
2 0.716921 0.313397 0.013147 0.010766
2 0.780958 0.471591 0.009754 0.010167
1 0.666879 0.111543 0.024173 0.034091
4 0.178329 0.280801 0.008906 0.008971
3 0.301315 0.719199 0.015691 0.010167
1 0.644190 0.381280 0.022901 0.035287
4 0.145038 0.281998 0.010178 0.012560
2 0.704623 0.672249 0.014843 0.011962
2 0.421544 0.127691 0.008482 0.017344
2 0.466709 0.313098 0.012299 0.012560
52 0.253181 0.310108 0.016964 0.012560
1 0.670908 0.261962 0.022901 0.035885
4 0.126802 0.280801 0.011874 0.012560
2 0.780746 0.353768 0.011874 0.011364
4 0.403520 0.125897 0.011450 0.012560
4 0.441476 0.281400 0.010178 0.012560
52 0.284139 0.129785 0.005937 0.020335
2 0.195293 0.313397 0.012299 0.011962
2 0.789228 0.228768 0.013571 0.012560
2 0.143554 0.313696 0.011450 0.011364
52 0.724131 0.707237 0.014843 0.008971
52 0.583333 0.372608 0.015691 0.011962
2 0.161366 0.313397 0.012299 0.010766
52 0.434054 0.390251 0.018236 0.011364
75 0.127439 0.784988 0.017388 0.014952
4 0.716921 0.282596 0.008906 0.014952
52 0.189355 0.706938 0.014843 0.010766
52 0.332909 0.683313 0.014419 0.011364
2 0.785199 0.159091 0.011450 0.009569
4 0.194869 0.281100 0.008058 0.014354
4 0.716285 0.397129 0.009330 0.016746
4 0.716497 0.514354 0.008906 0.016746
52 0.748940 0.630682 0.016115 0.008971
4 0.512511 0.318182 0.014843 0.013158
52 0.749152 0.618421 0.015691 0.010766
52 0.332485 0.719797 0.015267 0.010167
3 0.734521 0.090909 0.016115 0.011962
2 0.178329 0.313995 0.012299 0.010766
2 0.295165 0.222488 0.006785 0.013158
75 0.076972 0.264653 0.014843 0.012560
52 0.128075 0.226376 0.009330 0.023325
52 0.750000 0.641447 0.015691 0.008971
2 0.347752 0.088816 0.011026 0.011364
52 0.651612 0.671053 0.016539 0.011962
52 0.723919 0.695275 0.015267 0.010167
4 0.479856 0.283194 0.008906 0.013756
52 0.398643 0.172249 0.006785 0.022727
52 0.720102 0.367225 0.016964 0.011962
52 0.741518 0.282895 0.014843 0.010766
52 0.189567 0.718301 0.015267 0.010766
4 0.708015 0.126495 0.008058 0.018541
2 0.781170 0.434211 0.011026 0.009569
2 0.758482 0.434809 0.009754 0.009569
4 0.284351 0.697967 0.008906 0.017943
2 0.766964 0.072967 0.008058 0.015550
52 0.185751 0.802931 0.016115 0.012560
52 0.442960 0.258373 0.016539 0.011962
4 0.454198 0.281998 0.010178 0.013756
52 0.185327 0.761364 0.016964 0.013158
52 0.468617 0.413278 0.015267 0.011962
52 0.650975 0.419557 0.016964 0.012560
52 0.521841 0.244617 0.008906 0.023923
52 0.710984 0.486244 0.013995 0.011962
6 0.245547 0.262859 0.017812 0.007775
4 0.466921 0.281400 0.010178 0.014952
52 0.251908 0.325060 0.016964 0.012560
52 0.252757 0.335825 0.016964 0.012560
52 0.252332 0.347189 0.016964 0.012560
52 0.252332 0.360347 0.016964 0.012560
52 0.287108 0.253289 0.016964 0.012560
52 0.292197 0.130383 0.005937 0.020335
52 0.301103 0.130383 0.005937 0.020335
52 0.309160 0.130981 0.005937 0.020335
52 0.317642 0.129785 0.005937 0.020335
52 0.326124 0.130981 0.005937 0.020335
52 0.334606 0.130383 0.005937 0.020335
2 0.369381 0.089115 0.010178 0.009569
4 0.347752 0.114833 0.011026 0.009569
4 0.368533 0.114533 0.010178 0.010167
52 0.389525 0.100478 0.008906 0.025120
52 0.364080 0.158493 0.007209 0.016746
52 0.382103 0.171651 0.007634 0.022727
52 0.406701 0.172847 0.006785 0.025120
52 0.442748 0.233553 0.016964 0.012560
52 0.443596 0.247010 0.018660 0.009569
3 0.512511 0.269438 0.013995 0.011364
3 0.513359 0.293959 0.013995 0.011364
4 0.534139 0.294557 0.010602 0.010167
2 0.533927 0.325060 0.011026 0.011364
52 0.415394 0.356459 0.007209 0.021531
52 0.423452 0.356459 0.009754 0.023923
52 0.312765 0.416567 0.008906 0.023325
52 0.321459 0.416268 0.006785 0.023923
52 0.330153 0.415969 0.008058 0.023325
52 0.338634 0.416268 0.008058 0.022727
52 0.346692 0.415072 0.007209 0.022727
52 0.346904 0.498804 0.007634 0.021531
52 0.397795 0.517943 0.007634 0.021531
52 0.432570 0.459031 0.008482 0.017344
52 0.434478 0.401914 0.017388 0.008373
21 0.356234 0.407895 0.008482 0.019139
4 0.373198 0.408194 0.012723 0.008971
2 0.356234 0.465012 0.010178 0.014952
2 0.373622 0.463218 0.011874 0.011364
3 0.398643 0.468002 0.007634 0.017344
3 0.415606 0.467105 0.008482 0.020335
27 0.379983 0.517943 0.010178 0.039474
2 0.382528 0.553230 0.015267 0.013158
3 0.449321 0.467703 0.006361 0.019139
2 0.449109 0.516746 0.012723 0.011962
49 0.175573 0.500000 0.068702 0.057416
52 0.156701 0.571172 0.008058 0.023923
52 0.164758 0.571172 0.008058 0.025120
52 0.173240 0.570873 0.006361 0.025718
52 0.182782 0.570873 0.007634 0.024522
52 0.191264 0.570574 0.008482 0.027512
52 0.199534 0.570275 0.008058 0.025718
52 0.224555 0.500598 0.008906 0.025120
52 0.249788 0.500299 0.006785 0.022129
3 0.223494 0.538876 0.008482 0.019139
3 0.249788 0.540072 0.007634 0.019139
2 0.225191 0.571172 0.011026 0.009569
2 0.249788 0.571471 0.011026 0.010167
7 0.161366 0.783493 0.018236 0.014354
52 0.189355 0.732356 0.017388 0.008971
52 0.349025 0.773026 0.017812 0.013756
2 0.353265 0.791268 0.009330 0.015550
52 0.317642 0.857955 0.007634 0.023325
52 0.646735 0.156400 0.017812 0.011364
52 0.710984 0.079844 0.016539 0.012560
52 0.703138 0.090012 0.016964 0.010167
52 0.736853 0.114833 0.015691 0.010766
52 0.745335 0.132775 0.016539 0.013158
52 0.769296 0.138756 0.016964 0.011962
2 0.708015 0.163278 0.011450 0.014354
52 0.647159 0.301136 0.019508 0.013756
52 0.715861 0.218600 0.009330 0.020933
52 0.740458 0.269139 0.016964 0.011962
52 0.741730 0.390550 0.019508 0.009569
52 0.741730 0.401914 0.019508 0.011962
2 0.716709 0.434211 0.011874 0.011962
52 0.580365 0.503589 0.018236 0.013158
52 0.655852 0.551136 0.017388 0.011364
52 0.741306 0.509569 0.016964 0.010766
52 0.741306 0.520933 0.017812 0.010766
2 0.779898 0.552333 0.014419 0.008971
52 0.579517 0.622907 0.016539 0.010167
52 0.702926 0.601376 0.008906 0.024522
52 0.749576 0.605562 0.016539 0.012560
4 0.703774 0.639952 0.010602 0.010766
2 0.785199 0.610347 0.012299 0.014952
2 0.840119 0.695873 0.010178 0.014952
52 0.724131 0.718002 0.015691 0.008971
52 0.723919 0.730861 0.015267 0.010766
4 0.161154 0.283194 0.010178 0.012560
