1 0.479832 0.402367 0.065546 0.075740
24 0.299160 0.456213 0.031933 0.036686
1 0.635294 0.479882 0.070588 0.067456
2 0.244538 0.433728 0.023529 0.017751
2 0.445378 0.582249 0.023529 0.018935
24 0.228151 0.401775 0.024370 0.043787
4 0.360924 0.426036 0.019328 0.026036
4 0.479412 0.506509 0.021008 0.023669
35 0.551681 0.366864 0.024370 0.030769
2 0.362185 0.468639 0.025210 0.021302
2 0.513025 0.314793 0.024370 0.021302
2 0.672269 0.550888 0.026891 0.020118
3 0.445378 0.463314 0.013445 0.034320
4 0.390336 0.365680 0.017647 0.021302
4 0.424790 0.365089 0.017647 0.024852
2 0.294118 0.498225 0.025210 0.018935
2 0.479412 0.552663 0.026050 0.018935
2 0.567227 0.440828 0.021849 0.020118
6 0.397059 0.430178 0.012605 0.043787
3 0.495798 0.461538 0.025210 0.016568
27 0.442857 0.526036 0.018487 0.062722
28 0.302941 0.387574 0.051261 0.039053
0 0.257983 0.381657 0.021849 0.022485
35 0.552101 0.420710 0.018487 0.036686
0 0.588235 0.443787 0.021849 0.016568
