4 0.709664 0.124260 0.015966 0.018935
2 0.969748 0.127219 0.020168 0.017751
1 0.626891 0.118935 0.072269 0.076923
3 0.568487 0.118343 0.022689 0.016568
2 0.589076 0.250296 0.025210 0.020118
2 0.746218 0.157396 0.023529 0.016568
2 0.648319 0.295266 0.012605 0.027219
3 0.588655 0.194083 0.012605 0.033136
4 0.673109 0.294675 0.013445 0.026036
0 0.747899 0.088166 0.016807 0.015385
4 0.731513 0.124260 0.017647 0.016568
75 0.660084 0.340828 0.014286 0.035503
1 0.927731 0.084024 0.057143 0.092308
3 0.638655 0.195858 0.013445 0.034320
75 0.684874 0.342012 0.015126 0.033136
75 0.764706 0.105325 0.023529 0.021302
0 0.865966 0.049704 0.015966 0.016568
35 0.531933 0.109467 0.016807 0.031953
35 0.532353 0.139645 0.015966 0.035503
6 0.684874 0.160355 0.015126 0.053254
75 0.764706 0.142604 0.025210 0.020118
4 0.670168 0.270414 0.017647 0.024852
