1 0.186404 0.188288 0.038304 0.099099
1 0.887573 0.100901 0.031287 0.072072
2 0.071053 0.471396 0.009357 0.009459
1 0.464181 0.110811 0.023099 0.078378
1 0.703070 0.118694 0.026023 0.047297
1 0.288889 0.461486 0.030994 0.030180
2 0.269152 0.433559 0.010819 0.010360
2 0.106725 0.470946 0.009942 0.010360
24 0.360088 0.162838 0.009064 0.029279
1 0.484357 0.265090 0.023684 0.021171
35 0.920906 0.240766 0.010819 0.014865
24 0.360673 0.085360 0.011404 0.028378
24 0.360234 0.128378 0.010526 0.034234
35 0.315936 0.491667 0.011404 0.013964
2 0.870322 0.243694 0.006725 0.013514
2 0.854094 0.123423 0.006433 0.014414
3 0.106579 0.411036 0.006725 0.014865
2 0.354094 0.262162 0.008187 0.010811
2 0.659503 0.086712 0.010234 0.011261
2 0.870614 0.274550 0.007310 0.013063
2 0.072368 0.155405 0.006725 0.011712
2 0.072076 0.209459 0.006140 0.012613
4 0.087573 0.155180 0.005556 0.009459
3 0.095906 0.131982 0.005263 0.013514
0 0.096345 0.108333 0.006725 0.006757
0 0.121199 0.115090 0.003801 0.005856
4 0.131725 0.128153 0.004971 0.010360
4 0.131579 0.141216 0.005848 0.009459
2 0.141813 0.117793 0.008187 0.009459
2 0.206140 0.114865 0.008187 0.009009
41 0.231579 0.204279 0.007602 0.007658
24 0.243129 0.213739 0.011404 0.016667
2 0.267836 0.213288 0.009357 0.009459
3 0.379678 0.077703 0.010234 0.004955
3 0.380263 0.082658 0.009649 0.004955
3 0.380117 0.087613 0.011111 0.004054
3 0.380702 0.092568 0.009357 0.004054
2 0.490643 0.152477 0.009357 0.005856
0 0.504094 0.153829 0.005263 0.004955
0 0.517690 0.153829 0.005556 0.005856
0 0.529240 0.154054 0.005848 0.005405
24 0.372515 0.264640 0.014035 0.014865
41 0.396637 0.256982 0.008480 0.008559
0 0.408918 0.242568 0.006725 0.006757
22 0.408918 0.266892 0.007310 0.010360
0 0.409211 0.295721 0.007310 0.007658
0 0.450439 0.224099 0.006725 0.005856
4 0.459211 0.244144 0.006140 0.011712
2 0.467105 0.225901 0.007310 0.007658
0 0.448977 0.287838 0.004971 0.008108
4 0.052193 0.452252 0.007895 0.007207
27 0.069444 0.440541 0.008480 0.021622
3 0.070175 0.411712 0.005848 0.013514
0 0.070468 0.389640 0.005263 0.008108
0 0.106725 0.390541 0.006433 0.008108
27 0.106140 0.443018 0.007602 0.023874
0 0.177778 0.377928 0.007018 0.009910
24 0.189766 0.371622 0.011696 0.017117
2 0.204825 0.374775 0.008480 0.008108
0 0.178216 0.426577 0.005556 0.006306
24 0.189620 0.422297 0.013158 0.016667
2 0.201170 0.424550 0.007602 0.012162
2 0.220175 0.464189 0.007018 0.012162
0 0.218275 0.506532 0.004386 0.010360
3 0.235965 0.506532 0.010526 0.009459
3 0.261988 0.454955 0.008772 0.009009
3 0.314620 0.474775 0.006433 0.013514
3 0.333041 0.474775 0.005848 0.014414
35 0.334357 0.492568 0.010234 0.015766
4 0.355409 0.459685 0.009064 0.008559
2 0.364035 0.449550 0.006433 0.012613
0 0.365058 0.468468 0.005556 0.009910
4 0.347953 0.520495 0.009357 0.007658
2 0.347661 0.545495 0.007602 0.009009
4 0.659942 0.109234 0.007602 0.010360
0 0.745760 0.098649 0.004386 0.009910
4 0.746199 0.117342 0.007602 0.007658
2 0.745906 0.131532 0.007602 0.009009
11 0.699561 0.252027 0.009649 0.018468
11 0.699708 0.287387 0.008772 0.018919
3 0.726316 0.251802 0.010526 0.009910
3 0.725146 0.288514 0.010526 0.008559
2 0.852485 0.072297 0.006725 0.016667
2 0.888889 0.053378 0.008772 0.009459
2 0.928801 0.073423 0.004971 0.010811
2 0.929678 0.122523 0.006140 0.015315
2 0.888012 0.143243 0.007602 0.008108
3 0.896491 0.243243 0.010526 0.010811
3 0.896053 0.274550 0.012573 0.010360
35 0.921491 0.273423 0.009649 0.014414
0 0.945760 0.243919 0.005556 0.009459
