1 0.307143 0.228402 0.120168 0.213018
35 0.170588 0.307101 0.023529 0.029586
24 0.457563 0.255030 0.024370 0.043787
1 0.051261 0.224852 0.057143 0.208284
35 0.170588 0.271006 0.021849 0.033136
3 0.442017 0.365680 0.013445 0.030769
3 0.205462 0.312426 0.022689 0.016568
2 0.711345 0.469822 0.026050 0.023669
3 0.096639 0.471598 0.011765 0.034320
2 0.088655 0.363905 0.024370 0.020118
2 0.374370 0.102367 0.022689 0.024852
2 0.536555 0.388757 0.017647 0.027219
2 0.540336 0.324260 0.016807 0.026036
4 0.184454 0.406509 0.019328 0.020118
2 0.535714 0.430769 0.019328 0.026036
2 0.627731 0.463905 0.025210 0.023669
4 0.106303 0.325444 0.019328 0.021302
41 0.165126 0.159172 0.015966 0.015385
3 0.205462 0.277515 0.024370 0.017751
3 0.626050 0.420118 0.013445 0.035503
4 0.689076 0.418343 0.018487 0.015385
2 0.247899 0.107692 0.018487 0.021302
2 0.080672 0.102959 0.021849 0.023669
4 0.210924 0.406509 0.016807 0.017751
4 0.383193 0.230178 0.015126 0.024852
4 0.385294 0.289941 0.017647 0.023669
4 0.240756 0.405917 0.017647 0.016568
2 0.076471 0.517160 0.025210 0.021302
3 0.076891 0.472781 0.012605 0.034320
4 0.441597 0.447929 0.021008 0.020118
2 0.199580 0.173373 0.015966 0.027219
2 0.155462 0.340828 0.021849 0.021302
4 0.230252 0.171598 0.016807 0.023669
3 0.196639 0.148521 0.025210 0.015385
3 0.459664 0.324852 0.025210 0.017751
3 0.482773 0.430769 0.027731 0.016568
4 0.415546 0.278107 0.015966 0.026036
4 0.483613 0.389349 0.019328 0.023669
3 0.505042 0.324852 0.026891 0.017751
21 0.711345 0.420118 0.015966 0.033136
41 0.211765 0.135503 0.010084 0.022485
22 0.441176 0.302959 0.018487 0.023669
