1 0.340594 0.787171 0.056436 0.065132
1 0.505693 0.256579 0.034158 0.050000
1 0.181188 0.156908 0.044554 0.063816
1 0.148267 0.784211 0.053960 0.063158
24 0.219059 0.802632 0.014356 0.023684
24 0.412376 0.805592 0.015842 0.021711
30 0.336634 0.060197 0.026733 0.032237
2 0.272772 0.112829 0.012871 0.011184
1 0.129208 0.581250 0.044554 0.066447
24 0.219554 0.763816 0.016337 0.021053
1 0.514604 0.139145 0.042079 0.044079
29 0.109158 0.350987 0.031188 0.020395
29 0.229455 0.350329 0.028218 0.024342
1 0.540099 0.349342 0.033663 0.028947
24 0.412129 0.767434 0.015347 0.021711
1 0.332673 0.600000 0.036634 0.031579
24 0.284653 0.545066 0.017822 0.024342
1 0.335644 0.170066 0.039604 0.029605
2 0.378465 0.792434 0.012376 0.012500
3 0.232673 0.141447 0.013861 0.009211
24 0.338614 0.120724 0.019802 0.019079
2 0.157921 0.558553 0.007921 0.017105
44 0.329455 0.361184 0.014356 0.018421
2 0.378713 0.769408 0.009901 0.009868
44 0.391832 0.361842 0.014356 0.019737
2 0.530198 0.280921 0.011881 0.011842
0 0.231188 0.211184 0.011881 0.007895
44 0.274010 0.921711 0.012376 0.018421
2 0.303465 0.513487 0.007921 0.017763
2 0.530693 0.230921 0.011881 0.011842
29 0.193069 0.350658 0.028713 0.022368
3 0.599257 0.129934 0.014356 0.013816
4 0.507673 0.341118 0.010396 0.012500
14 0.277475 0.160197 0.025248 0.030921
14 0.222525 0.584868 0.021287 0.027632
29 0.147525 0.275987 0.026733 0.023026
2 0.184901 0.790789 0.009406 0.010526
29 0.107673 0.275658 0.028218 0.022368
29 0.148267 0.350329 0.026238 0.024342
44 0.256683 0.922368 0.011386 0.018421
3 0.219802 0.180921 0.015842 0.010526
35 0.232673 0.194408 0.011881 0.015132
29 0.230198 0.275658 0.027723 0.023684
44 0.371782 0.360855 0.014851 0.019079
35 0.570545 0.126316 0.013366 0.021053
0 0.107673 0.624342 0.007426 0.011842
44 0.294802 0.921711 0.013366 0.018421
2 0.087376 0.281908 0.010396 0.019079
2 0.086386 0.357237 0.011386 0.017105
29 0.192327 0.275000 0.031188 0.027632
44 0.351733 0.359539 0.014356 0.024342
0 0.151238 0.141447 0.007426 0.011842
0 0.150495 0.167105 0.005941 0.010526
0 0.160149 0.199671 0.005446 0.008553
4 0.174752 0.200329 0.006931 0.013816
4 0.175495 0.213816 0.007426 0.014474
2 0.192327 0.199671 0.006436 0.016447
2 0.211881 0.133224 0.009901 0.013816
0 0.208911 0.154605 0.006931 0.009211
4 0.272525 0.131579 0.012376 0.007895
2 0.265594 0.182237 0.009406 0.015789
4 0.290842 0.182237 0.007426 0.014474
0 0.327723 0.078947 0.006931 0.011842
0 0.333168 0.108882 0.008911 0.011184
0 0.345792 0.109539 0.006436 0.011184
0 0.363614 0.163487 0.007426 0.011184
0 0.385396 0.170066 0.007426 0.008553
2 0.359158 0.186184 0.013366 0.010526
0 0.550000 0.073026 0.010891 0.010526
3 0.549505 0.092105 0.009901 0.019737
2 0.464109 0.144079 0.007426 0.011842
3 0.480198 0.138816 0.017822 0.011842
2 0.490347 0.122697 0.009406 0.008553
2 0.540099 0.117434 0.011881 0.009868
0 0.544554 0.150987 0.007921 0.009868
4 0.540099 0.164803 0.012871 0.008553
2 0.539604 0.185197 0.010891 0.007237
35 0.569802 0.141447 0.012871 0.019737
3 0.598762 0.143750 0.016337 0.011184
2 0.480693 0.251974 0.014851 0.010526
0 0.560149 0.246053 0.009406 0.011842
0 0.560396 0.264803 0.007921 0.008553
0 0.475000 0.328947 0.006436 0.011842
3 0.490347 0.328289 0.017327 0.010526
0 0.500248 0.355263 0.008416 0.011842
2 0.562871 0.341447 0.008911 0.017105
2 0.563366 0.355592 0.010891 0.013816
0 0.096040 0.565132 0.006931 0.011842
0 0.097030 0.592105 0.005941 0.011842
4 0.121535 0.624013 0.007426 0.015132
4 0.120545 0.638487 0.008416 0.013816
2 0.137871 0.623684 0.008416 0.015789
3 0.177970 0.564474 0.016337 0.010526
0 0.157178 0.579605 0.010396 0.013158
3 0.165594 0.604934 0.017327 0.009868
35 0.178218 0.618421 0.015842 0.013158
0 0.175743 0.637171 0.008911 0.009868
2 0.218317 0.536184 0.015842 0.009211
4 0.217327 0.556579 0.014851 0.009211
2 0.211634 0.604605 0.009406 0.015789
4 0.235149 0.605592 0.008911 0.015132
0 0.282921 0.499013 0.008416 0.009868
23 0.288861 0.511184 0.009406 0.014474
0 0.281188 0.598355 0.009901 0.012500
2 0.311386 0.584211 0.014851 0.011842
0 0.304703 0.606250 0.011386 0.011184
0 0.087376 0.778289 0.009406 0.013158
2 0.184653 0.764803 0.011881 0.011184
2 0.185891 0.774671 0.008416 0.011184
2 0.186139 0.801974 0.009901 0.014474
0 0.280693 0.782566 0.007921 0.015132
2 0.378713 0.778947 0.009901 0.010526
2 0.377970 0.804276 0.009406 0.012500
