1 0.368263 0.407990 0.105218 0.184019
1 0.767322 0.739104 0.047904 0.076271
3 0.240376 0.365012 0.030796 0.018160
3 0.239949 0.443099 0.029940 0.019370
3 0.239949 0.558111 0.028229 0.016949
2 0.140291 0.363801 0.017109 0.025424
3 0.522241 0.502421 0.012831 0.036320
3 0.483319 0.480024 0.029085 0.018160
42 0.607784 0.296005 0.023097 0.015738
4 0.435415 0.503632 0.018820 0.026634
4 0.586399 0.455811 0.017964 0.025424
2 0.430282 0.418886 0.013687 0.024213
2 0.431138 0.334746 0.013687 0.025424
2 0.552181 0.541162 0.021386 0.019370
4 0.569290 0.368644 0.017964 0.020581
4 0.619760 0.449758 0.016253 0.025424
2 0.674080 0.720944 0.013687 0.025424
2 0.538922 0.211259 0.017109 0.023002
42 0.725406 0.757869 0.027374 0.014528
3 0.240376 0.479419 0.027374 0.019370
2 0.143713 0.442494 0.015398 0.023002
4 0.539350 0.267554 0.017964 0.024213
4 0.598802 0.371671 0.015398 0.026634
2 0.148417 0.557506 0.016253 0.025424
3 0.240376 0.515133 0.029085 0.020581
4 0.569290 0.320218 0.019675 0.023002
42 0.725406 0.730024 0.023952 0.016949
42 0.683918 0.430387 0.023097 0.020581
2 0.608640 0.346247 0.012831 0.019370
42 0.307100 0.346852 0.020530 0.015738
2 0.144996 0.515133 0.016253 0.023002
3 0.389649 0.570218 0.029940 0.019370
35 0.185629 0.447337 0.029085 0.035109
4 0.436698 0.465496 0.016253 0.020581
4 0.599230 0.320823 0.016253 0.019370
2 0.144568 0.478814 0.017109 0.023002
42 0.306672 0.359564 0.023097 0.016949
6 0.482891 0.427966 0.040205 0.015738
22 0.556459 0.234867 0.019675 0.026634
42 0.725834 0.745157 0.026518 0.013317
