1 0.325970 0.447479 0.080000 0.313445
3 0.370448 0.703361 0.008955 0.025210
75 0.592537 0.655462 0.019701 0.025210
1 0.174328 0.388235 0.042985 0.068908
1 0.185075 0.279412 0.048955 0.073109
2 0.479104 0.146639 0.012537 0.021008
3 0.277910 0.702941 0.008955 0.026050
75 0.589851 0.607983 0.022687 0.024370
1 0.174627 0.463866 0.041194 0.070588
1 0.178507 0.154622 0.041791 0.063866
2 0.517910 0.112185 0.011343 0.021008
2 0.435224 0.455462 0.013134 0.020168
1 0.217910 0.685714 0.038209 0.065546
4 0.277612 0.732353 0.014328 0.015966
1 0.438209 0.657143 0.044179 0.047059
3 0.215224 0.526891 0.010149 0.025210
3 0.405672 0.366387 0.019701 0.011765
2 0.154627 0.577731 0.011940 0.019328
4 0.665373 0.544118 0.014925 0.017647
2 0.325373 0.757563 0.015522 0.014286
2 0.240299 0.380252 0.011343 0.017647
2 0.442985 0.363025 0.013134 0.020168
1 0.702090 0.562185 0.022687 0.060504
2 0.502090 0.559664 0.016716 0.015126
3 0.805970 0.620168 0.007164 0.023529
2 0.406567 0.652941 0.010746 0.018487
24 0.566269 0.531513 0.019701 0.027731
4 0.208955 0.421008 0.013134 0.015126
2 0.527761 0.266807 0.013134 0.021008
3 0.444179 0.100420 0.020299 0.010924
4 0.528955 0.531513 0.011940 0.015966
4 0.665672 0.589496 0.015522 0.015966
3 0.880597 0.619748 0.008358 0.022689
4 0.246866 0.153361 0.012537 0.015966
2 0.527761 0.195798 0.011940 0.020168
2 0.144776 0.426050 0.012537 0.018487
2 0.410149 0.500420 0.010746 0.019328
2 0.325672 0.262185 0.014925 0.016807
49 0.605075 0.219748 0.080597 0.061345
3 0.385672 0.459244 0.016716 0.012605
35 0.483881 0.083193 0.016119 0.026891
4 0.501791 0.531092 0.011343 0.015126
3 0.444179 0.531513 0.009552 0.027731
2 0.215224 0.731092 0.012537 0.015126
3 0.401791 0.472269 0.017910 0.013445
4 0.369851 0.732353 0.013731 0.015966
30 0.436119 0.195378 0.036418 0.059664
4 0.179701 0.576891 0.010746 0.015966
3 0.498507 0.245378 0.017910 0.008403
30 0.435522 0.269328 0.036418 0.064706
3 0.402090 0.419748 0.020896 0.009244
3 0.235522 0.549160 0.018507 0.015966
3 0.764179 0.542437 0.010746 0.024370
3 0.432239 0.549160 0.016716 0.012605
4 0.271045 0.381513 0.013134 0.018487
4 0.179403 0.543277 0.012537 0.014286
6 0.318806 0.686555 0.025075 0.013445
3 0.498507 0.256723 0.019104 0.010924
4 0.385075 0.441597 0.011940 0.014286
4 0.250149 0.579412 0.016716 0.017647
4 0.257313 0.536555 0.013134 0.015966
3 0.401791 0.430252 0.019104 0.011765
4 0.158209 0.334454 0.015522 0.011765
2 0.248657 0.181092 0.014925 0.015966
3 0.501493 0.178571 0.019104 0.012605
4 0.396418 0.582773 0.013134 0.017647
3 0.839403 0.543277 0.010746 0.026050
15 0.863582 0.598739 0.022090 0.026050
23 0.180299 0.606723 0.016716 0.016807
3 0.498209 0.263025 0.016119 0.010084
66 0.263881 0.150000 0.022687 0.037815
66 0.241194 0.275630 0.029851 0.033613
66 0.231940 0.415126 0.025672 0.036975
66 0.234627 0.479832 0.025075 0.036975
4 0.217015 0.490756 0.016119 0.010084
4 0.178209 0.512605 0.013731 0.018487
23 0.474925 0.533613 0.014925 0.016807
4 0.375522 0.504622 0.009552 0.017647
3 0.402687 0.411345 0.020896 0.009244
3 0.402090 0.404622 0.020896 0.009244
3 0.402687 0.394538 0.020896 0.009244
29 0.437015 0.139916 0.041791 0.031092
3 0.445672 0.112605 0.019701 0.013445
29 0.480896 0.114706 0.029254 0.024370
3 0.500896 0.186975 0.019104 0.012605
3 0.500896 0.194538 0.019104 0.012605
3 0.501493 0.202101 0.019104 0.012605
3 0.502090 0.215546 0.019104 0.012605
3 0.498806 0.271429 0.016119 0.010084
3 0.497612 0.280672 0.016119 0.010084
3 0.498806 0.289916 0.016119 0.010084
2 0.649851 0.572269 0.011343 0.023529
5 0.731940 0.523529 0.016716 0.018487
8 0.787463 0.538655 0.022687 0.028571
15 0.790149 0.600840 0.020896 0.025210
8 0.863881 0.537395 0.016716 0.026050
2 0.920000 0.638235 0.014328 0.022689
