1 0.134874 0.194675 0.071429 0.086391
1 0.413025 0.430769 0.079832 0.068639
3 0.491597 0.454438 0.025210 0.016568
3 0.336134 0.496450 0.013445 0.034320
2 0.298319 0.327811 0.021849 0.018935
2 0.336555 0.327219 0.022689 0.020118
4 0.336975 0.365680 0.018487 0.021302
2 0.368908 0.164497 0.015126 0.028402
3 0.508824 0.382840 0.012605 0.031953
2 0.411765 0.375148 0.025210 0.021302
4 0.298739 0.365680 0.019328 0.018935
3 0.223109 0.213018 0.026050 0.016568
2 0.085714 0.201775 0.011765 0.027219
3 0.223109 0.177515 0.026050 0.016568
24 0.679412 0.410059 0.024370 0.057988
21 0.370168 0.494083 0.015966 0.034320
2 0.268908 0.327811 0.021849 0.018935
24 0.632773 0.408876 0.031933 0.055621
2 0.245378 0.413609 0.015126 0.024852
2 0.659244 0.442604 0.019328 0.014201
2 0.368908 0.201775 0.013445 0.027219
2 0.251261 0.213018 0.013445 0.028402
2 0.245798 0.448521 0.014286 0.026036
25 0.268908 0.364497 0.013445 0.030769
3 0.491597 0.495858 0.026891 0.014201
2 0.251261 0.176923 0.013445 0.027219
2 0.561345 0.455030 0.013445 0.029586
75 0.341597 0.201183 0.026050 0.021302
4 0.550840 0.384615 0.017647 0.023669
35 0.294118 0.405917 0.021849 0.035503
2 0.180252 0.239053 0.017647 0.016568
3 0.328571 0.449704 0.026891 0.018935
3 0.328571 0.413609 0.028571 0.017751
2 0.336555 0.534911 0.022689 0.018935
2 0.369748 0.534911 0.023529 0.018935
75 0.341176 0.165089 0.025210 0.020118
4 0.509244 0.427811 0.016807 0.020118
0 0.515546 0.497041 0.009244 0.018935
0 0.550420 0.350296 0.013445 0.011834
75 0.341597 0.129586 0.026050 0.020118
0 0.197899 0.152663 0.010924 0.014201
35 0.292437 0.440828 0.021849 0.029586
0 0.248739 0.389941 0.011765 0.017751
2 0.181092 0.149112 0.021008 0.021302
0 0.196639 0.234911 0.011765 0.015385
75 0.340336 0.094083 0.026891 0.022485
0 0.364286 0.093491 0.007563 0.016568
0 0.364706 0.130769 0.010084 0.015385
6 0.492017 0.357396 0.037815 0.016568
0 0.659664 0.378698 0.013445 0.014201
