26 0.071940 0.231513 0.025672 0.044538
1 0.665970 0.326471 0.080597 0.155462
1 0.844179 0.186134 0.041791 0.110084
1 0.258806 0.317647 0.050746 0.047059
2 0.152836 0.221849 0.019104 0.018487
2 0.298507 0.453361 0.016716 0.017647
1 0.805970 0.341176 0.042985 0.055462
2 0.914030 0.457143 0.020299 0.020168
1 0.740597 0.145378 0.047164 0.052101
3 0.795224 0.404202 0.008358 0.026891
3 0.566269 0.375630 0.010149 0.028571
3 0.209552 0.367647 0.009552 0.029412
4 0.595224 0.370168 0.013134 0.021008
4 0.322388 0.426471 0.020299 0.021008
1 0.878507 0.338235 0.036418 0.047899
2 0.299104 0.294118 0.015522 0.018487
4 0.176418 0.350000 0.014925 0.021008
2 0.567463 0.454202 0.019701 0.022689
2 0.176716 0.427311 0.017910 0.021008
4 0.263284 0.384034 0.013134 0.021849
23 0.089851 0.172689 0.012537 0.024370
3 0.841791 0.384874 0.021493 0.013445
3 0.501493 0.400420 0.010746 0.027731
3 0.361493 0.118908 0.020896 0.012605
3 0.754925 0.339496 0.018507 0.013445
2 0.403582 0.294538 0.017910 0.017647
3 0.227164 0.177731 0.010149 0.029412
3 0.773433 0.244958 0.010149 0.027731
0 0.278209 0.134874 0.013134 0.010924
3 0.714030 0.224790 0.010746 0.027731
31 0.072836 0.286975 0.029851 0.047899
4 0.211940 0.175210 0.013134 0.024370
23 0.403284 0.205882 0.013731 0.028571
3 0.263582 0.227311 0.023284 0.012605
22 0.377313 0.149580 0.022687 0.018487
3 0.914030 0.397479 0.010746 0.028571
3 0.501194 0.462185 0.011343 0.028571
4 0.842687 0.415966 0.020896 0.016807
2 0.448358 0.498319 0.016716 0.020168
9 0.321791 0.384874 0.052537 0.036975
2 0.346567 0.453361 0.018507 0.019328
42 0.050746 0.407143 0.014328 0.032773
3 0.728060 0.343697 0.019701 0.015126
5 0.271045 0.207983 0.016716 0.015966
3 0.243881 0.209244 0.020896 0.013445
23 0.131642 0.173109 0.013731 0.028571
32 0.320597 0.210504 0.040597 0.140336
7 0.050149 0.357563 0.009552 0.026050
42 0.092239 0.404622 0.012537 0.039496
6 0.111045 0.150000 0.026269 0.012605
3 0.175821 0.173109 0.008955 0.028571
5 0.228657 0.225630 0.010746 0.022689
4 0.388358 0.121008 0.012537 0.018487
3 0.373134 0.344118 0.016716 0.014286
3 0.381493 0.378571 0.020299 0.015966
3 0.456716 0.396218 0.021493 0.017647
4 0.474627 0.415966 0.015522 0.013445
3 0.665970 0.163025 0.018507 0.018487
3 0.728657 0.323529 0.020896 0.015126
22 0.442985 0.438235 0.025075 0.039496
