1 0.468067 0.591716 0.073950 0.158580
1 0.437395 0.325444 0.106723 0.087574
4 0.605042 0.318935 0.016807 0.034320
2 0.437815 0.469231 0.026891 0.017751
24 0.588235 0.401775 0.026891 0.039053
3 0.386555 0.560355 0.031933 0.015385
0 0.436134 0.244970 0.015126 0.014201
2 0.544118 0.584024 0.015966 0.027219
4 0.504202 0.413609 0.016807 0.031953
4 0.537815 0.370414 0.018487 0.033136
3 0.386134 0.631361 0.029412 0.013018
3 0.580252 0.584024 0.029412 0.015385
3 0.436975 0.419527 0.013445 0.036686
4 0.638235 0.382249 0.017647 0.033136
54 0.619328 0.611834 0.033613 0.049704
2 0.350840 0.655621 0.014286 0.030769
0 0.545798 0.620118 0.012605 0.018935
0 0.571429 0.315976 0.013445 0.011834
2 0.350840 0.525444 0.014286 0.030769
0 0.547479 0.549704 0.012605 0.017751
0 0.663866 0.620710 0.013445 0.017751
22 0.647059 0.585799 0.016807 0.028402
35 0.366387 0.294675 0.026891 0.033136
3 0.403782 0.254438 0.034454 0.026036
0 0.413445 0.539645 0.013445 0.021302
0 0.412605 0.644970 0.011765 0.018935
