1 0.530672 0.443195 0.126891 0.197633
2 0.730672 0.504734 0.022689 0.022485
6 0.275630 0.440828 0.030252 0.010651
24 0.399580 0.289941 0.031092 0.052071
3 0.420168 0.407692 0.026891 0.015385
35 0.375630 0.403550 0.026891 0.033136
2 0.241176 0.276331 0.013445 0.029586
2 0.674370 0.430178 0.014286 0.024852
1 0.284454 0.301775 0.041176 0.049704
2 0.616387 0.513609 0.014286 0.030769
2 0.439496 0.465680 0.013445 0.024852
4 0.252521 0.471598 0.015966 0.024852
3 0.731933 0.383432 0.013445 0.035503
3 0.731513 0.453846 0.014286 0.036686
2 0.342017 0.408284 0.015126 0.028402
4 0.218908 0.475148 0.017647 0.027219
2 0.439076 0.288757 0.014286 0.026036
3 0.654622 0.453846 0.026891 0.015385
3 0.478992 0.265680 0.026891 0.015385
24 0.405462 0.477515 0.024370 0.055621
3 0.478571 0.312426 0.026050 0.014201
4 0.302521 0.471006 0.016807 0.021302
3 0.622269 0.430769 0.026050 0.016568
0 0.731933 0.266864 0.013445 0.013018
2 0.277311 0.515976 0.025210 0.018935
0 0.218067 0.434320 0.014286 0.011834
4 0.617647 0.478107 0.016807 0.023669
3 0.671849 0.325444 0.026050 0.016568
0 0.503361 0.289349 0.011765 0.017751
0 0.446639 0.526036 0.010924 0.020118
2 0.674370 0.479882 0.012605 0.027219
8 0.730252 0.326627 0.031933 0.035503
0 0.244538 0.323077 0.008403 0.018935
0 0.302941 0.433136 0.012605 0.011834
0 0.429412 0.514201 0.011765 0.020118
0 0.228571 0.301775 0.010084 0.016568
0 0.687815 0.455621 0.012605 0.023669
3 0.713866 0.289941 0.024370 0.018935
