1 0.396218 0.371006 0.081513 0.053254
2 0.284034 0.489941 0.015126 0.033136
4 0.595798 0.370414 0.016807 0.028402
2 0.319328 0.397633 0.021849 0.018935
35 0.410084 0.483432 0.025210 0.039053
0 0.445798 0.315976 0.014286 0.011834
4 0.646639 0.377515 0.017647 0.026036
35 0.451261 0.484024 0.020168 0.035503
3 0.318908 0.489941 0.026050 0.014201
4 0.545798 0.377515 0.017647 0.023669
4 0.696639 0.370414 0.016807 0.030769
35 0.368067 0.482840 0.026891 0.042604
3 0.470588 0.384615 0.028571 0.014201
2 0.673109 0.410651 0.023529 0.018935
0 0.285294 0.352071 0.012605 0.013018
2 0.572269 0.410651 0.023529 0.018935
35 0.493697 0.481657 0.027731 0.037870
0 0.528992 0.489941 0.009244 0.018935
22 0.310924 0.360355 0.021849 0.022485
0 0.672269 0.337870 0.013445 0.013018
6 0.394538 0.321302 0.039496 0.017751
0 0.571008 0.340828 0.014286 0.014201
