75 0.328571 0.382840 0.023529 0.036686
24 0.285714 0.615976 0.030252 0.034320
1 0.135294 0.497633 0.048739 0.084024
75 0.360924 0.484615 0.024370 0.036686
24 0.424370 0.485799 0.030252 0.039053
24 0.260504 0.846746 0.031933 0.034320
75 0.077731 0.643195 0.027731 0.027219
75 0.306303 0.483432 0.022689 0.031953
49 0.324370 0.194675 0.089076 0.069822
24 0.491176 0.484615 0.031092 0.036686
24 0.174370 0.619527 0.026050 0.041420
75 0.328151 0.276331 0.022689 0.034320
75 0.076891 0.597041 0.026050 0.029586
16 0.481933 0.195858 0.042857 0.036686
75 0.282773 0.520118 0.026050 0.029586
18 0.781092 0.150296 0.021008 0.035503
16 0.088235 0.140828 0.043697 0.035503
26 0.450000 0.655621 0.029412 0.026036
30 0.171429 0.917751 0.055462 0.048521
