4 0.772689 0.619527 0.015966 0.039053
4 0.807563 0.619527 0.016807 0.036686
1 0.105462 0.341420 0.071429 0.086391
4 0.739916 0.618935 0.015966 0.033136
4 0.773109 0.501183 0.015126 0.036686
1 0.890756 0.602959 0.047059 0.060355
1 0.459664 0.396450 0.075630 0.123077
2 0.597059 0.456805 0.024370 0.021302
3 0.184874 0.465680 0.013445 0.039053
3 0.320168 0.465680 0.013445 0.036686
2 0.857143 0.669822 0.025210 0.018935
4 0.302101 0.336095 0.015966 0.023669
4 0.806723 0.502367 0.016807 0.036686
3 0.395378 0.465680 0.012605 0.036686
4 0.277731 0.336095 0.017647 0.021302
2 0.515126 0.347337 0.013445 0.024852
1 0.888655 0.485207 0.049580 0.061538
2 0.890756 0.385207 0.025210 0.020118
2 0.042437 0.421893 0.024370 0.020118
4 0.655882 0.357988 0.019328 0.024852
2 0.926891 0.491716 0.021849 0.020118
3 0.226891 0.465089 0.013445 0.037870
4 0.739496 0.500592 0.016807 0.028402
2 0.221429 0.349704 0.012605 0.029586
2 0.926050 0.610059 0.021849 0.020118
3 0.278151 0.465089 0.011765 0.035503
42 0.718067 0.585207 0.029412 0.020118
3 0.629832 0.384615 0.027731 0.016568
35 0.232773 0.516568 0.023529 0.031953
4 0.521008 0.395858 0.013445 0.022485
3 0.629832 0.418935 0.027731 0.016568
42 0.378151 0.330769 0.016807 0.041420
2 0.227311 0.586982 0.027731 0.021302
2 0.277731 0.375740 0.022689 0.017751
2 0.630672 0.308876 0.022689 0.018935
35 0.193277 0.514201 0.025210 0.029586
3 0.798739 0.325444 0.027731 0.016568
4 0.588235 0.358580 0.018487 0.023669
3 0.513025 0.465089 0.012605 0.037870
42 0.717227 0.466272 0.029412 0.021302
2 0.673950 0.420118 0.013445 0.030769
3 0.798739 0.361538 0.029412 0.017751
3 0.538235 0.431361 0.027731 0.020118
6 0.554622 0.383432 0.033613 0.014201
35 0.283613 0.516568 0.026050 0.034320
35 0.850840 0.353254 0.026050 0.031953
3 0.185294 0.352071 0.029412 0.015385
3 0.184874 0.333728 0.030252 0.016568
0 0.161345 0.291716 0.013445 0.015385
2 0.395798 0.517160 0.025210 0.018935
2 0.857143 0.552663 0.023529 0.018935
0 0.160504 0.405325 0.013445 0.015385
4 0.605462 0.356213 0.015966 0.026036
35 0.573950 0.422485 0.021849 0.033136
0 0.680672 0.397633 0.016807 0.014201
0 0.276891 0.301775 0.014286 0.011834
4 0.681092 0.356805 0.015966 0.024852
27 0.849160 0.321302 0.039496 0.017751
35 0.326050 0.517160 0.033613 0.033136
0 0.502101 0.384024 0.010924 0.017751
