3 0.455224 0.318487 0.008955 0.026891
1 0.494627 0.353782 0.044776 0.058824
2 0.552836 0.424790 0.017910 0.019328
2 0.307761 0.439496 0.017313 0.021849
2 0.585373 0.423950 0.018507 0.019328
4 0.585373 0.387815 0.012537 0.027731
1 0.219701 0.322689 0.054925 0.068908
4 0.528657 0.384454 0.012537 0.024370
2 0.382687 0.439496 0.016716 0.021849
2 0.528955 0.424370 0.017910 0.018487
2 0.472239 0.415546 0.017910 0.017647
4 0.552836 0.384454 0.010746 0.024370
4 0.382090 0.353782 0.013134 0.025210
4 0.306866 0.354622 0.014328 0.021849
4 0.361194 0.407983 0.014328 0.024370
2 0.430149 0.285714 0.016119 0.018487
6 0.405075 0.385714 0.025672 0.018487
24 0.696418 0.353782 0.029254 0.072269
2 0.361194 0.439916 0.016716 0.021008
3 0.334328 0.363025 0.009552 0.028571
2 0.603881 0.268487 0.017313 0.017647
2 0.259701 0.428151 0.017910 0.021008
4 0.436418 0.352521 0.016716 0.022689
2 0.502985 0.271008 0.017313 0.019328
2 0.334627 0.439916 0.017313 0.022689
2 0.185373 0.394118 0.018507 0.018487
2 0.349254 0.278571 0.015522 0.021008
3 0.358507 0.333613 0.022090 0.010084
3 0.551940 0.295378 0.010149 0.029412
3 0.584776 0.298319 0.010149 0.031933
2 0.647761 0.336134 0.015522 0.016807
35 0.460299 0.282353 0.017910 0.025210
35 0.301194 0.282353 0.022090 0.025210
3 0.298209 0.317647 0.010149 0.028571
0 0.273731 0.305462 0.013731 0.014286
