1 0.113025 0.212426 0.081513 0.091124
1 0.511765 0.556213 0.080672 0.104142
4 0.810504 0.105325 0.019328 0.016568
1 0.849580 0.331953 0.042017 0.065089
1 0.135714 0.566864 0.051261 0.071006
4 0.553782 0.157988 0.020168 0.020118
2 0.117647 0.297633 0.025210 0.017751
1 0.467227 0.182840 0.077311 0.072189
1 0.850420 0.519527 0.042017 0.066272
1 0.857983 0.654438 0.043697 0.063905
1 0.849160 0.424852 0.042857 0.063905
2 0.836975 0.155621 0.025210 0.017751
4 0.911765 0.105325 0.018487 0.014201
2 0.676891 0.279290 0.024370 0.018935
4 0.835714 0.104142 0.017647 0.014201
4 0.861345 0.105325 0.018487 0.014201
2 0.898319 0.672781 0.013445 0.029586
16 0.083613 0.414201 0.044538 0.042604
1 0.849160 0.236095 0.042857 0.062722
2 0.216387 0.678698 0.014286 0.029586
2 0.072689 0.678698 0.012605 0.027219
2 0.889916 0.536686 0.011765 0.024852
3 0.722689 0.234320 0.013445 0.033136
2 0.409244 0.519527 0.011765 0.028402
4 0.886975 0.104734 0.017647 0.015385
3 0.096218 0.614201 0.024370 0.018935
3 0.185294 0.626036 0.027731 0.016568
3 0.579412 0.566864 0.027731 0.016568
4 0.441176 0.519527 0.015126 0.021302
4 0.512185 0.237870 0.019328 0.018935
2 0.611765 0.567456 0.015126 0.034320
2 0.890336 0.442012 0.012605 0.024852
2 0.415546 0.137870 0.022689 0.020118
2 0.889916 0.252663 0.011765 0.024852
2 0.889916 0.347929 0.011765 0.023669
2 0.126050 0.425444 0.015126 0.027219
0 0.894118 0.637870 0.008403 0.016568
0 0.885714 0.312426 0.010084 0.014201
3 0.579832 0.497041 0.028571 0.018935
3 0.605042 0.200592 0.023529 0.017751
4 0.307143 0.235503 0.017647 0.021302
0 0.836555 0.054438 0.012605 0.009467
4 0.622689 0.176923 0.011765 0.022485
4 0.698739 0.236686 0.014286 0.018935
0 0.071849 0.591716 0.009244 0.016568
0 0.179412 0.568047 0.010924 0.016568
4 0.654622 0.237870 0.018487 0.016568
30 0.131513 0.675740 0.073109 0.056805
22 0.128992 0.400592 0.019328 0.020118
3 0.588655 0.234320 0.010924 0.033136
0 0.885294 0.502367 0.010924 0.017751
4 0.356723 0.233728 0.017647 0.020118
4 0.381092 0.234911 0.017647 0.017751
22 0.186555 0.179290 0.018487 0.027219
0 0.210504 0.176923 0.012605 0.015385
0 0.161765 0.399408 0.012605 0.017751
3 0.579412 0.520118 0.031092 0.020118
0 0.610504 0.517751 0.015966 0.022485
4 0.330252 0.234911 0.021849 0.020118
0 0.331092 0.149112 0.016807 0.021302
22 0.533613 0.226036 0.020168 0.023669
3 0.547899 0.182249 0.033613 0.018935
0 0.574370 0.183432 0.009244 0.018935
6 0.618067 0.155621 0.042857 0.020118
3 0.637395 0.198817 0.021008 0.023669
0 0.675630 0.154438 0.015126 0.024852
4 0.675630 0.234911 0.021849 0.017751
35 0.718067 0.184024 0.024370 0.034320
0 0.884874 0.215976 0.015126 0.017751
0 0.884454 0.408284 0.014286 0.023669
