4 0.171849 0.425444 0.019328 0.017751
1 0.265546 0.442604 0.117647 0.175148
1 0.492857 0.194083 0.089916 0.054438
1 0.475630 0.111243 0.062185 0.052071
1 0.873950 0.229586 0.060504 0.063905
4 0.579832 0.210651 0.018487 0.016568
3 0.521849 0.142012 0.011765 0.033136
1 0.307143 0.087574 0.084874 0.073373
1 0.753782 0.528994 0.112605 0.142012
3 0.904202 0.472781 0.013445 0.034320
1 0.249580 0.613609 0.073950 0.112426
30 0.667227 0.084615 0.068908 0.048521
1 0.681513 0.194083 0.062185 0.049704
4 0.731092 0.211834 0.018487 0.014201
2 0.360084 0.460355 0.014286 0.030769
3 0.084874 0.844379 0.028571 0.015385
2 0.610084 0.083432 0.011765 0.029586
2 0.171008 0.845562 0.014286 0.031953
2 0.516807 0.593491 0.025210 0.017751
2 0.407563 0.686982 0.025210 0.022485
2 0.558403 0.653254 0.022689 0.018935
1 0.097059 0.172781 0.096639 0.165680
2 0.580672 0.256213 0.021849 0.017751
4 0.067647 0.609467 0.019328 0.021302
2 0.903782 0.611243 0.026050 0.020118
2 0.067227 0.663905 0.025210 0.018935
24 0.322269 0.850888 0.026050 0.068639
4 0.419748 0.136686 0.015966 0.020118
2 0.829832 0.568639 0.014286 0.027219
4 0.772689 0.210651 0.017647 0.014201
2 0.271429 0.844970 0.013445 0.028402
0 0.289076 0.805325 0.015126 0.013018
3 0.579832 0.530769 0.026891 0.015385
3 0.580672 0.460947 0.026891 0.015385
2 0.171849 0.380473 0.022689 0.017751
3 0.579832 0.631361 0.030252 0.015385
4 0.601261 0.211243 0.019328 0.013018
2 0.035714 0.111834 0.012605 0.027219
0 0.954202 0.049112 0.012605 0.010651
3 0.579832 0.496450 0.026891 0.015385
4 0.752521 0.210651 0.017647 0.011834
2 0.218908 0.180473 0.024370 0.017751
4 0.042017 0.608876 0.020168 0.024852
2 0.034874 0.243787 0.012605 0.028402
3 0.419748 0.086982 0.014286 0.031953
2 0.158824 0.243195 0.013445 0.031953
3 0.399580 0.199408 0.012605 0.036686
4 0.218487 0.111243 0.015126 0.030769
4 0.092857 0.610651 0.019328 0.021302
2 0.398739 0.251479 0.024370 0.020118
2 0.827731 0.268639 0.023529 0.018935
3 0.139496 0.843787 0.028571 0.014201
2 0.136134 0.466864 0.013445 0.029586
4 0.331513 0.643787 0.021008 0.021302
2 0.158403 0.112426 0.010924 0.026036
3 0.327731 0.573373 0.028571 0.015385
3 0.180672 0.573373 0.025210 0.015385
3 0.251681 0.140237 0.012605 0.036686
0 0.903361 0.439053 0.013445 0.011834
0 0.144958 0.585207 0.010924 0.022485
0 0.751681 0.172781 0.012605 0.009467
4 0.172269 0.479290 0.013445 0.023669
27 0.902101 0.557396 0.021008 0.059172
0 0.157563 0.514793 0.010924 0.021302
35 0.849160 0.085799 0.022689 0.031953
3 0.365966 0.391716 0.029412 0.016568
4 0.201681 0.113018 0.016807 0.036686
0 0.156723 0.455030 0.009244 0.017751
4 0.604202 0.564497 0.018487 0.018935
4 0.261765 0.692308 0.019328 0.021302
3 0.365966 0.402959 0.029412 0.017751
0 0.155882 0.206509 0.010924 0.015385
0 0.201261 0.055621 0.014286 0.011834
0 0.672269 0.557396 0.015126 0.011834
0 0.517227 0.521893 0.012605 0.011834
2 0.371849 0.086982 0.012605 0.027219
26 0.399580 0.111243 0.017647 0.023669
2 0.725630 0.082249 0.012605 0.029586
3 0.912185 0.059763 0.027731 0.017751
27 0.628992 0.568639 0.017647 0.048521
0 0.034874 0.206509 0.014286 0.017751
35 0.848739 0.050296 0.021849 0.034320
0 0.155462 0.148521 0.008403 0.017751
0 0.940336 0.248521 0.010084 0.016568
0 0.364706 0.608284 0.010084 0.018935
0 0.396639 0.389349 0.010084 0.018935
3 0.911765 0.095266 0.026891 0.017751
0 0.065966 0.549704 0.014286 0.013018
0 0.036975 0.149112 0.015126 0.018935
35 0.848319 0.121893 0.024370 0.037870
0 0.910924 0.202959 0.013445 0.017751
4 0.516807 0.557396 0.020168 0.014201
0 0.557983 0.442604 0.010084 0.016568
