1 0.304622 0.238462 0.121849 0.178698
1 0.257143 0.513018 0.075630 0.107692
24 0.792437 0.526036 0.026891 0.072189
2 0.397899 0.253846 0.014286 0.029586
4 0.063445 0.225444 0.021008 0.020118
4 0.268908 0.590533 0.015126 0.023669
2 0.209664 0.172781 0.022689 0.018935
3 0.336134 0.472781 0.028571 0.015385
4 0.210504 0.272781 0.012605 0.024852
4 0.088235 0.226036 0.020168 0.018935
2 0.741597 0.531361 0.014286 0.028402
4 0.330672 0.543195 0.021008 0.021302
2 0.088655 0.279290 0.024370 0.018935
4 0.113866 0.226627 0.021008 0.020118
2 0.677731 0.200592 0.014286 0.031953
2 0.689916 0.568639 0.026891 0.020118
4 0.688655 0.533136 0.019328 0.020118
2 0.173950 0.272189 0.015126 0.028402
2 0.357143 0.585799 0.025210 0.021302
0 0.399160 0.207692 0.013445 0.020118
0 0.372269 0.507101 0.010084 0.020118
0 0.818487 0.201183 0.010084 0.018935
0 0.195378 0.307101 0.010924 0.017751
0 0.752941 0.559172 0.015126 0.013018
0 0.195378 0.248521 0.010924 0.016568
3 0.768908 0.202367 0.026891 0.016568
3 0.189496 0.473373 0.026050 0.016568
4 0.209244 0.219527 0.018487 0.017751
35 0.708824 0.195858 0.017647 0.036686
0 0.086975 0.165089 0.015966 0.015385
0 0.150420 0.482840 0.016807 0.021302
0 0.686555 0.498225 0.021849 0.014201
