3 0.454202 0.559172 0.010924 0.036686
3 0.353361 0.454438 0.010924 0.035503
1 0.568487 0.381657 0.131933 0.169231
3 0.454202 0.488757 0.010924 0.035503
3 0.302521 0.454438 0.011765 0.035503
1 0.158824 0.392899 0.063866 0.158580
3 0.378151 0.454438 0.010084 0.035503
3 0.756303 0.477515 0.013445 0.039053
2 0.302941 0.563314 0.022689 0.018935
3 0.328151 0.454438 0.010924 0.035503
2 0.580252 0.550888 0.026050 0.020118
2 0.453782 0.610059 0.026891 0.020118
3 0.403361 0.454438 0.010084 0.035503
0 0.234874 0.476331 0.010924 0.015385
3 0.377731 0.348521 0.029412 0.015385
72 0.665126 0.573964 0.039496 0.052071
4 0.781513 0.419527 0.016807 0.031953
3 0.227311 0.431953 0.027731 0.016568
4 0.739916 0.357988 0.015966 0.024852
4 0.697059 0.360355 0.017647 0.024852
2 0.773109 0.251479 0.025210 0.020118
3 0.227731 0.360355 0.026891 0.017751
4 0.663445 0.478107 0.017647 0.035503
72 0.663445 0.233136 0.039496 0.056805
0 0.798739 0.316568 0.014286 0.013018
3 0.715546 0.442012 0.029412 0.017751
0 0.656723 0.277515 0.012605 0.017751
2 0.100840 0.481065 0.025210 0.020118
4 0.704622 0.277515 0.024370 0.024852
2 0.253361 0.480473 0.022689 0.018935
2 0.252941 0.299408 0.020168 0.021302
2 0.217647 0.298817 0.018487 0.020118
35 0.302521 0.511243 0.018487 0.026036
35 0.329832 0.518935 0.031092 0.031953
4 0.657143 0.431953 0.023529 0.021302
2 0.215966 0.481657 0.016807 0.018935
0 0.235294 0.303550 0.020168 0.017751
0 0.452521 0.444970 0.012605 0.014201
4 0.703782 0.299408 0.026050 0.033136
6 0.728571 0.392308 0.033613 0.017751
