3 0.691176 0.250888 0.012605 0.037870
3 0.664286 0.249112 0.012605 0.036686
1 0.259664 0.210651 0.073950 0.087574
1 0.546639 0.628994 0.083193 0.076923
1 0.581092 0.305917 0.071429 0.065089
2 0.302941 0.300592 0.026050 0.021302
3 0.629832 0.627811 0.027731 0.015385
30 0.385294 0.260355 0.044538 0.054438
3 0.630252 0.665680 0.028571 0.015385
2 0.468487 0.768639 0.024370 0.020118
2 0.491176 0.378698 0.024370 0.018935
2 0.425630 0.276923 0.022689 0.018935
3 0.440756 0.704142 0.029412 0.014201
2 0.603782 0.589349 0.022689 0.021302
2 0.302101 0.121302 0.026050 0.022485
4 0.423950 0.234320 0.017647 0.023669
2 0.727311 0.351479 0.014286 0.030769
4 0.468067 0.728402 0.016807 0.022485
2 0.581092 0.394083 0.026050 0.021302
4 0.571849 0.749112 0.019328 0.023669
0 0.114286 0.401183 0.018487 0.016568
4 0.515546 0.269822 0.015966 0.023669
2 0.375630 0.639645 0.015126 0.031953
2 0.540336 0.730178 0.023529 0.018935
4 0.494118 0.271006 0.016807 0.026036
3 0.676471 0.311243 0.026891 0.014201
4 0.479832 0.340237 0.016807 0.020118
3 0.311345 0.172781 0.012605 0.033136
3 0.448319 0.627219 0.026050 0.014201
4 0.537395 0.342604 0.015966 0.027219
2 0.471008 0.297041 0.014286 0.026036
3 0.311765 0.248521 0.013445 0.037870
4 0.631513 0.341420 0.014286 0.022485
2 0.148319 0.401775 0.024370 0.022485
4 0.502941 0.340828 0.017647 0.021302
0 0.366807 0.166864 0.021008 0.021302
24 0.573109 0.818343 0.025210 0.039053
35 0.668067 0.634320 0.023529 0.049704
35 0.668487 0.681657 0.024370 0.042604
4 0.648739 0.342012 0.015126 0.021302
24 0.694118 0.376923 0.025210 0.050888
24 0.692017 0.384024 0.027731 0.039053
22 0.442017 0.323077 0.025210 0.023669
24 0.696218 0.442012 0.026050 0.036686
35 0.637815 0.281065 0.021849 0.039053
75 0.114286 0.446746 0.016807 0.034320
75 0.147899 0.445562 0.016807 0.034320
6 0.450420 0.253254 0.013445 0.049704
24 0.573950 0.873373 0.031933 0.044970
