18 0.668487 0.498225 0.021008 0.033136
18 0.747479 0.499408 0.021008 0.033136
18 0.710084 0.500000 0.020168 0.034320
18 0.626050 0.497633 0.021849 0.034320
1 0.344958 0.253254 0.071429 0.087574
4 0.407143 0.443195 0.019328 0.024852
2 0.410504 0.513018 0.014286 0.024852
1 0.345798 0.537278 0.081513 0.075740
2 0.232353 0.548521 0.014286 0.027219
2 0.420168 0.299408 0.023529 0.021302
2 0.706303 0.274556 0.022689 0.021302
24 0.670168 0.254438 0.026050 0.044970
4 0.403782 0.583432 0.019328 0.026036
3 0.474790 0.476923 0.013445 0.040237
2 0.404622 0.623077 0.024370 0.022485
0 0.474790 0.422485 0.013445 0.011834
2 0.297059 0.285799 0.021008 0.022485
3 0.272689 0.538462 0.026050 0.014201
0 0.407563 0.236686 0.016807 0.018935
0 0.295798 0.572189 0.011765 0.020118
35 0.445798 0.507692 0.026050 0.037870
35 0.444958 0.544379 0.027731 0.033136
