1 0.497899 0.259763 0.105042 0.121893
4 0.546218 0.371598 0.018487 0.018935
3 0.605042 0.163905 0.011765 0.036686
4 0.521008 0.366272 0.018487 0.015385
2 0.601681 0.286982 0.025210 0.024852
4 0.389916 0.329586 0.018487 0.020118
2 0.545798 0.173373 0.021008 0.024852
2 0.546218 0.445562 0.026891 0.024852
4 0.579832 0.349704 0.020168 0.022485
4 0.419748 0.324852 0.017647 0.020118
6 0.317227 0.270414 0.010924 0.043787
4 0.605462 0.371006 0.019328 0.022485
3 0.495798 0.349112 0.028571 0.014201
4 0.642437 0.371006 0.017647 0.020118
2 0.386134 0.282249 0.019328 0.020118
0 0.563025 0.118935 0.015126 0.010651
35 0.618487 0.214793 0.025210 0.039053
22 0.351681 0.259172 0.021008 0.026036
0 0.406303 0.267456 0.012605 0.014201
35 0.581933 0.215385 0.026050 0.028402
