1 0.686667 0.434328 0.130667 0.065672
1 0.688000 0.567910 0.085333 0.067164
1 0.680667 0.133582 0.126667 0.094030
24 0.258667 0.516418 0.042667 0.050746
1 0.221333 0.163433 0.096000 0.105970
2 0.300000 0.234328 0.037333 0.023881
2 0.474000 0.242537 0.030667 0.028358
3 0.592667 0.567910 0.038667 0.019403
2 0.152000 0.191045 0.032000 0.026866
2 0.541333 0.241791 0.032000 0.029851
35 0.873333 0.188806 0.045333 0.040299
2 0.932667 0.242537 0.033333 0.028358
2 0.300667 0.093284 0.036000 0.025373
2 0.780000 0.242537 0.034667 0.028358
2 0.594000 0.241791 0.036000 0.029851
2 0.592000 0.466418 0.034667 0.028358
2 0.529333 0.567910 0.026667 0.034328
3 0.792667 0.590299 0.038667 0.019403
3 0.506667 0.193284 0.018667 0.043284
3 0.794667 0.149254 0.034667 0.017910
3 0.794000 0.132836 0.033333 0.014925
4 0.778667 0.194030 0.026667 0.014925
0 0.825333 0.235821 0.021333 0.014925
4 0.793333 0.550746 0.016000 0.026866
0 0.878667 0.235075 0.021333 0.016418
4 0.593333 0.193284 0.026667 0.019403
35 0.818667 0.189552 0.042667 0.032836
2 0.507333 0.239552 0.028000 0.031343
0 0.296667 0.142537 0.014667 0.019403
0 0.295333 0.185075 0.014667 0.020896
0 0.584000 0.163433 0.018667 0.025373
0 0.887333 0.122388 0.025333 0.020896
