29 0.740752 0.312185 0.034010 0.031092
1 0.397375 0.684874 0.079952 0.080672
1 0.409905 0.402101 0.100239 0.246218
1 0.895585 0.331092 0.041766 0.030252
1 0.472852 0.096639 0.057876 0.047059
24 0.771181 0.050000 0.018496 0.031092
1 0.130072 0.347899 0.053699 0.077311
2 0.448091 0.685714 0.013126 0.016807
1 0.111277 0.713025 0.038783 0.037815
3 0.143795 0.687815 0.010740 0.022689
2 0.144093 0.652101 0.017303 0.013445
29 0.741945 0.394538 0.034010 0.031092
24 0.497315 0.708824 0.024463 0.052941
2 0.071599 0.740336 0.015513 0.013445
4 0.644391 0.100000 0.011933 0.015126
2 0.173926 0.651681 0.016110 0.014286
24 0.741945 0.198739 0.024463 0.052941
4 0.692422 0.100840 0.010143 0.016807
1 0.859189 0.096218 0.042959 0.027731
2 0.328461 0.772269 0.019690 0.016807
2 0.627088 0.563445 0.016706 0.012605
4 0.673926 0.613866 0.013723 0.017647
2 0.934666 0.354622 0.016110 0.015126
2 0.680788 0.773950 0.017900 0.015126
1 0.087112 0.134454 0.041766 0.151261
2 0.173628 0.265126 0.015513 0.014286
4 0.591289 0.109664 0.010740 0.021008
4 0.681086 0.680672 0.013723 0.015126
2 0.484785 0.670168 0.010143 0.021008
4 0.716587 0.100420 0.010740 0.019328
2 0.812351 0.135294 0.016110 0.013445
2 0.968079 0.105462 0.013723 0.012605
3 0.149165 0.176891 0.019093 0.012605
4 0.471957 0.734874 0.014320 0.012605
4 0.065931 0.327311 0.014916 0.014286
2 0.901850 0.143697 0.018496 0.015126
4 0.316229 0.729832 0.013126 0.019328
1 0.856802 0.678992 0.256563 0.144538
2 0.708831 0.670168 0.009547 0.021008
2 0.466289 0.633613 0.016110 0.015126
4 0.293258 0.359244 0.011337 0.021008
3 0.310561 0.653782 0.008950 0.026891
2 0.561158 0.169328 0.017303 0.014286
2 0.650656 0.731513 0.017303 0.014286
4 0.560561 0.142017 0.012530 0.015126
4 0.669451 0.101261 0.011933 0.015966
2 0.114857 0.046639 0.016110 0.015966
2 0.346659 0.350840 0.014320 0.012605
4 0.322792 0.100000 0.010740 0.016807
2 0.065632 0.292017 0.016706 0.014286
2 0.322196 0.135714 0.014320 0.014286
2 0.125895 0.203361 0.017900 0.015126
27 0.624702 0.384034 0.028640 0.015126
4 0.699881 0.613025 0.014320 0.009244
3 0.148866 0.143277 0.019690 0.012605
4 0.269690 0.360924 0.011933 0.015966
2 0.747017 0.117227 0.009547 0.021008
4 0.900656 0.109664 0.012530 0.017647
27 0.625597 0.318067 0.029236 0.019328
4 0.340394 0.729832 0.011337 0.021008
3 0.626790 0.267227 0.020883 0.015126
2 0.469570 0.166807 0.010740 0.019328
3 0.560263 0.108403 0.009547 0.025210
2 0.602029 0.343277 0.014320 0.015966
4 0.627088 0.537395 0.013126 0.014286
2 0.471957 0.765966 0.017900 0.014286
3 0.304594 0.107563 0.011337 0.025210
3 0.669451 0.713445 0.021480 0.015126
4 0.315931 0.412185 0.013723 0.019328
0 0.681086 0.528992 0.007757 0.014286
0 0.707936 0.260924 0.008950 0.015966
2 0.650060 0.689496 0.014916 0.014286
2 0.650358 0.689496 0.015513 0.014286
4 0.698687 0.754202 0.015513 0.019328
4 0.471659 0.684454 0.012530 0.014286
2 0.330847 0.671429 0.010143 0.013445
0 0.144391 0.101261 0.009547 0.009244
11 0.140513 0.480252 0.018496 0.029412
4 0.811158 0.092017 0.012530 0.019328
2 0.663783 0.384454 0.012530 0.022689
0 0.746122 0.084034 0.007757 0.015126
3 0.709726 0.521008 0.019690 0.013445
3 0.316527 0.358403 0.010143 0.026050
3 0.919749 0.092437 0.018496 0.015126
4 0.173628 0.301681 0.013126 0.013445
3 0.644391 0.497899 0.008353 0.027731
2 0.775955 0.320588 0.014916 0.024370
0 0.195704 0.714706 0.009547 0.015966
2 0.316527 0.445378 0.017303 0.016807
2 0.471360 0.032773 0.015513 0.013445
2 0.269690 0.396218 0.016706 0.014286
2 0.186158 0.140756 0.010740 0.022689
2 0.187351 0.175630 0.015513 0.028571
0 0.201969 0.318487 0.007757 0.011765
0 0.048329 0.344118 0.010740 0.010924
3 0.102029 0.486134 0.021480 0.015966
3 0.101432 0.532353 0.021480 0.015966
11 0.139618 0.535294 0.013126 0.026891
4 0.174523 0.691176 0.016110 0.014286
0 0.298926 0.713445 0.008353 0.011765
0 0.299224 0.680672 0.006563 0.013445
0 0.311456 0.623109 0.010740 0.007563
2 0.397375 0.751261 0.017900 0.011765
6 0.454952 0.713445 0.024463 0.008403
6 0.453759 0.703782 0.028043 0.010924
0 0.269988 0.321849 0.013723 0.018487
2 0.471659 0.342017 0.014916 0.018487
4 0.701671 0.723109 0.010740 0.015966
4 0.698389 0.740336 0.008950 0.016807
4 0.681086 0.665126 0.014916 0.019328
35 0.629773 0.492437 0.017303 0.021849
0 0.626790 0.465546 0.012530 0.013445
3 0.710919 0.539496 0.017303 0.013445
2 0.638723 0.428992 0.013723 0.021008
4 0.603520 0.410084 0.014916 0.015126
2 0.636337 0.361345 0.010143 0.018487
2 0.661396 0.319328 0.011337 0.021849
0 0.596659 0.269748 0.011933 0.015126
3 0.714499 0.369748 0.012530 0.023529
0 0.709427 0.344118 0.008353 0.014286
3 0.714200 0.284874 0.013126 0.021849
0 0.850537 0.328571 0.014916 0.018487
0 0.812053 0.061345 0.011933 0.013445
0 0.902745 0.076050 0.017900 0.012605
35 0.947196 0.096218 0.017303 0.029412
0 0.620823 0.117647 0.014916 0.010084
6 0.533115 0.089076 0.028043 0.011765
3 0.519690 0.135714 0.011933 0.026050
27 0.502088 0.165126 0.037589 0.019328
35 0.409308 0.148319 0.023866 0.024370
35 0.388425 0.152941 0.016706 0.025210
35 0.372315 0.151261 0.017900 0.025210
35 0.351134 0.155042 0.019690 0.027731
2 0.284905 0.168067 0.012530 0.021849
4 0.303401 0.149580 0.018496 0.011765
0 0.287589 0.084034 0.009547 0.018487
