1 0.259244 0.337870 0.056303 0.086391
1 0.352941 0.336686 0.072269 0.086391
1 0.916807 0.477515 0.048739 0.102959
3 0.865546 0.650296 0.013445 0.031953
3 0.323950 0.791716 0.012605 0.033136
3 0.676891 0.688166 0.012605 0.034320
2 0.130672 0.825444 0.024370 0.024852
1 0.613866 0.290533 0.051261 0.107692
4 0.559244 0.248521 0.015966 0.018935
1 0.442017 0.278107 0.050420 0.085207
5 0.492437 0.112426 0.026891 0.021302
3 0.160084 0.773964 0.012605 0.033136
3 0.407983 0.205917 0.012605 0.035503
2 0.807143 0.245562 0.021008 0.020118
2 0.517227 0.398817 0.022689 0.023669
4 0.517227 0.366864 0.017647 0.021302
3 0.756303 0.689941 0.013445 0.030769
4 0.920588 0.158580 0.017647 0.016568
3 0.915966 0.269822 0.013445 0.030769
3 0.331933 0.560355 0.025210 0.015385
2 0.030672 0.530178 0.019328 0.018935
4 0.853782 0.453846 0.016807 0.020118
2 0.852941 0.494083 0.023529 0.020118
3 0.559244 0.094083 0.012605 0.034320
2 0.756303 0.736095 0.025210 0.023669
1 0.176471 0.319527 0.062185 0.063905
24 0.963866 0.154438 0.020168 0.107692
3 0.718908 0.689941 0.012605 0.030769
4 0.198319 0.771006 0.016807 0.027219
2 0.559664 0.400000 0.021849 0.021302
3 0.731092 0.230769 0.026891 0.014201
4 0.521008 0.247929 0.016807 0.017751
3 0.828151 0.531953 0.027731 0.015385
3 0.890756 0.602367 0.011765 0.030769
4 0.404202 0.584024 0.020168 0.022485
3 0.638655 0.688757 0.011765 0.035503
3 0.807143 0.706509 0.012605 0.035503
4 0.030672 0.489941 0.017647 0.023669
24 0.796639 0.112426 0.038655 0.063905
4 0.815546 0.453846 0.017647 0.022485
4 0.205882 0.473373 0.016807 0.023669
3 0.891176 0.555621 0.010924 0.031953
4 0.559244 0.366864 0.017647 0.018935
3 0.223109 0.520710 0.010924 0.035503
2 0.406723 0.250296 0.018487 0.020118
4 0.839916 0.649112 0.019328 0.017751
3 0.323950 0.726036 0.012605 0.036686
4 0.601681 0.671598 0.016807 0.027219
2 0.575210 0.305325 0.021008 0.021302
3 0.276471 0.649704 0.026891 0.014201
4 0.921849 0.672781 0.011765 0.024852
2 0.404622 0.623669 0.022689 0.021302
4 0.601681 0.611243 0.018487 0.027219
4 0.860504 0.533728 0.015126 0.026036
51 0.410084 0.455621 0.031933 0.018935
51 0.383613 0.652663 0.015966 0.041420
2 0.307563 0.381657 0.020168 0.020118
35 0.520588 0.739645 0.024370 0.030769
3 0.277311 0.750888 0.028571 0.013018
3 0.172689 0.514201 0.026050 0.013018
52 0.721849 0.065680 0.031933 0.017751
42 0.067647 0.520710 0.031092 0.018935
52 0.763445 0.119527 0.026050 0.016568
3 0.781513 0.531361 0.025210 0.014201
35 0.521429 0.602367 0.021008 0.030769
2 0.943277 0.210651 0.017647 0.018935
4 0.934034 0.395858 0.017647 0.024852
3 0.333193 0.589941 0.024370 0.015385
29 0.274370 0.498817 0.031092 0.074556
15 0.644538 0.097041 0.030252 0.033136
29 0.771008 0.263314 0.034454 0.065089
42 0.127731 0.367456 0.031933 0.020118
35 0.568908 0.724852 0.026891 0.041420
3 0.138235 0.513609 0.024370 0.016568
35 0.363445 0.556805 0.024370 0.039053
3 0.902521 0.647337 0.011765 0.033136
35 0.462185 0.654438 0.026891 0.044970
5 0.491176 0.069822 0.019328 0.018935
0 0.915546 0.239053 0.012605 0.011834
4 0.894958 0.353846 0.018487 0.016568
10 0.109244 0.512426 0.020168 0.040237
35 0.565126 0.571598 0.024370 0.042604
0 0.852941 0.416568 0.013445 0.011834
4 0.399160 0.512426 0.015126 0.023669
52 0.765126 0.184615 0.031092 0.016568
24 0.794538 0.049112 0.029412 0.031953
35 0.491176 0.482840 0.026050 0.035503
11 0.149580 0.695858 0.018487 0.040237
3 0.886555 0.648521 0.011765 0.033136
2 0.861765 0.689349 0.021008 0.017751
35 0.566387 0.673373 0.021849 0.037870
35 0.564706 0.620710 0.026891 0.036686
6 0.655462 0.635503 0.031933 0.011834
35 0.464706 0.707692 0.025210 0.044970
4 0.651261 0.181657 0.026891 0.029586
35 0.465546 0.606509 0.023529 0.041420
2 0.664286 0.199408 0.019328 0.020118
35 0.361345 0.586391 0.020168 0.029586
35 0.563025 0.475740 0.023529 0.030769
35 0.521429 0.649704 0.022689 0.030769
8 0.376050 0.765680 0.034454 0.040237
2 0.391597 0.721893 0.023529 0.028402
2 0.313866 0.627811 0.024370 0.027219
0 0.381513 0.442604 0.011765 0.014201
2 0.415546 0.529586 0.022689 0.020118
35 0.520588 0.701775 0.024370 0.035503
22 0.708824 0.613609 0.019328 0.024852
8 0.755042 0.643195 0.031092 0.039053
5 0.781933 0.574556 0.019328 0.024852
2 0.695798 0.547337 0.021849 0.020118
3 0.713866 0.533136 0.022689 0.020118
2 0.928992 0.548521 0.022689 0.022485
35 0.630252 0.482840 0.025210 0.033136
35 0.703782 0.473373 0.029412 0.035503
2 0.896218 0.395266 0.027731 0.021302
2 0.915966 0.387574 0.021849 0.022485
22 0.916387 0.333136 0.034454 0.036686
0 0.893697 0.284024 0.014286 0.011834
0 0.942437 0.111243 0.012605 0.014201
15 0.600420 0.093491 0.029412 0.037870
6 0.606723 0.202959 0.010084 0.050888
0 0.404202 0.309467 0.015126 0.015385
