1 0.717227 0.495858 0.074790 0.085207
1 0.232773 0.242604 0.097479 0.075740
2 0.098319 0.243787 0.016807 0.028402
4 0.371429 0.259763 0.016807 0.027219
2 0.139496 0.144379 0.023529 0.023669
2 0.772269 0.491124 0.020168 0.030769
2 0.677311 0.599408 0.025210 0.024852
3 0.315546 0.266272 0.027731 0.016568
2 0.538655 0.497633 0.026891 0.027219
3 0.261345 0.589941 0.026891 0.015385
2 0.292017 0.188166 0.017647 0.028402
3 0.163025 0.241420 0.026891 0.016568
2 0.371429 0.305325 0.025210 0.023669
4 0.139076 0.195266 0.019328 0.026036
2 0.665126 0.464497 0.014286 0.024852
2 0.293697 0.242012 0.014286 0.024852
3 0.260084 0.531361 0.026050 0.016568
26 0.689076 0.235503 0.023529 0.023669
6 0.331092 0.223669 0.038655 0.014201
3 0.260924 0.555030 0.024370 0.016568
3 0.659244 0.502367 0.026050 0.010651
5 0.213445 0.591716 0.020168 0.026036
2 0.632773 0.500592 0.013445 0.026036
2 0.716807 0.214201 0.013445 0.023669
26 0.690336 0.182249 0.024370 0.023669
25 0.622689 0.537278 0.016807 0.037870
15 0.537815 0.427811 0.025210 0.036686
5 0.216387 0.553846 0.026050 0.028402
25 0.503361 0.450888 0.025210 0.033136
3 0.659244 0.490533 0.026050 0.010651
