1 0.368263 0.409201 0.101796 0.181598
2 0.505133 0.492131 0.021386 0.020581
1 0.805389 0.407385 0.064157 0.163438
4 0.504705 0.454600 0.015398 0.018160
2 0.530796 0.492736 0.021386 0.021792
3 0.452524 0.508475 0.025663 0.016949
4 0.479042 0.453390 0.015398 0.015738
2 0.430282 0.334140 0.013687 0.024213
2 0.556459 0.573245 0.024808 0.023002
4 0.530796 0.453995 0.014542 0.016949
2 0.437126 0.573245 0.025663 0.023002
2 0.699316 0.474576 0.017964 0.024213
3 0.277160 0.368039 0.025663 0.016949
2 0.698888 0.376513 0.015398 0.029056
2 0.699316 0.339588 0.017964 0.027845
42 0.517964 0.296610 0.023097 0.019370
2 0.479042 0.490920 0.020530 0.020581
3 0.556459 0.532082 0.012831 0.035109
2 0.449530 0.210654 0.019675 0.021792
42 0.199316 0.343826 0.023952 0.016949
2 0.855860 0.472155 0.014542 0.026634
3 0.278015 0.441283 0.023952 0.015738
2 0.429855 0.418886 0.012831 0.024213
4 0.478614 0.321429 0.017964 0.023002
3 0.278015 0.406174 0.025663 0.015738
3 0.727117 0.449153 0.023952 0.016949
2 0.698460 0.448547 0.016253 0.025424
2 0.855432 0.340194 0.013687 0.026634
2 0.518820 0.345642 0.014542 0.020581
42 0.611206 0.430993 0.023097 0.021792
4 0.479042 0.369249 0.018820 0.014528
4 0.448674 0.265738 0.019675 0.018160
3 0.278015 0.467312 0.025663 0.014528
3 0.277588 0.455206 0.024808 0.014528
21 0.278015 0.385593 0.025663 0.015738
3 0.278015 0.418281 0.025663 0.015738
2 0.189478 0.453995 0.012831 0.014528
3 0.727545 0.377119 0.023097 0.018160
4 0.431993 0.448547 0.015398 0.018160
4 0.435415 0.533293 0.017109 0.020581
2 0.187340 0.369249 0.011976 0.016949
22 0.479470 0.260896 0.017964 0.032688
42 0.200171 0.355932 0.023952 0.016949
2 0.188195 0.383172 0.017109 0.018160
2 0.189478 0.403753 0.016253 0.018160
2 0.190761 0.420097 0.011976 0.016949
2 0.189050 0.443099 0.013687 0.019370
2 0.191617 0.470339 0.013687 0.018160
35 0.221129 0.413438 0.029940 0.030266
6 0.457656 0.428571 0.034217 0.016949
4 0.509410 0.369855 0.024808 0.015738
4 0.508554 0.321429 0.017964 0.015738
