18 0.222269 0.908284 0.017647 0.031953
1 0.336134 0.346746 0.047059 0.073373
35 0.859664 0.482840 0.026891 0.042604
1 0.525630 0.163314 0.088235 0.049704
2 0.681092 0.547929 0.024370 0.023669
2 0.907563 0.546746 0.025210 0.026036
18 0.137815 0.907101 0.018487 0.034320
4 0.907563 0.335503 0.018487 0.036686
4 0.659664 0.159172 0.018487 0.029586
1 0.792857 0.188757 0.036134 0.065089
1 0.123529 0.194675 0.048739 0.076923
2 0.661345 0.210059 0.028571 0.024852
3 0.164286 0.477515 0.012605 0.036686
3 0.129832 0.607101 0.014286 0.042604
4 0.391176 0.195266 0.012605 0.030769
2 0.428992 0.705325 0.026050 0.026036
18 0.180672 0.907692 0.018487 0.033136
2 0.147479 0.292308 0.024370 0.018935
2 0.306723 0.433728 0.023529 0.020118
23 0.945798 0.334911 0.014286 0.033136
3 0.466387 0.584615 0.030252 0.014201
24 0.709244 0.489941 0.026891 0.063905
4 0.210084 0.376923 0.018487 0.024852
2 0.150840 0.132544 0.022689 0.023669
24 0.093277 0.384024 0.025210 0.041420
2 0.130252 0.676923 0.025210 0.023669
2 0.361765 0.261538 0.026050 0.028402
24 0.115126 0.094675 0.026891 0.040237
4 0.361345 0.197633 0.016807 0.033136
2 0.769748 0.121302 0.021849 0.022485
23 0.172269 0.241420 0.016807 0.030769
2 0.360924 0.411243 0.021008 0.022485
3 0.811345 0.489941 0.029412 0.014201
3 0.310924 0.171006 0.028571 0.013018
4 0.429832 0.629586 0.015966 0.035503
4 0.390336 0.629586 0.017647 0.035503
5 0.231513 0.337278 0.024370 0.021302
3 0.353782 0.584024 0.028571 0.015385
18 0.259664 0.908284 0.018487 0.034320
2 0.210924 0.416568 0.023529 0.023669
3 0.163866 0.401775 0.013445 0.036686
0 0.660084 0.104734 0.014286 0.013018
42 0.113025 0.337278 0.031092 0.016568
42 0.752101 0.209467 0.030252 0.018935
1 0.678992 0.330178 0.408403 0.097041
2 0.165126 0.517160 0.026050 0.023669
0 0.907983 0.249704 0.017647 0.014201
6 0.276471 0.333728 0.033613 0.009467
0 0.681092 0.414793 0.017647 0.015385
42 0.751681 0.192308 0.031092 0.020118
30 0.210084 0.124852 0.035294 0.072189
42 0.464706 0.342012 0.028571 0.021302
0 0.286134 0.091124 0.014286 0.011834
0 0.781513 0.414793 0.016807 0.015385
42 0.466807 0.362722 0.027731 0.017751
35 0.310504 0.400592 0.032773 0.034320
26 0.131092 0.436095 0.026891 0.069822
22 0.196639 0.237870 0.021849 0.023669
0 0.465126 0.150888 0.021008 0.022485
42 0.534034 0.585799 0.036134 0.026036
