3 0.407563 0.479882 0.025210 0.017751
1 0.199580 0.862722 0.061345 0.061538
1 0.475210 0.434911 0.093277 0.178698
3 0.336555 0.331953 0.014286 0.036686
3 0.407563 0.444379 0.025210 0.017751
3 0.546639 0.478698 0.029412 0.015385
2 0.579832 0.552663 0.025210 0.023669
2 0.585294 0.388166 0.024370 0.023669
2 0.157983 0.883432 0.016807 0.020118
0 0.336134 0.297633 0.015126 0.013018
0 0.157983 0.844970 0.011765 0.011834
35 0.373950 0.425444 0.025210 0.036686
4 0.558403 0.342604 0.019328 0.024852
26 0.557983 0.370414 0.020168 0.028402
4 0.408403 0.342012 0.013445 0.026036
35 0.373950 0.504142 0.028571 0.035503
2 0.386134 0.356805 0.019328 0.020118
46 0.372269 0.482840 0.025210 0.030769
46 0.373529 0.450888 0.026050 0.030769
