2 0.206303 0.169231 0.022689 0.021302
1 0.094538 0.123669 0.063025 0.084024
1 0.442437 0.117751 0.073109 0.124260
2 0.467227 0.328402 0.021849 0.020118
1 0.301261 0.424852 0.047899 0.061538
2 0.118067 0.387574 0.024370 0.020118
35 0.436134 0.318343 0.026891 0.033136
4 0.310924 0.116568 0.016807 0.020118
1 0.300840 0.531953 0.048739 0.060355
1 0.571849 0.431953 0.063025 0.073373
4 0.333193 0.117160 0.017647 0.021302
2 0.280672 0.647337 0.020168 0.021302
2 0.151681 0.506509 0.024370 0.021302
2 0.310504 0.157396 0.024370 0.021302
2 0.512605 0.511243 0.023529 0.023669
29 0.441597 0.265089 0.046218 0.035503
4 0.496218 0.117751 0.010924 0.020118
2 0.280252 0.712426 0.021008 0.021302
2 0.139916 0.169231 0.021008 0.021302
3 0.399160 0.313018 0.028571 0.015385
4 0.152101 0.466272 0.018487 0.023669
4 0.109664 0.466272 0.019328 0.023669
3 0.188655 0.141420 0.024370 0.015385
2 0.139496 0.078107 0.018487 0.021302
3 0.189916 0.106509 0.026891 0.016568
4 0.151261 0.347929 0.018487 0.018935
2 0.337815 0.550296 0.020168 0.021302
2 0.352101 0.181657 0.023529 0.022485
0 0.286134 0.084615 0.012605 0.010651
2 0.337815 0.444970 0.018487 0.018935
2 0.526050 0.181657 0.020168 0.020118
4 0.078992 0.346746 0.016807 0.018935
2 0.049580 0.144970 0.020168 0.020118
4 0.180672 0.347337 0.018487 0.020118
4 0.201261 0.465680 0.019328 0.017751
3 0.655462 0.442604 0.028571 0.014201
4 0.566807 0.496450 0.010924 0.027219
46 0.301261 0.634911 0.031092 0.072189
3 0.113866 0.325444 0.029412 0.016568
26 0.697479 0.469231 0.018487 0.029586
3 0.381092 0.165089 0.026050 0.017751
4 0.059244 0.349704 0.015966 0.020118
4 0.631092 0.466864 0.018487 0.020118
41 0.045798 0.324852 0.017647 0.010651
6 0.214706 0.322485 0.039496 0.015385
46 0.301681 0.697041 0.035294 0.054438
3 0.399580 0.255030 0.024370 0.017751
70 0.684034 0.108284 0.129412 0.121893
3 0.493697 0.163905 0.027731 0.015385
