1 0.237395 0.263905 0.084874 0.099408
2 0.118067 0.511243 0.024370 0.023669
2 0.579832 0.505325 0.023529 0.021302
1 0.492017 0.418935 0.063025 0.066272
2 0.253361 0.529586 0.022689 0.022485
2 0.482773 0.209467 0.024370 0.021302
3 0.635294 0.460355 0.025210 0.016568
0 0.580252 0.350888 0.012605 0.013018
3 0.158824 0.424852 0.026891 0.016568
23 0.425210 0.157396 0.020168 0.026036
52 0.692017 0.425444 0.029412 0.020118
52 0.092857 0.426036 0.027731 0.018935
52 0.152521 0.228402 0.031092 0.016568
4 0.118067 0.472189 0.019328 0.023669
2 0.378571 0.209467 0.022689 0.018935
4 0.528992 0.285207 0.012605 0.018935
52 0.151261 0.241420 0.031933 0.016568
52 0.150840 0.255621 0.031092 0.014201
52 0.616807 0.361538 0.030252 0.017751
4 0.514706 0.284024 0.015966 0.023669
0 0.482773 0.107692 0.014286 0.014201
3 0.294118 0.424852 0.026891 0.016568
22 0.486555 0.365089 0.016807 0.022485
2 0.448739 0.463905 0.021849 0.021302
52 0.562185 0.242604 0.028571 0.016568
0 0.378571 0.090533 0.015966 0.013018
0 0.444958 0.346154 0.015966 0.013018
52 0.310504 0.242604 0.027731 0.018935
3 0.311345 0.448521 0.026050 0.016568
52 0.563866 0.320118 0.025210 0.020118
4 0.543697 0.285207 0.015126 0.021302
4 0.377311 0.159172 0.013445 0.015385
52 0.355462 0.426036 0.028571 0.018935
52 0.197899 0.392308 0.015966 0.039053
3 0.178151 0.449112 0.023529 0.015385
52 0.150840 0.269231 0.031092 0.015385
16 0.323529 0.142012 0.047059 0.040237
4 0.253782 0.471598 0.016807 0.017751
52 0.424370 0.415385 0.028571 0.016568
52 0.310924 0.301775 0.030252 0.016568
52 0.310504 0.278698 0.027731 0.020118
2 0.184874 0.321302 0.020168 0.022485
0 0.286555 0.213609 0.013445 0.013018
52 0.549580 0.366272 0.028571 0.017751
52 0.424790 0.426627 0.029412 0.015385
3 0.453782 0.130178 0.028571 0.018935
8 0.634454 0.423077 0.023529 0.039053
50 0.226471 0.481657 0.036134 0.040237
5 0.138235 0.447929 0.019328 0.024852
52 0.245798 0.397041 0.022689 0.046154
5 0.272689 0.449112 0.015966 0.024852
8 0.578571 0.392899 0.029412 0.033136
8 0.579832 0.454438 0.031933 0.037870
4 0.390756 0.160947 0.013445 0.018935
4 0.404622 0.159172 0.014286 0.017751
23 0.485294 0.166864 0.024370 0.023669
