3 0.067227 0.878698 0.011765 0.029586
1 0.884034 0.412426 0.092437 0.166864
1 0.541176 0.431953 0.073950 0.158580
1 0.149160 0.836095 0.088235 0.086391
2 0.899160 0.628994 0.023529 0.022485
3 0.432773 0.607101 0.013445 0.040237
5 0.370588 0.271006 0.026891 0.021302
3 0.747899 0.107101 0.011765 0.034320
4 0.524790 0.159172 0.019328 0.024852
3 0.428571 0.388166 0.011765 0.035503
3 0.067227 0.820118 0.013445 0.033136
6 0.575210 0.548521 0.036134 0.013018
2 0.592437 0.302367 0.023529 0.022485
2 0.352941 0.115385 0.023529 0.022485
2 0.794118 0.701183 0.025210 0.022485
24 0.827311 0.141420 0.026050 0.039053
4 0.134874 0.762722 0.022689 0.024852
2 0.328151 0.582840 0.022689 0.022485
24 0.192017 0.095858 0.027731 0.044970
3 0.747899 0.181657 0.015126 0.039053
2 0.461765 0.439645 0.022689 0.022485
2 0.581933 0.111834 0.015966 0.029586
24 0.931092 0.662722 0.023529 0.042604
2 0.068908 0.336686 0.016807 0.024852
2 0.629412 0.494675 0.020168 0.028402
4 0.593277 0.341420 0.020168 0.022485
3 0.319328 0.460355 0.026891 0.016568
4 0.328151 0.786391 0.019328 0.022485
2 0.941176 0.353846 0.015126 0.026036
4 0.487395 0.425444 0.018487 0.024852
4 0.756723 0.661538 0.017647 0.026036
2 0.941176 0.460355 0.016807 0.028402
0 0.433193 0.653254 0.015966 0.016568
4 0.794958 0.661538 0.016807 0.026036
4 0.538235 0.573373 0.021008 0.022485
4 0.307563 0.867456 0.016807 0.026036
4 0.269328 0.868047 0.019328 0.022485
3 0.171849 0.337278 0.027731 0.014201
2 0.824790 0.353846 0.014286 0.028402
3 0.109244 0.337278 0.028571 0.014201
3 0.373950 0.566864 0.028571 0.014201
4 0.605462 0.424852 0.019328 0.026036
2 0.499580 0.572189 0.014286 0.029586
51 0.790756 0.378698 0.030252 0.018935
3 0.387815 0.152663 0.027731 0.014201
4 0.524790 0.113018 0.019328 0.024852
35 0.476050 0.567456 0.022689 0.036686
3 0.373529 0.520118 0.024370 0.015385
2 0.340336 0.340237 0.023529 0.022485
0 0.428151 0.350888 0.014286 0.013018
2 0.823950 0.459763 0.014286 0.027219
0 0.883613 0.668047 0.009244 0.022485
3 0.462185 0.388757 0.013445 0.034320
42 0.537815 0.651479 0.016807 0.041420
26 0.566387 0.211243 0.023529 0.024852
2 0.497899 0.271006 0.015966 0.030769
51 0.407983 0.301183 0.015966 0.041420
0 0.327731 0.752071 0.013445 0.013018
2 0.210504 0.336095 0.021008 0.030769
5 0.117227 0.100000 0.027731 0.027219
0 0.290756 0.462130 0.010084 0.022485
23 0.294118 0.784615 0.023529 0.023669
26 0.611765 0.211243 0.025210 0.024852
35 0.426471 0.545562 0.024370 0.030769
23 0.706303 0.661538 0.024370 0.028402
2 0.461345 0.352071 0.020168 0.022485
30 0.354622 0.070414 0.053782 0.046154
0 0.328571 0.271598 0.010084 0.020118
0 0.068908 0.100000 0.008403 0.017751
3 0.382353 0.413609 0.015126 0.039053
0 0.623950 0.549112 0.012605 0.018935
42 0.537815 0.651479 0.016807 0.041420
42 0.483613 0.347337 0.014286 0.036686
15 0.446218 0.215385 0.030252 0.040237
8 0.371008 0.211834 0.029412 0.040237
0 0.065546 0.781065 0.015126 0.016568
2 0.068908 0.917160 0.020168 0.033136
2 0.179412 0.681065 0.026050 0.036686
22 0.168908 0.723077 0.025210 0.030769
2 0.207563 0.808284 0.021849 0.035503
2 0.242857 0.910651 0.021849 0.029586
0 0.290756 0.836686 0.018487 0.018935
2 0.348319 0.821302 0.019328 0.028402
6 0.264706 0.756805 0.042017 0.020118
3 0.464706 0.269231 0.031933 0.024852
21 0.337815 0.412426 0.016807 0.034320
0 0.636134 0.399408 0.016807 0.022485
0 0.624790 0.364497 0.017647 0.018935
0 0.793697 0.607692 0.024370 0.020118
