4 0.290419 0.133777 0.014542 0.027845
1 0.175364 0.682203 0.063302 0.211864
1 0.514542 0.539952 0.159966 0.222760
1 0.182207 0.442494 0.063302 0.095642
4 0.222412 0.134383 0.015398 0.029056
3 0.483319 0.744552 0.011976 0.036320
4 0.371257 0.563559 0.017109 0.025424
4 0.140719 0.248184 0.016253 0.021792
4 0.188623 0.133777 0.014542 0.027845
2 0.345167 0.599879 0.014542 0.023002
2 0.269461 0.280266 0.022241 0.018160
2 0.253636 0.587167 0.016253 0.024213
2 0.483747 0.831719 0.021386 0.021792
4 0.491873 0.399516 0.017109 0.019370
2 0.248075 0.171308 0.022241 0.015738
4 0.372113 0.599274 0.018820 0.026634
2 0.167237 0.512107 0.019675 0.016949
2 0.167237 0.374092 0.019675 0.019370
2 0.278443 0.404964 0.019675 0.020581
4 0.257057 0.133777 0.014542 0.027845
3 0.667237 0.157990 0.011976 0.039952
3 0.411463 0.171308 0.029085 0.015738
2 0.344739 0.563559 0.013687 0.023002
4 0.243798 0.671913 0.017109 0.026634
4 0.320359 0.671308 0.016253 0.023002
1 0.094953 0.279661 0.037639 0.065375
3 0.431993 0.666465 0.027374 0.013317
2 0.474765 0.312954 0.020530 0.020581
4 0.236099 0.236077 0.015398 0.024213
4 0.324636 0.133777 0.016253 0.030266
3 0.411891 0.261501 0.028229 0.014528
2 0.445252 0.759685 0.012831 0.018160
3 0.411891 0.219734 0.029940 0.015738
2 0.535073 0.246973 0.017964 0.019370
3 0.521386 0.746368 0.012831 0.037530
22 0.534645 0.350484 0.015398 0.030266
4 0.269889 0.236077 0.016253 0.024213
2 0.217280 0.770581 0.013687 0.025424
0 0.166809 0.099879 0.013687 0.010896
3 0.157827 0.284504 0.028229 0.014528
4 0.304106 0.235472 0.016253 0.027845
35 0.468777 0.258475 0.030796 0.035109
3 0.474765 0.351695 0.013687 0.037530
42 0.577417 0.340799 0.015398 0.039952
42 0.124465 0.190678 0.014542 0.039952
2 0.282293 0.711259 0.020530 0.018160
2 0.062447 0.322639 0.013687 0.023002
2 0.457228 0.691889 0.016253 0.018160
2 0.397348 0.581719 0.014542 0.020581
0 0.169803 0.213075 0.011121 0.016949
35 0.547049 0.145884 0.023097 0.035109
3 0.476048 0.696126 0.012831 0.036320
35 0.509410 0.151937 0.024808 0.039952
27 0.459367 0.767554 0.015398 0.062954
23 0.165954 0.133777 0.025663 0.025424
35 0.447819 0.141646 0.028229 0.033898
35 0.601796 0.151332 0.029940 0.036320
6 0.551326 0.372881 0.036784 0.016949
0 0.389222 0.552058 0.018820 0.016949
46 0.387938 0.667676 0.033362 0.039952
46 0.389222 0.714286 0.034217 0.036320
