1 0.695798 0.633136 0.097479 0.111243
1 0.160504 0.820118 0.097479 0.066272
2 0.110084 0.959763 0.025210 0.021302
2 0.685714 0.247929 0.025210 0.024852
2 0.609244 0.434320 0.023529 0.021302
3 0.172689 0.578698 0.022689 0.016568
2 0.798319 0.101775 0.016807 0.026036
35 0.446218 0.481065 0.021849 0.034320
3 0.109244 0.878107 0.013445 0.030769
3 0.067647 0.850296 0.012605 0.034320
1 0.315126 0.130178 0.072269 0.054438
1 0.688655 0.183432 0.054622 0.061538
26 0.872689 0.366864 0.029412 0.033136
2 0.853782 0.466272 0.015126 0.026036
24 0.899160 0.466272 0.053782 0.047337
2 0.046639 0.815385 0.014286 0.026036
35 0.089916 0.534320 0.018487 0.022485
2 0.763866 0.307101 0.023529 0.020118
1 0.044118 0.136095 0.036134 0.063905
2 0.605882 0.527219 0.021849 0.017751
2 0.576471 0.715976 0.023529 0.021302
2 0.867227 0.549112 0.021849 0.021302
3 0.172689 0.555621 0.022689 0.015385
2 0.940756 0.466864 0.015966 0.027219
3 0.063025 0.578698 0.023529 0.016568
3 0.062185 0.436095 0.023529 0.017751
3 0.391176 0.436095 0.024370 0.017751
2 0.511765 0.095858 0.016807 0.028402
4 0.782353 0.628994 0.013445 0.022485
35 0.447059 0.406509 0.023529 0.034320
2 0.100840 0.150296 0.021849 0.023669
3 0.063445 0.395858 0.022689 0.017751
3 0.063025 0.508284 0.023529 0.015385
3 0.390756 0.401183 0.023529 0.016568
4 0.638655 0.194083 0.020168 0.018935
2 0.786975 0.532544 0.021008 0.021302
3 0.391597 0.460355 0.023529 0.016568
3 0.176050 0.519527 0.024370 0.016568
35 0.089496 0.501775 0.017647 0.026036
2 0.265126 0.310651 0.024370 0.020118
2 0.761345 0.429586 0.023529 0.018935
3 0.265546 0.234911 0.011765 0.039053
3 0.065966 0.720118 0.021008 0.015385
3 0.286975 0.590533 0.022689 0.016568
3 0.173109 0.454438 0.023529 0.016568
2 0.660084 0.724260 0.015966 0.028402
35 0.217227 0.599408 0.019328 0.031953
35 0.089496 0.571006 0.017647 0.029586
2 0.269748 0.888166 0.023529 0.020118
3 0.066387 0.696450 0.021849 0.017751
3 0.606303 0.595266 0.027731 0.014201
29 0.785294 0.581657 0.032773 0.031953
3 0.063445 0.645562 0.022689 0.015385
4 0.202101 0.188757 0.017647 0.036686
4 0.763025 0.270414 0.016807 0.027219
3 0.286555 0.455030 0.023529 0.017751
4 0.269328 0.851479 0.019328 0.024852
3 0.286134 0.696450 0.022689 0.015385
4 0.164286 0.189941 0.017647 0.034320
35 0.320588 0.560947 0.021008 0.035503
35 0.089076 0.609467 0.016807 0.033136
3 0.063025 0.372189 0.023529 0.015385
75 0.863025 0.704142 0.023529 0.030769
3 0.172689 0.602959 0.022689 0.015385
3 0.285294 0.365680 0.024370 0.016568
42 0.407983 0.118343 0.029412 0.018935
42 0.836555 0.237870 0.032773 0.018935
35 0.089916 0.639053 0.018487 0.035503
3 0.172269 0.395858 0.020168 0.015385
24 0.356303 0.821893 0.026891 0.041420
2 0.896218 0.729586 0.021008 0.017751
3 0.063445 0.667456 0.022689 0.016568
2 0.761345 0.746154 0.023529 0.020118
3 0.172269 0.626627 0.023529 0.015385
35 0.215126 0.461538 0.020168 0.035503
4 0.067227 0.897633 0.020168 0.017751
42 0.557983 0.385799 0.030252 0.021302
2 0.768067 0.652071 0.015126 0.023669
35 0.321008 0.395858 0.018487 0.034320
4 0.108824 0.921893 0.021008 0.021302
3 0.403361 0.484615 0.023529 0.015385
3 0.286555 0.389941 0.023529 0.017751
35 0.090756 0.367456 0.018487 0.031953
4 0.386975 0.218935 0.019328 0.030769
35 0.215546 0.548521 0.019328 0.031953
3 0.403361 0.507101 0.025210 0.015385
3 0.286134 0.430769 0.022689 0.016568
3 0.786555 0.199408 0.013445 0.039053
3 0.176471 0.496450 0.025210 0.015385
42 0.665546 0.379290 0.031933 0.017751
42 0.836555 0.695858 0.014286 0.037870
14 0.761765 0.705917 0.019328 0.029586
28 0.761765 0.384024 0.049580 0.039053
3 0.286134 0.519527 0.022689 0.016568
35 0.321008 0.459763 0.018487 0.034320
35 0.215546 0.486391 0.019328 0.040237
3 0.286555 0.637870 0.023529 0.016568
29 0.560924 0.581065 0.032773 0.035503
35 0.319748 0.359763 0.021008 0.033136
35 0.215966 0.366864 0.023529 0.035503
3 0.786555 0.135503 0.011765 0.034320
4 0.815966 0.694083 0.016807 0.024852
42 0.534874 0.166272 0.031092 0.020118
3 0.286555 0.566864 0.023529 0.016568
2 0.115966 0.546154 0.016807 0.020118
35 0.088655 0.430178 0.019328 0.029586
3 0.172269 0.431361 0.021849 0.015385
3 0.286555 0.662130 0.021849 0.017751
35 0.320168 0.424260 0.020168 0.029586
35 0.090336 0.462722 0.017647 0.023669
29 0.867227 0.591716 0.031933 0.040237
3 0.286134 0.495858 0.022689 0.016568
3 0.172269 0.372781 0.025210 0.016568
3 0.286975 0.720710 0.022689 0.016568
35 0.213866 0.634911 0.019328 0.031953
3 0.063445 0.462130 0.024370 0.017751
35 0.215546 0.399408 0.019328 0.039053
35 0.321429 0.723669 0.021008 0.031953
35 0.446218 0.461538 0.016807 0.023669
3 0.063445 0.602959 0.022689 0.017751
3 0.331933 0.195858 0.028571 0.013018
35 0.318487 0.488757 0.020168 0.033136
2 0.891176 0.411243 0.022689 0.020118
35 0.214706 0.426036 0.019328 0.030769
3 0.064286 0.532544 0.024370 0.018935
35 0.320168 0.627811 0.020168 0.039053
35 0.090336 0.668639 0.015966 0.033136
35 0.214286 0.579290 0.016807 0.029586
6 0.744538 0.189349 0.033613 0.011834
29 0.575210 0.679290 0.031092 0.035503
42 0.067227 0.950888 0.015126 0.039053
35 0.447059 0.431361 0.021849 0.031953
35 0.447059 0.372781 0.028571 0.040237
4 0.077311 0.815385 0.013445 0.021302
28 0.609244 0.384024 0.048739 0.036686
5 0.297059 0.197041 0.024370 0.022485
35 0.319328 0.691716 0.018487 0.036686
35 0.215126 0.524852 0.020168 0.027219
42 0.226891 0.087574 0.016807 0.037870
3 0.390336 0.377515 0.026050 0.016568
4 0.639076 0.576331 0.019328 0.016568
22 0.620588 0.072781 0.014286 0.031953
42 0.679832 0.046154 0.035294 0.018935
15 0.576471 0.165089 0.028571 0.039053
4 0.905882 0.686982 0.018487 0.017751
42 0.913025 0.373373 0.032773 0.017751
22 0.576471 0.070414 0.015126 0.027219
2 0.253361 0.817751 0.015966 0.023669
35 0.091176 0.402367 0.017647 0.030769
2 0.241176 0.521893 0.015126 0.018935
2 0.350000 0.517160 0.019328 0.021302
35 0.322689 0.668639 0.023529 0.037870
35 0.090756 0.692899 0.018487 0.031953
35 0.089496 0.726627 0.017647 0.035503
35 0.320168 0.524852 0.020168 0.031953
35 0.319748 0.597633 0.021008 0.037870
35 0.447479 0.514793 0.021008 0.037870
2 0.474370 0.401183 0.022689 0.023669
26 0.873950 0.394675 0.026891 0.024852
29 0.634034 0.722485 0.032773 0.055621
6 0.891597 0.691124 0.011765 0.056805
