1 0.340594 0.787171 0.056436 0.065132
1 0.503713 0.256579 0.040099 0.050000
1 0.181188 0.156908 0.044554 0.063816
1 0.148267 0.784211 0.053960 0.063158
24 0.219059 0.802632 0.014356 0.023684
24 0.412376 0.805592 0.015842 0.021711
30 0.335891 0.056908 0.026238 0.032237
2 0.272772 0.112829 0.012871 0.011184
1 0.126485 0.580592 0.044059 0.066447
24 0.219554 0.763816 0.016337 0.021053
1 0.514851 0.139145 0.039604 0.044079
29 0.109158 0.350987 0.031188 0.020395
29 0.230198 0.351974 0.026733 0.021053
1 0.540099 0.349342 0.033663 0.028947
24 0.412129 0.767434 0.015347 0.021711
1 0.332673 0.600000 0.036634 0.031579
24 0.284653 0.545066 0.017822 0.024342
2 0.378465 0.793421 0.010396 0.013158
1 0.335644 0.170066 0.039604 0.029605
3 0.232673 0.141447 0.013861 0.009211
2 0.157921 0.558553 0.007921 0.017105
24 0.339604 0.123026 0.019802 0.019737
44 0.329455 0.361184 0.014356 0.018421
44 0.391832 0.361842 0.014356 0.019737
2 0.378218 0.768750 0.008911 0.008553
2 0.530198 0.280921 0.011881 0.011842
0 0.231188 0.211184 0.011881 0.007895
44 0.274010 0.921711 0.012376 0.018421
2 0.303465 0.513487 0.007921 0.017763
2 0.530693 0.230921 0.011881 0.011842
3 0.598515 0.145724 0.015842 0.013816
29 0.194554 0.352303 0.029703 0.021711
3 0.598762 0.131250 0.014356 0.013816
4 0.507673 0.341118 0.010396 0.012500
14 0.277475 0.160526 0.023267 0.028947
14 0.222525 0.584868 0.021287 0.027632
29 0.147525 0.275329 0.026733 0.024342
2 0.185149 0.790461 0.009901 0.009868
29 0.107921 0.275658 0.027723 0.022368
29 0.148020 0.352303 0.026733 0.020395
44 0.254703 0.921053 0.015347 0.015789
3 0.219802 0.180921 0.015842 0.010526
35 0.232673 0.194408 0.011881 0.015132
44 0.371782 0.360855 0.014851 0.019079
29 0.229455 0.274671 0.029208 0.025658
35 0.571287 0.144408 0.013861 0.019079
0 0.107673 0.624342 0.007426 0.011842
44 0.294802 0.921711 0.013366 0.018421
44 0.350990 0.361184 0.014851 0.018421
0 0.331683 0.108553 0.008911 0.010526
0 0.346535 0.108224 0.009901 0.012500
0 0.363861 0.164803 0.005941 0.011184
0 0.382426 0.169079 0.010396 0.013158
2 0.359653 0.188816 0.014356 0.013158
4 0.271535 0.130263 0.011386 0.011842
2 0.266089 0.182237 0.008416 0.018421
4 0.289604 0.179605 0.006931 0.014474
2 0.211139 0.133553 0.007426 0.014474
0 0.210396 0.153618 0.007921 0.011184
2 0.192079 0.201645 0.009901 0.016447
4 0.176733 0.199671 0.007921 0.013816
4 0.175990 0.212829 0.007426 0.013816
0 0.161139 0.198355 0.008416 0.012500
0 0.152228 0.166776 0.006436 0.012500
0 0.150743 0.140789 0.007426 0.010526
0 0.327228 0.079276 0.008911 0.009868
29 0.193564 0.274342 0.032673 0.026316
2 0.087129 0.283553 0.008911 0.015789
2 0.087129 0.358553 0.007921 0.017105
0 0.549010 0.074013 0.008911 0.009868
3 0.549505 0.092434 0.009901 0.021711
2 0.490347 0.123355 0.010396 0.011184
3 0.479950 0.137829 0.014356 0.009868
2 0.464109 0.143421 0.007426 0.015789
2 0.539604 0.115789 0.011881 0.013158
0 0.545792 0.150658 0.009406 0.013158
4 0.539109 0.164145 0.011881 0.011184
2 0.540347 0.184539 0.014356 0.009868
35 0.571040 0.125658 0.011386 0.019737
2 0.479703 0.249671 0.010891 0.011184
0 0.561386 0.246053 0.006931 0.011842
0 0.560644 0.265461 0.007426 0.011184
0 0.475990 0.328947 0.008416 0.014474
3 0.491089 0.328618 0.016832 0.013816
0 0.500495 0.356579 0.007921 0.013158
2 0.562624 0.340789 0.008416 0.011842
2 0.562624 0.354934 0.008416 0.016447
0 0.096287 0.566776 0.009406 0.012500
0 0.097525 0.591776 0.007921 0.012500
3 0.177970 0.566118 0.017327 0.009868
0 0.155446 0.578289 0.008911 0.011842
3 0.165594 0.604934 0.018317 0.008553
35 0.179208 0.618092 0.013861 0.012500
4 0.121535 0.624013 0.006436 0.012500
4 0.121535 0.638816 0.007426 0.017105
2 0.138366 0.625987 0.010396 0.019079
2 0.218069 0.536842 0.013366 0.010526
4 0.216584 0.554934 0.012376 0.007237
2 0.210891 0.605592 0.008911 0.015132
4 0.234653 0.605921 0.007921 0.014474
0 0.281683 0.500987 0.009901 0.008553
23 0.289356 0.512171 0.009406 0.012500
0 0.283168 0.599671 0.008911 0.011184
0 0.304703 0.605263 0.007426 0.011842
2 0.309653 0.582895 0.011386 0.011842
0 0.086139 0.779276 0.007921 0.013816
2 0.183663 0.763158 0.011881 0.013158
2 0.185644 0.774013 0.008911 0.012500
2 0.185396 0.800000 0.008416 0.011842
0 0.279208 0.781579 0.008911 0.015789
2 0.378465 0.777632 0.008416 0.011842
2 0.378218 0.802961 0.008911 0.012500
