26 0.461345 0.273964 0.033613 0.065089
4 0.550420 0.526627 0.018487 0.026036
1 0.555042 0.588757 0.054622 0.057988
35 0.515966 0.371598 0.023529 0.035503
3 0.854202 0.553846 0.014286 0.037870
1 0.205462 0.454438 0.049580 0.052071
1 0.466807 0.455030 0.049580 0.048521
7 0.247479 0.247929 0.024370 0.017751
1 0.164286 0.588166 0.051261 0.059172
1 0.689916 0.588166 0.052101 0.059172
1 0.730672 0.453846 0.051261 0.050888
1 0.424370 0.586982 0.052101 0.059172
1 0.298319 0.588166 0.052101 0.061538
1 0.340756 0.454438 0.049580 0.049704
23 0.489496 0.269231 0.017647 0.027219
24 0.181933 0.271598 0.026050 0.039053
1 0.596218 0.453846 0.051261 0.050888
24 0.404202 0.272189 0.025210 0.040237
4 0.293697 0.526627 0.017647 0.026036
4 0.159244 0.526036 0.017647 0.024852
1 0.860084 0.453846 0.051261 0.050888
2 0.677311 0.311243 0.025210 0.021302
2 0.521849 0.454438 0.015126 0.023669
4 0.676891 0.271598 0.019328 0.022485
24 0.351261 0.272189 0.025210 0.037870
2 0.392017 0.454438 0.015966 0.023669
2 0.541597 0.378107 0.017647 0.029586
3 0.828151 0.707692 0.012605 0.035503
1 0.840336 0.631953 0.129412 0.101775
4 0.684454 0.526036 0.019328 0.024852
2 0.912185 0.563314 0.022689 0.023669
3 0.306723 0.271006 0.011765 0.030769
2 0.266387 0.455030 0.015126 0.024852
4 0.419748 0.526036 0.017647 0.024852
2 0.656303 0.454438 0.015126 0.026036
23 0.605882 0.271598 0.020168 0.029586
2 0.131513 0.455030 0.014286 0.024852
0 0.533613 0.434320 0.015126 0.011834
23 0.160924 0.476923 0.015966 0.028402
2 0.786975 0.455030 0.014286 0.024852
4 0.815546 0.525444 0.015966 0.026036
0 0.667227 0.433728 0.015126 0.010651
0 0.455042 0.377515 0.007563 0.018935
4 0.264706 0.272781 0.018487 0.020118
0 0.276891 0.433136 0.014286 0.011834
23 0.686134 0.476331 0.015966 0.029586
23 0.546639 0.269822 0.021008 0.026036
0 0.403361 0.433136 0.013445 0.011834
0 0.798319 0.433136 0.015126 0.011834
23 0.421849 0.477515 0.016807 0.027219
3 0.478571 0.378107 0.027731 0.015385
0 0.142437 0.433728 0.014286 0.010651
23 0.815966 0.477515 0.018487 0.027219
23 0.295378 0.476331 0.015966 0.029586
27 0.212185 0.243787 0.036134 0.016568
0 0.675630 0.237278 0.015126 0.015385
23 0.551681 0.475740 0.017647 0.030769
