1 0.601261 0.290533 0.073109 0.062722
3 0.878571 0.342012 0.012605 0.040237
24 0.093697 0.348521 0.026050 0.041420
24 0.092437 0.263905 0.028571 0.042604
4 0.832353 0.254438 0.015966 0.037870
3 0.525630 0.178698 0.032773 0.016568
2 0.500840 0.467456 0.023529 0.016568
2 0.143277 0.256805 0.010924 0.016568
4 0.797899 0.253254 0.017647 0.037870
3 0.878151 0.265089 0.013445 0.040237
0 0.550840 0.350888 0.015966 0.017751
4 0.428151 0.253254 0.017647 0.037870
0 0.428151 0.169822 0.015966 0.015385
3 0.500000 0.247337 0.013445 0.040237
35 0.497059 0.303550 0.022689 0.039053
22 0.747899 0.175740 0.025210 0.020118
3 0.500420 0.365680 0.012605 0.037870
6 0.659664 0.175740 0.035294 0.015385
2 0.142437 0.359763 0.014286 0.011834
35 0.497899 0.420710 0.022689 0.039053
0 0.831933 0.169822 0.013445 0.013018
0 0.139496 0.272189 0.010084 0.014201
0 0.139076 0.340828 0.014286 0.016568
8 0.705042 0.310059 0.035294 0.052071
