2 0.631513 0.210059 0.024370 0.022485
1 0.150420 0.146746 0.067227 0.085207
18 0.239496 0.907101 0.021849 0.031953
18 0.088235 0.907692 0.018487 0.030769
2 0.843697 0.317160 0.023529 0.023669
18 0.189076 0.907101 0.018487 0.031953
1 0.582773 0.146746 0.081513 0.089941
2 0.584454 0.221893 0.022689 0.020118
4 0.454202 0.142012 0.017647 0.026036
2 0.693277 0.186982 0.025210 0.023669
2 0.453782 0.185207 0.023529 0.020118
2 0.177731 0.297633 0.022689 0.022485
4 0.492857 0.141420 0.015966 0.027219
2 0.194118 0.095858 0.020168 0.021302
4 0.660924 0.140828 0.015966 0.023669
4 0.694118 0.142012 0.016807 0.023669
24 0.910504 0.283432 0.034454 0.043787
18 0.138655 0.906509 0.018487 0.030769
24 0.890336 0.100592 0.026050 0.054438
0 0.381933 0.102959 0.012605 0.014201
3 0.631092 0.171598 0.011765 0.035503
2 0.865546 0.139053 0.023529 0.022485
3 0.450000 0.265089 0.031092 0.014201
0 0.176471 0.244970 0.015126 0.014201
2 0.194118 0.198225 0.020168 0.022485
35 0.489916 0.259172 0.021849 0.035503
2 0.100000 0.163314 0.021849 0.021302
3 0.227311 0.142012 0.024370 0.014201
35 0.488655 0.211243 0.019328 0.034320
3 0.404202 0.118343 0.028571 0.014201
0 0.844118 0.256805 0.014286 0.011834
2 0.271429 0.137870 0.016807 0.017751
3 0.227311 0.153254 0.024370 0.015385
43 0.874790 0.265089 0.026891 0.023669
0 0.693277 0.108284 0.013445 0.010651
75 0.147479 0.254438 0.024370 0.016568
75 0.147899 0.284024 0.025210 0.018935
2 0.272689 0.156805 0.021008 0.024852
3 0.450000 0.217751 0.026050 0.018935
43 0.876891 0.302367 0.026050 0.029586
