1 0.322388 0.168067 0.059701 0.052101
1 0.811045 0.177311 0.048358 0.090756
1 0.322388 0.338235 0.057313 0.051261
1 0.322985 0.510084 0.059701 0.053782
1 0.322985 0.682353 0.059701 0.053782
1 0.075224 0.292017 0.032239 0.051261
1 0.666567 0.175210 0.038806 0.148739
1 0.075522 0.638655 0.031642 0.052101
1 0.076119 0.464706 0.031642 0.050420
2 0.322985 0.297479 0.015522 0.013445
28 0.447164 0.509664 0.022687 0.017647
2 0.247761 0.205882 0.019104 0.018487
2 0.071940 0.684874 0.016119 0.013445
3 0.176119 0.683193 0.019104 0.011765
23 0.146567 0.080672 0.012537 0.015126
3 0.391045 0.430252 0.009552 0.025210
1 0.076119 0.118067 0.032836 0.052941
2 0.247463 0.721849 0.018507 0.015126
3 0.390448 0.257563 0.009552 0.026050
3 0.176119 0.510084 0.019104 0.013445
2 0.322687 0.123950 0.016119 0.012605
2 0.754328 0.141597 0.008955 0.021008
4 0.218806 0.510504 0.010149 0.019328
3 0.176119 0.539496 0.019104 0.011765
3 0.175821 0.366807 0.018507 0.012605
3 0.175821 0.194538 0.019701 0.010924
2 0.478806 0.102521 0.009552 0.021849
23 0.146269 0.597899 0.013134 0.012605
4 0.218507 0.337395 0.010746 0.021008
2 0.113731 0.487395 0.016119 0.013445
4 0.456418 0.084034 0.011343 0.013445
23 0.164776 0.597479 0.013134 0.011765
28 0.446567 0.337395 0.022687 0.017647
3 0.772836 0.141176 0.016119 0.011765
2 0.845075 0.223950 0.013731 0.017647
2 0.478806 0.274790 0.009552 0.021849
2 0.071940 0.513445 0.016119 0.013445
2 0.113731 0.143277 0.016119 0.014286
2 0.113731 0.315126 0.016119 0.013445
3 0.858209 0.140336 0.017313 0.011765
3 0.772537 0.197479 0.016716 0.011765
2 0.322388 0.643697 0.017910 0.013445
4 0.217910 0.483613 0.010746 0.017647
4 0.182090 0.597899 0.011940 0.012605
28 0.445373 0.682353 0.017910 0.016807
2 0.478806 0.447479 0.009552 0.019328
4 0.457313 0.257563 0.013134 0.012605
2 0.322090 0.468908 0.013731 0.013445
23 0.591343 0.097479 0.011343 0.013445
2 0.247761 0.378992 0.017910 0.015126
23 0.164478 0.423950 0.011343 0.012605
3 0.389851 0.085294 0.009552 0.022689
23 0.146269 0.424370 0.011940 0.015126
23 0.565075 0.097059 0.013731 0.014286
2 0.564179 0.126050 0.016716 0.013445
4 0.438507 0.084034 0.012537 0.011765
4 0.438507 0.257563 0.013731 0.012605
4 0.844179 0.157143 0.011940 0.013445
4 0.217015 0.165966 0.012537 0.019328
2 0.071940 0.167647 0.017313 0.014286
4 0.182388 0.080672 0.012537 0.013445
23 0.617612 0.098739 0.012537 0.015966
2 0.113731 0.660504 0.014925 0.013445
4 0.457015 0.601261 0.010149 0.014286
2 0.248358 0.550000 0.017910 0.015966
6 0.175224 0.313445 0.023284 0.013445
2 0.479104 0.619748 0.007761 0.021008
3 0.176119 0.337815 0.020299 0.013445
23 0.164776 0.080252 0.013134 0.012605
22 0.783582 0.363866 0.011343 0.021849
3 0.390448 0.601261 0.009552 0.022689
16 0.744179 0.354202 0.028060 0.026050
4 0.181493 0.424370 0.013134 0.013445
0 0.464478 0.331933 0.009552 0.010084
0 0.463284 0.160924 0.011940 0.012605
2 0.248358 0.614706 0.010746 0.026050
2 0.248657 0.442857 0.011343 0.025210
6 0.176418 0.138655 0.022090 0.010084
4 0.217910 0.139916 0.009552 0.019328
4 0.200896 0.596639 0.012537 0.010084
3 0.223582 0.080672 0.010149 0.023529
22 0.898209 0.140756 0.014925 0.019328
2 0.247463 0.101681 0.011343 0.023529
3 0.176418 0.168908 0.017313 0.013445
35 0.408060 0.075210 0.012537 0.024370
28 0.444776 0.165546 0.027463 0.025210
2 0.071940 0.342857 0.020896 0.016807
23 0.147761 0.255462 0.011343 0.020168
23 0.164776 0.255042 0.014328 0.021008
4 0.181194 0.254622 0.014925 0.016807
4 0.198209 0.255042 0.016716 0.012605
3 0.224179 0.256303 0.010149 0.025210
2 0.251045 0.273109 0.012537 0.020168
4 0.216418 0.315966 0.013731 0.018487
35 0.408358 0.246218 0.015522 0.025210
4 0.199403 0.428151 0.014328 0.012605
3 0.224478 0.429412 0.010746 0.028571
35 0.408955 0.418908 0.013134 0.026050
4 0.438507 0.432773 0.016119 0.013445
4 0.457313 0.431092 0.015522 0.015126
6 0.176418 0.487395 0.028060 0.013445
3 0.223284 0.600840 0.013134 0.023529
6 0.174328 0.657563 0.026269 0.015966
3 0.175522 0.713025 0.022687 0.015966
4 0.219104 0.661345 0.013134 0.020168
4 0.217015 0.682773 0.012537 0.017647
35 0.409851 0.591176 0.013731 0.027731
4 0.439104 0.604622 0.017313 0.012605
0 0.463284 0.676050 0.014328 0.012605
23 0.537015 0.098319 0.014925 0.015126
0 0.565970 0.075630 0.010746 0.008403
2 0.690149 0.251261 0.017910 0.013445
0 0.911045 0.134454 0.010746 0.015126
22 0.770448 0.348739 0.011343 0.018487
0 0.784478 0.340336 0.008358 0.010084
2 0.759403 0.399160 0.019104 0.018487
0 0.463284 0.505882 0.011940 0.011765
