1 0.062648 0.858804 0.061466 0.096346
1 0.795508 0.267442 0.200946 0.279070
1 0.114066 0.393688 0.065012 0.089701
1 0.338061 0.153654 0.070922 0.071429
1 0.076241 0.178571 0.083924 0.111296
1 0.112884 0.500831 0.062648 0.091362
24 0.102246 0.617110 0.060284 0.058140
1 0.201537 0.857973 0.060284 0.098007
2 0.069149 0.933555 0.020095 0.036545
2 0.637707 0.415282 0.031915 0.023256
2 0.121749 0.883721 0.018913 0.039867
2 0.125296 0.240864 0.030733 0.023256
2 0.169622 0.392027 0.017730 0.036545
2 0.169622 0.500000 0.017730 0.036545
6 0.833333 0.451827 0.021277 0.076412
2 0.691489 0.497508 0.033097 0.024917
3 0.462766 0.151993 0.036643 0.018272
2 0.060284 0.282392 0.030733 0.023256
2 0.832742 0.581395 0.034279 0.026578
3 0.268322 0.151993 0.026005 0.018272
2 0.372931 0.489203 0.031915 0.021595
2 0.717494 0.111296 0.016548 0.033223
4 0.408983 0.136213 0.023641 0.033223
2 0.059693 0.072259 0.027187 0.024917
0 0.301418 0.382060 0.021277 0.016611
2 0.264184 0.882890 0.020095 0.038206
2 0.302009 0.489203 0.031915 0.024917
4 0.143617 0.176910 0.022459 0.018272
2 0.069740 0.783223 0.016548 0.034884
4 0.271868 0.432724 0.023641 0.021595
4 0.300827 0.434385 0.024823 0.018272
4 0.383570 0.432724 0.024823 0.021595
2 0.209811 0.932724 0.017730 0.038206
2 0.210993 0.781561 0.015366 0.038206
4 0.832742 0.517442 0.029551 0.018272
3 0.703901 0.078073 0.034279 0.019934
0 0.374113 0.381229 0.024823 0.018272
4 0.329787 0.436047 0.021277 0.024917
4 0.242317 0.436047 0.026005 0.021595
0 0.058511 0.500000 0.017730 0.036545
35 0.656619 0.065615 0.027187 0.054817
35 0.666076 0.616279 0.039007 0.033223
3 0.634752 0.348837 0.018913 0.056478
4 0.356383 0.438538 0.020095 0.023256
35 0.638889 0.623754 0.034279 0.031561
35 0.586879 0.614618 0.036643 0.033223
21 0.648936 0.345515 0.023641 0.059801
35 0.559693 0.617940 0.039007 0.036545
0 0.498227 0.151163 0.013002 0.026578
0 0.378842 0.113787 0.024823 0.034884
0 0.054965 0.392027 0.020095 0.046512
0 0.614657 0.077243 0.026005 0.051495
27 0.684397 0.401163 0.021277 0.104651
0 0.908392 0.217608 0.017730 0.046512
0 0.908392 0.268272 0.017730 0.038206
0 0.862884 0.486711 0.021277 0.046512
