1 0.878344 0.122566 0.050955 0.076991
1 0.358599 0.339381 0.064968 0.052212
3 0.420701 0.190708 0.008280 0.023894
49 0.170064 0.146018 0.040764 0.049558
1 0.679618 0.268142 0.090446 0.120354
3 0.165287 0.329204 0.009554 0.024779
2 0.249045 0.227876 0.020382 0.018584
31 0.078344 0.310619 0.043312 0.051327
3 0.382484 0.190708 0.008280 0.025664
3 0.419108 0.257080 0.007643 0.025664
2 0.518790 0.511504 0.018471 0.014159
2 0.670064 0.490265 0.021656 0.015929
3 0.336306 0.284071 0.022930 0.012389
2 0.600318 0.223451 0.019745 0.018584
3 0.057006 0.417699 0.017197 0.012389
3 0.165287 0.373894 0.009554 0.025664
2 0.346815 0.492035 0.022293 0.021239
6 0.131210 0.372124 0.015287 0.071681
3 0.778344 0.180088 0.019108 0.011504
3 0.708280 0.417699 0.007643 0.023009
2 0.568471 0.511504 0.019745 0.019469
3 0.083121 0.416814 0.017197 0.012389
3 0.343312 0.418584 0.008917 0.024779
3 0.799045 0.204867 0.009554 0.025664
4 0.426752 0.420796 0.011465 0.018584
3 0.786624 0.280973 0.017834 0.011504
3 0.742038 0.244690 0.016561 0.009735
3 0.671019 0.402212 0.008280 0.022124
4 0.670701 0.442035 0.011465 0.016814
3 0.619745 0.260619 0.019108 0.011504
4 0.071656 0.392035 0.012102 0.015929
4 0.216561 0.368584 0.012739 0.013274
65 0.538854 0.420354 0.067516 0.038938
6 0.273248 0.095575 0.036943 0.021239
3 0.714331 0.195575 0.019745 0.012389
3 0.805732 0.262832 0.017834 0.012389
4 0.295223 0.369469 0.010828 0.020354
8 0.246497 0.298673 0.021656 0.029204
4 0.643312 0.147788 0.010191 0.019469
31 0.490127 0.151327 0.027389 0.065487
4 0.730573 0.336726 0.015287 0.015044
3 0.827707 0.273451 0.021019 0.012389
4 0.742038 0.277434 0.014013 0.013274
5 0.533121 0.092920 0.016561 0.015929
3 0.577389 0.241593 0.010828 0.026549
3 0.359236 0.417257 0.008917 0.023894
2 0.794904 0.354425 0.021656 0.020354
7 0.102548 0.444248 0.012739 0.033628
4 0.440127 0.184071 0.010191 0.015929
8 0.693312 0.093805 0.028662 0.031858
2 0.829936 0.218142 0.020382 0.027434
21 0.071975 0.361947 0.026752 0.019469
74 0.040764 0.478761 0.014013 0.015929
74 0.104459 0.480531 0.014013 0.017699
3 0.179936 0.312832 0.021019 0.013274
5 0.200318 0.311504 0.014650 0.019469
3 0.232803 0.346460 0.017197 0.016814
22 0.247134 0.371239 0.019108 0.023894
3 0.324522 0.420796 0.009554 0.027434
4 0.540446 0.500885 0.010828 0.017699
4 0.757962 0.261947 0.011465 0.017699
4 0.772930 0.244248 0.010828 0.015929
23 0.600318 0.147788 0.014650 0.015929
23 0.561146 0.150000 0.015287 0.016814
4 0.523567 0.067257 0.010191 0.012389
3 0.545223 0.066814 0.019108 0.013274
5 0.420701 0.228319 0.015924 0.019469
3 0.401911 0.188053 0.008917 0.023894
23 0.337580 0.150442 0.012739 0.017699
23 0.300318 0.148673 0.013376 0.019469
23 0.249045 0.148230 0.012739 0.013274
23 0.212420 0.147345 0.010828 0.016814
