35 0.219665 0.520710 0.025941 0.044970
1 0.721339 0.326627 0.123849 0.513609
1 0.222594 0.692899 0.098745 0.065089
1 0.121339 0.335503 0.053556 0.060355
4 0.309623 0.648521 0.018410 0.023669
3 0.178661 0.525444 0.029289 0.016568
3 0.247280 0.306509 0.012552 0.035503
24 0.195397 0.868047 0.034310 0.067456
3 0.142259 0.086391 0.011715 0.035503
2 0.839331 0.351479 0.015063 0.028402
3 0.606695 0.541420 0.013389 0.034320
24 0.076987 0.117160 0.026778 0.063905
2 0.800418 0.581065 0.024268 0.018935
2 0.889958 0.695858 0.012552 0.026036
51 0.910879 0.726036 0.030962 0.020118
2 0.309623 0.608876 0.025105 0.020118
52 0.113389 0.671598 0.029289 0.017751
4 0.167364 0.316568 0.015063 0.024852
4 0.636402 0.636686 0.017573 0.028402
4 0.807531 0.404142 0.018410 0.024852
2 0.912552 0.581657 0.022594 0.017751
0 0.238494 0.793491 0.013389 0.013018
2 0.079916 0.371006 0.022594 0.017751
52 0.852720 0.187574 0.031799 0.017751
42 0.195397 0.138462 0.032636 0.016568
42 0.594142 0.298817 0.031799 0.020118
52 0.853975 0.234320 0.030962 0.016568
3 0.222594 0.311834 0.013389 0.036686
0 0.632218 0.508284 0.014226 0.013018
51 0.555649 0.139645 0.033473 0.018935
52 0.297071 0.878107 0.030126 0.016568
3 0.113389 0.086391 0.012552 0.033136
0 0.844770 0.668047 0.014226 0.013018
2 0.158159 0.723077 0.023431 0.018935
3 0.262762 0.828402 0.011715 0.035503
42 0.853138 0.318935 0.032636 0.017751
51 0.849791 0.292899 0.034310 0.020118
2 0.212971 0.924260 0.024268 0.018935
52 0.288285 0.357396 0.029289 0.016568
2 0.820084 0.462130 0.023431 0.020118
51 0.588703 0.448521 0.034310 0.018935
52 0.595397 0.246746 0.030962 0.017751
52 0.135146 0.686982 0.029289 0.017751
2 0.100837 0.160355 0.024268 0.017751
52 0.270711 0.525444 0.030962 0.021302
51 0.569038 0.224852 0.030126 0.014201
0 0.263598 0.792899 0.013389 0.011834
52 0.853975 0.248521 0.030962 0.011834
52 0.296653 0.861538 0.029289 0.016568
3 0.238075 0.827811 0.012552 0.029586
42 0.194142 0.121893 0.031799 0.018935
4 0.912552 0.553254 0.017573 0.017751
52 0.330962 0.695858 0.030962 0.021302
1 0.782008 0.720118 0.117992 0.046154
0 0.907113 0.376331 0.011715 0.018935
4 0.864017 0.695858 0.017573 0.023669
52 0.590377 0.425444 0.032636 0.017751
2 0.701255 0.726036 0.013389 0.029586
0 0.142259 0.282249 0.010042 0.017751
42 0.852720 0.091716 0.031799 0.017751
3 0.870293 0.377515 0.028452 0.016568
42 0.563180 0.354438 0.033473 0.017751
3 0.292469 0.684615 0.025941 0.017751
2 0.607113 0.675740 0.025941 0.018935
4 0.853138 0.553846 0.017573 0.018935
52 0.594142 0.260355 0.026778 0.014201
52 0.568619 0.213609 0.029289 0.015385
0 0.156067 0.526036 0.009205 0.022485
52 0.331381 0.712426 0.031799 0.018935
4 0.941423 0.555030 0.015063 0.016568
42 0.555230 0.165680 0.027615 0.011834
2 0.194561 0.324852 0.012552 0.027219
4 0.883682 0.555030 0.016736 0.016568
52 0.287866 0.340828 0.028452 0.018935
52 0.569874 0.199408 0.031799 0.015385
27 0.835146 0.417160 0.016736 0.053254
4 0.970293 0.554438 0.015900 0.017751
0 0.099582 0.052071 0.013389 0.011834
1 0.600418 0.614201 0.037657 0.068639
0 0.320084 0.674556 0.007531 0.016568
51 0.571967 0.152663 0.030962 0.014201
42 0.596653 0.341420 0.033473 0.017751
51 0.852720 0.105325 0.031799 0.016568
51 0.851883 0.118343 0.031799 0.016568
51 0.851883 0.128994 0.031799 0.016568
51 0.851046 0.139645 0.031799 0.016568
51 0.851883 0.151479 0.031799 0.016568
51 0.851046 0.165680 0.031799 0.016568
51 0.915900 0.177515 0.030962 0.018935
52 0.853138 0.200592 0.034310 0.015385
51 0.852720 0.213609 0.035146 0.015385
52 0.853556 0.260355 0.031799 0.011834
52 0.853556 0.271598 0.031799 0.013018
0 0.912134 0.533136 0.011715 0.013018
