24 0.162876 0.906863 0.030057 0.071078
1 0.189277 0.416667 0.074736 0.068627
1 0.805443 0.093750 0.070674 0.067402
1 0.095857 0.736520 0.068237 0.063725
1 0.834687 0.537990 0.069050 0.066176
1 0.173030 0.098039 0.074736 0.068627
3 0.532900 0.246324 0.024370 0.017157
3 0.633225 0.208946 0.023558 0.018382
1 0.663688 0.671569 0.084484 0.090686
23 0.183184 0.757966 0.015435 0.028186
3 0.642161 0.338848 0.025183 0.018382
23 0.808692 0.721201 0.015435 0.030637
24 0.461007 0.135417 0.025183 0.042892
3 0.767669 0.166054 0.025995 0.018382
2 0.252640 0.344975 0.024370 0.020833
3 0.491470 0.250613 0.011373 0.030637
24 0.461007 0.202819 0.026807 0.040441
3 0.841592 0.666667 0.012998 0.031863
42 0.411860 0.466912 0.029245 0.024510
4 0.894801 0.507966 0.013810 0.023284
3 0.841998 0.727328 0.012185 0.035539
2 0.920390 0.508578 0.012998 0.029412
51 0.343217 0.583333 0.031682 0.022059
2 0.094232 0.805147 0.024370 0.019608
2 0.857839 0.436887 0.022746 0.020833
3 0.677904 0.338235 0.023558 0.017157
3 0.443542 0.251225 0.011373 0.034314
2 0.187246 0.965686 0.021933 0.022059
3 0.211617 0.582721 0.026807 0.018382
2 0.524777 0.506740 0.019496 0.018382
3 0.593826 0.208946 0.022746 0.018382
2 0.309911 0.345588 0.023558 0.019608
4 0.305849 0.606005 0.018684 0.018382
2 0.114541 0.621324 0.024370 0.019608
2 0.634037 0.531250 0.021933 0.018382
23 0.772949 0.721201 0.015435 0.033088
0 0.252234 0.476103 0.013810 0.015931
3 0.093826 0.522059 0.025183 0.017157
4 0.288383 0.189951 0.017872 0.026961
35 0.555646 0.732230 0.024370 0.025735
51 0.356214 0.276348 0.031682 0.020833
4 0.308286 0.306373 0.017059 0.022059
49 0.508936 0.654412 0.025183 0.063725
2 0.886271 0.621936 0.022746 0.020833
42 0.601950 0.245098 0.029245 0.019608
2 0.305443 0.647059 0.022746 0.019608
4 0.252640 0.604779 0.019496 0.020833
3 0.723396 0.166054 0.021933 0.018382
0 0.523964 0.376838 0.014622 0.015931
4 0.106824 0.245711 0.018684 0.020833
3 0.492689 0.167279 0.013810 0.033088
3 0.455727 0.466299 0.024370 0.018382
23 0.151503 0.757966 0.015435 0.030637
2 0.792445 0.586397 0.021933 0.018382
4 0.044273 0.759804 0.018684 0.026961
2 0.666937 0.770221 0.022746 0.023284
0 0.045085 0.712623 0.012185 0.013480
4 0.114541 0.552083 0.014622 0.025735
12 0.540211 0.422181 0.024370 0.040441
2 0.253452 0.647672 0.021121 0.018382
3 0.215678 0.276961 0.026807 0.017157
3 0.695370 0.378676 0.012998 0.034314
42 0.036962 0.222426 0.028432 0.025735
4 0.252234 0.305147 0.017059 0.022059
36 0.632006 0.488358 0.042242 0.057598
3 0.468318 0.252451 0.010561 0.031863
4 0.594232 0.167279 0.017059 0.018382
3 0.548741 0.672181 0.012185 0.035539
4 0.772949 0.557598 0.015435 0.024510
25 0.869618 0.699142 0.015435 0.037990
0 0.877742 0.493260 0.012185 0.011029
2 0.708367 0.420343 0.021121 0.019608
0 0.096263 0.417279 0.008936 0.020833
4 0.598294 0.667892 0.015435 0.024510
4 0.898457 0.582108 0.016247 0.029412
3 0.639318 0.109681 0.012998 0.037990
3 0.284322 0.276348 0.027620 0.018382
2 0.316003 0.484069 0.011373 0.026961
4 0.614135 0.123162 0.016247 0.023284
0 0.929326 0.557598 0.012998 0.019608
2 0.744110 0.255515 0.024370 0.018382
3 0.078392 0.219975 0.026807 0.020833
35 0.267262 0.766544 0.027620 0.037990
3 0.231925 0.723039 0.025183 0.017157
0 0.078392 0.099265 0.008936 0.022059
11 0.248578 0.231618 0.017872 0.041667
23 0.584890 0.727941 0.017872 0.022059
4 0.158814 0.295956 0.017059 0.023284
25 0.207149 0.755515 0.012998 0.040441
4 0.723802 0.361520 0.017872 0.017157
0 0.615353 0.338848 0.010561 0.020833
0 0.634850 0.453431 0.013810 0.012255
3 0.281478 0.579657 0.026807 0.022059
3 0.130788 0.276961 0.027620 0.017157
36 0.181560 0.538603 0.043054 0.060049
4 0.714460 0.233456 0.017059 0.023284
0 0.828595 0.243873 0.016247 0.014706
36 0.779448 0.347426 0.043054 0.050245
11 0.248172 0.531863 0.018684 0.039216
2 0.625914 0.072304 0.018684 0.022059
4 0.153534 0.606005 0.029245 0.020833
4 0.151909 0.190564 0.016247 0.025735
51 0.915516 0.349877 0.032494 0.025735
0 0.670999 0.079044 0.011373 0.013480
3 0.134444 0.581495 0.023558 0.020833
3 0.553209 0.153799 0.024370 0.018382
20 0.728676 0.088848 0.021121 0.037990
36 0.179935 0.232230 0.041430 0.060049
4 0.783916 0.199755 0.019496 0.022059
2 0.516247 0.291054 0.021933 0.018382
4 0.687246 0.129289 0.014622 0.025735
2 0.316409 0.191176 0.012185 0.029412
6 0.747766 0.641544 0.034931 0.015931
4 0.845654 0.385417 0.014622 0.028186
4 0.289602 0.484681 0.023558 0.025735
2 0.106011 0.309436 0.023558 0.018382
2 0.721365 0.128064 0.012998 0.025735
0 0.913891 0.411152 0.014622 0.018382
4 0.744110 0.190564 0.019496 0.018382
3 0.829001 0.351103 0.023558 0.018382
42 0.045085 0.520833 0.028432 0.024510
20 0.093826 0.094363 0.023558 0.039216
2 0.117384 0.187500 0.015435 0.029412
0 0.193745 0.295956 0.013810 0.020833
0 0.251828 0.179534 0.016247 0.015931
20 0.110479 0.418505 0.024370 0.030637
2 0.127945 0.482843 0.015435 0.031863
4 0.153940 0.484681 0.013810 0.025735
0 0.205524 0.606005 0.008123 0.020833
0 0.150690 0.713848 0.012185 0.020833
0 0.246548 0.889706 0.013810 0.019608
42 0.235987 0.911152 0.033306 0.018382
42 0.236799 0.927083 0.034931 0.015931
3 0.515841 0.167279 0.016247 0.035539
3 0.551584 0.177083 0.024370 0.018382
15 0.556052 0.209559 0.028432 0.039216
4 0.651097 0.227328 0.013810 0.033088
0 0.673030 0.246324 0.013810 0.017157
51 0.875305 0.163603 0.034931 0.018382
3 0.502031 0.490196 0.022746 0.024510
8 0.523558 0.465686 0.031682 0.034314
22 0.872055 0.386029 0.015435 0.026961
5 0.565394 0.644608 0.017872 0.024510
22 0.722177 0.721201 0.017872 0.023284
0 0.841186 0.632966 0.018684 0.018382
36 0.671812 0.167892 0.047116 0.058824
22 0.889927 0.387255 0.015435 0.026961
22 0.811942 0.207108 0.015435 0.026961
22 0.829813 0.208333 0.015435 0.026961
