1 0.224080 0.320550 0.100334 0.397974
3 0.854097 0.615051 0.014214 0.037627
3 0.506689 0.514472 0.023411 0.018813
3 0.105769 0.693198 0.014214 0.040521
3 0.854097 0.178003 0.014214 0.037627
3 0.852843 0.390014 0.015050 0.036179
51 0.404264 0.761939 0.029264 0.030391
42 0.602425 0.849493 0.032609 0.028944
51 0.905518 0.211288 0.031773 0.026049
29 0.808946 0.432706 0.044314 0.049204
51 0.910117 0.420405 0.032609 0.024602
2 0.105769 0.792330 0.022575 0.021708
51 0.537207 0.573082 0.032609 0.026049
2 0.853261 0.496382 0.024247 0.023155
2 0.505853 0.916064 0.023411 0.023155
42 0.356187 0.214906 0.033445 0.021708
2 0.121656 0.528944 0.027592 0.027496
51 0.918060 0.645441 0.033445 0.028944
2 0.853679 0.721418 0.023411 0.021708
42 0.355769 0.152677 0.034281 0.024602
42 0.356605 0.171491 0.032609 0.021708
29 0.804348 0.657742 0.045151 0.050651
4 0.853679 0.448625 0.018395 0.023155
3 0.523411 0.884949 0.026756 0.021708
2 0.853679 0.285094 0.023411 0.023155
42 0.356187 0.186686 0.033445 0.020260
42 0.150920 0.730825 0.032609 0.026049
4 0.853261 0.674385 0.019231 0.023155
3 0.527592 0.790159 0.013378 0.046310
0 0.854515 0.139653 0.016722 0.018813
4 0.298077 0.428365 0.014214 0.031838
29 0.805602 0.222142 0.045987 0.050651
0 0.854097 0.572359 0.017559 0.018813
51 0.537625 0.486252 0.031773 0.026049
2 0.345736 0.325615 0.014214 0.034732
4 0.096990 0.209841 0.010033 0.031838
4 0.096154 0.269175 0.013378 0.034732
15 0.505435 0.765557 0.025920 0.037627
4 0.853679 0.238061 0.018395 0.024602
4 0.105769 0.758321 0.020903 0.026049
42 0.357441 0.201881 0.034281 0.021708
3 0.560619 0.848770 0.025920 0.018813
42 0.109532 0.327786 0.033445 0.027496
5 0.471572 0.490593 0.021739 0.043415
15 0.508779 0.844428 0.030936 0.036179
0 0.105351 0.655572 0.015050 0.017366
3 0.443980 0.761939 0.026756 0.021708
4 0.297241 0.371201 0.015886 0.027496
42 0.109532 0.327062 0.033445 0.026049
0 0.537207 0.515919 0.022575 0.021708
0 0.552258 0.761216 0.012542 0.023155
4 0.096990 0.152677 0.016722 0.027496
4 0.142977 0.181621 0.013378 0.030391
4 0.298077 0.485528 0.014214 0.033285
4 0.124582 0.464544 0.018395 0.023155
2 0.066890 0.212012 0.020067 0.044863
4 0.144231 0.235890 0.014214 0.040521
0 0.113294 0.442836 0.012542 0.020260
4 0.295569 0.337192 0.014214 0.028944
5 0.468227 0.539797 0.015050 0.028944
5 0.470736 0.570912 0.015050 0.027496
51 0.539716 0.544139 0.037625 0.020260
0 0.853261 0.349493 0.015886 0.021708
