35 0.198319 0.579882 0.026891 0.035503
1 0.239916 0.804142 0.088235 0.150296
4 0.168067 0.794083 0.016807 0.026036
2 0.708403 0.195266 0.013445 0.030769
4 0.769328 0.318935 0.015966 0.027219
1 0.294958 0.288757 0.063866 0.075740
1 0.601261 0.478107 0.160504 0.222485
2 0.798739 0.715976 0.026050 0.021302
4 0.735714 0.319527 0.017647 0.026036
1 0.172269 0.466272 0.048739 0.063905
1 0.137395 0.285799 0.063025 0.166864
3 0.702101 0.608876 0.014286 0.039053
3 0.357563 0.290533 0.012605 0.027219
24 0.257983 0.088757 0.028571 0.101775
2 0.298739 0.923077 0.026050 0.021302
42 0.093277 0.053254 0.028571 0.016568
4 0.107563 0.396450 0.018487 0.026036
42 0.395798 0.053254 0.030252 0.016568
2 0.153782 0.171598 0.013445 0.026036
4 0.664286 0.211834 0.017647 0.023669
4 0.794958 0.319527 0.016807 0.023669
24 0.358824 0.088757 0.026891 0.099408
4 0.701681 0.318935 0.018487 0.024852
2 0.258403 0.627219 0.014286 0.033136
2 0.258824 0.572781 0.013445 0.030769
21 0.660504 0.673373 0.015126 0.035503
24 0.161765 0.089349 0.027731 0.100592
24 0.055882 0.089349 0.027731 0.100592
4 0.240336 0.224852 0.020168 0.023669
42 0.197899 0.075148 0.031092 0.015385
42 0.198739 0.052663 0.031092 0.015385
3 0.714706 0.555621 0.012605 0.036686
42 0.079832 0.573373 0.031933 0.022485
4 0.709664 0.436686 0.017647 0.026036
42 0.294958 0.053254 0.028571 0.016568
4 0.781933 0.507692 0.017647 0.023669
51 0.086975 0.485207 0.032773 0.018935
2 0.346218 0.460355 0.013445 0.030769
42 0.093697 0.088757 0.031092 0.016568
4 0.807143 0.508876 0.015966 0.018935
2 0.485714 0.325444 0.013445 0.028402
23 0.828151 0.318343 0.015966 0.028402
4 0.672269 0.271598 0.021849 0.022485
4 0.663866 0.182249 0.018487 0.021302
3 0.631092 0.241420 0.013445 0.035503
35 0.755042 0.594083 0.026050 0.047337
42 0.079412 0.627219 0.032773 0.021302
42 0.198319 0.065680 0.031933 0.015385
42 0.084034 0.757396 0.031933 0.021302
42 0.198739 0.099408 0.031092 0.016568
3 0.152101 0.626627 0.028571 0.015385
42 0.470588 0.472189 0.031933 0.018935
42 0.093697 0.065089 0.031092 0.014201
42 0.094958 0.126036 0.030252 0.015385
42 0.388235 0.265680 0.030252 0.017751
2 0.078992 0.373964 0.021849 0.021302
2 0.660084 0.729586 0.026050 0.017751
3 0.143277 0.756213 0.027731 0.016568
42 0.092437 0.100592 0.031933 0.016568
42 0.294958 0.077515 0.030252 0.015385
42 0.396639 0.065089 0.031933 0.014201
42 0.395798 0.077515 0.030252 0.015385
42 0.296218 0.065680 0.031092 0.015385
42 0.386975 0.313609 0.031092 0.018935
42 0.596639 0.182840 0.030252 0.020118
42 0.396218 0.087574 0.032773 0.016568
3 0.676471 0.347929 0.026891 0.014201
42 0.294958 0.088757 0.031933 0.016568
4 0.832353 0.508876 0.015966 0.018935
28 0.208403 0.633728 0.047059 0.043787
4 0.529412 0.325444 0.020168 0.023669
51 0.233613 0.466272 0.033613 0.018935
2 0.711765 0.271006 0.013445 0.026036
42 0.294958 0.099408 0.030252 0.016568
2 0.862185 0.568047 0.026891 0.021302
42 0.197059 0.088166 0.031092 0.015385
2 0.580252 0.220710 0.021008 0.017751
2 0.238235 0.172189 0.022689 0.027219
4 0.400000 0.460355 0.021849 0.026036
42 0.396639 0.099408 0.030252 0.016568
35 0.752101 0.663905 0.021849 0.033136
3 0.798739 0.626036 0.012605 0.040237
42 0.597059 0.663314 0.014286 0.046154
51 0.880252 0.295858 0.031092 0.021302
35 0.752101 0.701183 0.025210 0.039053
42 0.084454 0.816568 0.032773 0.021302
3 0.152101 0.572781 0.028571 0.014201
51 0.186975 0.400000 0.029412 0.018935
42 0.470588 0.497633 0.031933 0.015385
42 0.469328 0.424260 0.032773 0.017751
4 0.861765 0.507692 0.015966 0.023669
51 0.188235 0.421302 0.028571 0.014201
42 0.613445 0.665680 0.013445 0.050888
42 0.471429 0.510059 0.033613 0.016568
51 0.699580 0.401775 0.031092 0.017751
42 0.471429 0.496450 0.031933 0.015385
42 0.471429 0.518935 0.031933 0.015385
42 0.622689 0.665680 0.013445 0.053254
2 0.850840 0.349112 0.014286 0.028402
42 0.471429 0.438462 0.033613 0.015385
2 0.187395 0.365089 0.013445 0.027219
42 0.604622 0.663314 0.010924 0.053254
42 0.471008 0.483432 0.034454 0.015385
3 0.639076 0.669231 0.012605 0.036686
42 0.470588 0.449704 0.033613 0.016568
42 0.092857 0.076331 0.029412 0.013018
35 0.752521 0.621302 0.019328 0.035503
42 0.092857 0.112426 0.032773 0.011834
42 0.198319 0.113018 0.030252 0.013018
42 0.198319 0.126036 0.031933 0.013018
42 0.293697 0.112426 0.027731 0.011834
42 0.294958 0.124852 0.028571 0.015385
42 0.396639 0.114201 0.030252 0.013018
42 0.397059 0.127219 0.034454 0.013018
4 0.578992 0.271598 0.020168 0.015385
4 0.586555 0.288757 0.015126 0.014201
42 0.597059 0.278698 0.010924 0.048521
6 0.760084 0.480473 0.042857 0.014201
42 0.470588 0.534320 0.031933 0.017751
42 0.589076 0.665680 0.010084 0.046154
42 0.580672 0.665680 0.010084 0.048521
42 0.570588 0.663905 0.011765 0.049704
42 0.562185 0.663905 0.010084 0.049704
