24 0.140756 0.560947 0.027731 0.073373
1 0.261765 0.244379 0.088235 0.126627
24 0.696639 0.556213 0.025210 0.040237
24 0.747059 0.555621 0.026891 0.036686
4 0.457983 0.289941 0.015126 0.033136
24 0.198739 0.562130 0.026050 0.075740
4 0.390336 0.289349 0.017647 0.031953
23 0.172269 0.157396 0.016807 0.028402
2 0.357563 0.353254 0.024370 0.020118
4 0.121429 0.159172 0.015966 0.027219
4 0.327311 0.301183 0.017647 0.039053
2 0.172689 0.195858 0.021008 0.015385
0 0.638655 0.158580 0.015126 0.014201
4 0.424790 0.288166 0.015966 0.034320
3 0.638655 0.257988 0.011765 0.040237
2 0.171008 0.253846 0.012605 0.027219
0 0.306723 0.368047 0.018487 0.016568
2 0.639076 0.294675 0.022689 0.016568
22 0.260504 0.131953 0.030252 0.024852
3 0.196639 0.255030 0.028571 0.017751
22 0.714706 0.178107 0.026050 0.027219
0 0.823529 0.162722 0.015126 0.015385
0 0.701681 0.215976 0.015126 0.015385
8 0.751681 0.239645 0.027731 0.041420
6 0.336134 0.130178 0.047059 0.023669
