35 0.236134 0.495858 0.025210 0.037870
1 0.098739 0.247337 0.066387 0.085207
3 0.534034 0.217751 0.012605 0.033136
1 0.418487 0.158580 0.082353 0.068639
35 0.237395 0.547929 0.022689 0.040237
2 0.295378 0.416568 0.019328 0.018935
4 0.534454 0.265680 0.018487 0.024852
24 0.073109 0.391124 0.025210 0.043787
2 0.266387 0.182249 0.016807 0.026036
42 0.652101 0.359763 0.028571 0.018935
1 0.265126 0.384024 0.052941 0.065089
2 0.463025 0.263314 0.025210 0.022485
2 0.592857 0.293491 0.026050 0.023669
2 0.420168 0.092899 0.023529 0.022485
75 0.121429 0.448521 0.024370 0.028402
52 0.159664 0.230769 0.026891 0.016568
52 0.560084 0.385207 0.029412 0.020118
52 0.651261 0.384615 0.028571 0.018935
29 0.452101 0.371598 0.048739 0.030769
4 0.533613 0.100592 0.018487 0.026036
2 0.262185 0.242012 0.016807 0.029586
4 0.353782 0.101183 0.018487 0.024852
29 0.607143 0.372189 0.047899 0.029586
2 0.140336 0.292899 0.018487 0.020118
2 0.534034 0.304734 0.027731 0.024852
42 0.184874 0.491124 0.031933 0.021302
75 0.121849 0.501183 0.025210 0.029586
4 0.487815 0.108284 0.019328 0.027219
52 0.403361 0.384024 0.028571 0.020118
42 0.500000 0.359763 0.028571 0.018935
52 0.159664 0.265680 0.026891 0.017751
2 0.486975 0.066864 0.021008 0.022485
2 0.533193 0.061538 0.021008 0.018935
52 0.202101 0.402959 0.026050 0.017751
42 0.336555 0.491124 0.032773 0.021302
35 0.292017 0.250888 0.024370 0.037870
42 0.213445 0.381657 0.026891 0.020118
2 0.139916 0.201775 0.019328 0.022485
42 0.159664 0.142012 0.031933 0.021302
42 0.559664 0.359763 0.031933 0.018935
2 0.295378 0.350296 0.017647 0.021302
6 0.516807 0.175740 0.033613 0.013018
3 0.289076 0.489941 0.026891 0.014201
42 0.400420 0.359763 0.031092 0.018935
42 0.576471 0.141420 0.030252 0.017751
42 0.327311 0.213609 0.014286 0.036686
42 0.626471 0.194675 0.031092 0.022485
3 0.289496 0.555030 0.027731 0.014201
42 0.082773 0.448521 0.027731 0.018935
3 0.462185 0.224260 0.013445 0.036686
52 0.495798 0.385799 0.028571 0.021302
2 0.352941 0.066272 0.020168 0.021302
35 0.295798 0.189941 0.021849 0.031953
26 0.592857 0.252663 0.022689 0.031953
52 0.316807 0.391124 0.025210 0.015385
42 0.082353 0.502367 0.028571 0.017751
52 0.209244 0.363905 0.026891 0.017751
52 0.315546 0.375148 0.026050 0.016568
3 0.344118 0.182840 0.026050 0.022485
