49 0.061765 0.094675 0.041176 0.047337
24 0.359664 0.171598 0.025210 0.054438
24 0.051681 0.201775 0.026050 0.098225
24 0.436555 0.219527 0.027731 0.065089
2 0.399580 0.091124 0.021008 0.018935
24 0.436134 0.124852 0.028571 0.062722
24 0.360084 0.242012 0.026050 0.055621
24 0.359664 0.106509 0.026891 0.056805
2 0.327731 0.078698 0.021849 0.017751
2 0.104202 0.236095 0.013445 0.027219
18 0.110084 0.344379 0.016807 0.030769
7 0.219328 0.182249 0.058824 0.028402
18 0.134874 0.343787 0.019328 0.031953
0 0.268908 0.126036 0.013445 0.013018
0 0.268908 0.173964 0.011765 0.014201
18 0.058403 0.344970 0.019328 0.029586
18 0.084454 0.345562 0.017647 0.030769
7 0.217647 0.228994 0.060504 0.031953
2 0.100840 0.073373 0.020168 0.018935
7 0.217647 0.136686 0.058824 0.029586
0 0.118067 0.089941 0.012605 0.011834
2 0.100840 0.072781 0.020168 0.020118
0 0.268908 0.268639 0.013445 0.014201
7 0.214706 0.276331 0.057983 0.029586
