1 0.194375 0.200769 0.126250 0.090769
1 0.720000 0.219231 0.117500 0.084615
1 0.550625 0.570000 0.141250 0.100000
2 0.368750 0.570769 0.030000 0.018462
3 0.288125 0.177692 0.021250 0.044615
2 0.425000 0.585385 0.027500 0.020000
0 0.631250 0.459231 0.022500 0.016923
2 0.085625 0.177692 0.016250 0.032308
2 0.325625 0.240000 0.033750 0.021538
2 0.625625 0.616154 0.026250 0.020000
0 0.300000 0.610769 0.022500 0.015385
4 0.113125 0.290000 0.026250 0.035385
2 0.113750 0.339231 0.032500 0.023077
2 0.091875 0.827692 0.018750 0.021538
3 0.112500 0.101538 0.017500 0.043077
2 0.865625 0.585385 0.016250 0.032308
4 0.712500 0.586154 0.027500 0.027692
2 0.918750 0.285385 0.032500 0.020000
2 0.808125 0.099231 0.016250 0.029231
4 0.155625 0.730769 0.023750 0.030769
0 0.749375 0.480769 0.021250 0.013846
2 0.608125 0.301538 0.031250 0.018462
0 0.230625 0.849231 0.016250 0.015385
4 0.586250 0.253077 0.025000 0.026154
4 0.643125 0.256923 0.023750 0.027692
0 0.067500 0.849231 0.017500 0.015385
2 0.863750 0.240000 0.025000 0.021538
2 0.137500 0.891538 0.020000 0.020000
35 0.236250 0.655385 0.035000 0.061538
35 0.153125 0.655385 0.031250 0.058462
3 0.882500 0.239231 0.020000 0.041538
47 0.786875 0.143846 0.026250 0.041538
0 0.648750 0.673077 0.020000 0.016923
4 0.630000 0.207692 0.020000 0.027692
2 0.206875 0.826923 0.018750 0.020000
30 0.147500 0.518462 0.115000 0.086154
2 0.614375 0.255385 0.023750 0.018462
35 0.786250 0.527692 0.030000 0.049231
2 0.136250 0.828462 0.017500 0.026154
2 0.168750 0.830769 0.020000 0.021538
4 0.238750 0.715385 0.030000 0.027692
1 0.152500 0.865385 0.090000 0.069231
3 0.407500 0.555385 0.042500 0.024615
3 0.794375 0.286923 0.018750 0.050769
8 0.325625 0.145385 0.038750 0.044615
3 0.851250 0.201538 0.052500 0.027692
30 0.500000 0.150769 0.065000 0.101538
8 0.918750 0.206923 0.037500 0.041538
47 0.830000 0.223077 0.030000 0.021538
3 0.301875 0.669231 0.021250 0.058462
2 0.170625 0.890769 0.018750 0.015385
0 0.506250 0.221538 0.032500 0.021538
35 0.718750 0.533077 0.047500 0.044615
0 0.457500 0.598462 0.022500 0.015385
26 0.751875 0.662308 0.181250 0.087692
