1 0.129386 0.861538 0.094298 0.070769
1 0.482456 0.570769 0.129386 0.101538
1 0.632127 0.216154 0.101974 0.081538
1 0.944627 0.153077 0.064693 0.072308
2 0.532346 0.302308 0.027412 0.020000
1 0.170504 0.200769 0.104167 0.087692
3 0.701206 0.476923 0.036184 0.018462
2 0.549342 0.616923 0.024123 0.021538
2 0.746711 0.240000 0.026316 0.021538
0 0.554276 0.458462 0.018640 0.018462
2 0.716557 0.107692 0.016447 0.036923
4 0.099232 0.288462 0.023026 0.032308
2 0.959430 0.278462 0.028509 0.021538
4 0.622807 0.585385 0.021930 0.029231
2 0.099781 0.339231 0.030702 0.023077
4 0.513706 0.252308 0.023026 0.024615
3 0.099232 0.100769 0.014254 0.047692
2 0.323465 0.570000 0.028509 0.020000
2 0.182566 0.828462 0.018640 0.020000
2 0.080592 0.827692 0.018640 0.021538
4 0.552632 0.207692 0.021930 0.027692
4 0.565789 0.254615 0.021930 0.026154
30 0.133772 0.515385 0.089912 0.073846
0 0.202851 0.848462 0.015351 0.016923
0 0.274123 0.720769 0.019737 0.016923
30 0.257675 0.663846 0.067982 0.078462
2 0.075110 0.177692 0.014254 0.032308
47 0.716557 0.223077 0.027412 0.024615
0 0.570175 0.703846 0.019737 0.020000
3 0.928728 0.232308 0.015351 0.043077
0 0.786184 0.306923 0.013158 0.023077
3 0.367873 0.552308 0.033991 0.021538
2 0.132127 0.797692 0.020833 0.020000
3 0.703399 0.266154 0.016447 0.040000
2 0.372807 0.586154 0.026316 0.018462
47 0.702303 0.149231 0.018640 0.036923
0 0.060307 0.847692 0.015351 0.015385
0 0.787829 0.306154 0.014254 0.024615
0 0.400768 0.596923 0.018640 0.021538
35 0.629934 0.529231 0.031798 0.040000
35 0.691338 0.530000 0.029605 0.044615
2 0.663377 0.585385 0.017544 0.038462
0 0.722588 0.464615 0.017544 0.018462
30 0.439145 0.144615 0.062500 0.092308
0 0.444627 0.219231 0.020833 0.023077
2 0.539474 0.256154 0.024123 0.020000
27 0.733553 0.308462 0.065789 0.026154
