1 0.193750 0.314229 0.122500 0.077734
1 0.548750 0.632411 0.145000 0.086957
1 0.719375 0.328063 0.118750 0.068511
4 0.643125 0.361660 0.023750 0.022398
2 0.085625 0.295784 0.016250 0.027668
4 0.113125 0.390646 0.026250 0.027668
2 0.425000 0.646245 0.027500 0.014493
2 0.865000 0.643610 0.015000 0.025033
2 0.093125 0.851779 0.021250 0.017128
2 0.851250 0.349802 0.030000 0.017128
2 0.801875 0.229908 0.016250 0.025033
2 0.956250 0.132411 0.030000 0.017128
2 0.113750 0.434783 0.032500 0.018445
0 0.630625 0.536232 0.021250 0.013175
2 0.607500 0.401845 0.032500 0.018445
47 0.817500 0.335310 0.037500 0.017128
2 0.902500 0.407115 0.017500 0.028986
2 0.369375 0.631752 0.031250 0.017128
3 0.919375 0.090909 0.018750 0.039526
2 0.626250 0.671937 0.025000 0.015810
3 0.113125 0.230567 0.016250 0.039526
0 0.750000 0.555995 0.020000 0.013175
0 0.650000 0.718709 0.025000 0.017128
4 0.629375 0.321476 0.021250 0.023715
4 0.712500 0.644269 0.032500 0.023715
4 0.587500 0.358366 0.022500 0.021080
2 0.207500 0.852437 0.020000 0.015810
0 0.231875 0.870883 0.018750 0.013175
2 0.613125 0.361660 0.026250 0.014493
47 0.787500 0.267457 0.022500 0.031621
2 0.138750 0.906456 0.017500 0.013175
3 0.418750 0.624506 0.042500 0.023715
8 0.956250 0.062582 0.037500 0.032938
35 0.784375 0.593544 0.028750 0.040843
1 0.152500 0.880764 0.112500 0.056653
0 0.455625 0.652833 0.021250 0.019763
30 0.148125 0.587615 0.101250 0.071146
2 0.168750 0.855072 0.020000 0.018445
2 0.168125 0.905138 0.018750 0.015810
30 0.500625 0.268775 0.058750 0.086957
27 0.841875 0.405138 0.071250 0.027668
35 0.717500 0.596179 0.040000 0.043478
0 0.071875 0.869565 0.021250 0.013175
2 0.133125 0.856390 0.031250 0.013175
