1 0.632127 0.215385 0.101974 0.083077
1 0.485746 0.566154 0.129386 0.101538
1 0.944627 0.153077 0.064693 0.072308
2 0.121711 0.890769 0.017544 0.018462
2 0.081140 0.827692 0.017544 0.021538
1 0.170504 0.200769 0.104167 0.087692
2 0.532346 0.302308 0.027412 0.020000
0 0.554276 0.458462 0.018640 0.018462
2 0.549342 0.617692 0.021930 0.020000
4 0.099232 0.288462 0.023026 0.032308
2 0.746162 0.240769 0.027412 0.020000
2 0.959430 0.278462 0.028509 0.021538
4 0.513706 0.253077 0.020833 0.023077
2 0.758224 0.584615 0.014254 0.030769
2 0.099781 0.339231 0.030702 0.023077
3 0.099232 0.100769 0.014254 0.047692
2 0.323465 0.570000 0.026316 0.020000
2 0.702851 0.100000 0.013158 0.030769
4 0.564693 0.253846 0.021930 0.024615
4 0.552632 0.207692 0.021930 0.027692
2 0.790570 0.307692 0.015351 0.033846
30 0.129386 0.520769 0.096491 0.084615
0 0.202851 0.850000 0.015351 0.016923
2 0.075110 0.177692 0.014254 0.032308
47 0.717105 0.223846 0.028509 0.023077
0 0.570175 0.673077 0.019737 0.020000
4 0.625548 0.585385 0.025219 0.029231
2 0.372807 0.586154 0.026316 0.018462
3 0.928728 0.232308 0.015351 0.043077
2 0.181469 0.828462 0.018640 0.020000
3 0.699013 0.479231 0.042763 0.023077
0 0.060307 0.847692 0.015351 0.015385
2 0.538925 0.255385 0.020833 0.018462
3 0.365132 0.553846 0.037281 0.024615
2 0.150219 0.832308 0.021930 0.021538
30 0.435855 0.146923 0.053728 0.118462
0 0.441338 0.220000 0.025219 0.024615
47 0.689145 0.145385 0.020833 0.032308
27 0.731908 0.305385 0.069079 0.023077
0 0.400219 0.594615 0.024123 0.032308
35 0.628838 0.526154 0.038377 0.046154
35 0.686952 0.530000 0.033991 0.044615
0 0.722588 0.466154 0.021930 0.030769
2 0.121162 0.836154 0.018640 0.016923
2 0.146382 0.891538 0.020833 0.016923
1 0.131031 0.861538 0.088816 0.067692
