24 0.375630 0.582880 0.026891 0.042572
24 0.416807 0.582880 0.025210 0.040761
2 0.365966 0.533967 0.019328 0.011775
2 0.484454 0.059330 0.019328 0.013587
2 0.405462 0.532609 0.021008 0.014493
2 0.519748 0.479620 0.012605 0.022645
2 0.430252 0.480072 0.013445 0.023551
24 0.349580 0.516304 0.025210 0.032609
2 0.500420 0.603261 0.024370 0.014493
30 0.471008 0.461957 0.061345 0.041667
2 0.484034 0.131793 0.016807 0.013587
24 0.387395 0.514946 0.023529 0.033514
2 0.444118 0.573370 0.012605 0.018116
26 0.484034 0.582428 0.018487 0.018116
2 0.445798 0.133605 0.021008 0.011775
46 0.428992 0.115489 0.027731 0.033514
46 0.434454 0.039855 0.068908 0.048913
0 0.488655 0.031703 0.012605 0.014493
46 0.464706 0.113225 0.030252 0.036232
0 0.490756 0.111866 0.013445 0.011775
26 0.482353 0.556159 0.028571 0.019928
