1 0.343028 0.311138 0.102652 0.179177
4 0.517536 0.224576 0.015398 0.025424
1 0.782720 0.326271 0.059880 0.214286
2 0.404619 0.319613 0.011976 0.026634
24 0.778015 0.575666 0.028229 0.056901
4 0.483747 0.225787 0.016253 0.025424
2 0.554320 0.248789 0.013687 0.030266
4 0.410180 0.406174 0.017964 0.027845
3 0.214286 0.345642 0.028229 0.015738
2 0.162960 0.426755 0.026518 0.020581
4 0.410607 0.368644 0.017109 0.023002
2 0.679213 0.319007 0.022241 0.018160
4 0.518392 0.274818 0.017109 0.029056
3 0.458512 0.382567 0.029085 0.016949
42 0.727973 0.352300 0.025663 0.019370
3 0.214286 0.296610 0.028229 0.014528
4 0.484175 0.272397 0.018820 0.024213
42 0.742515 0.265738 0.022241 0.015738
2 0.413174 0.236683 0.013687 0.027845
2 0.559880 0.444915 0.024808 0.020581
42 0.505133 0.170702 0.021386 0.016949
42 0.742087 0.315375 0.021386 0.015738
35 0.177502 0.340799 0.024808 0.035109
6 0.457228 0.331719 0.036784 0.014528
3 0.214286 0.381356 0.028229 0.016949
2 0.751497 0.427361 0.017964 0.016949
3 0.496151 0.406174 0.011976 0.032688
4 0.561163 0.368644 0.017109 0.035109
42 0.743370 0.281477 0.022241 0.015738
3 0.697177 0.255448 0.027374 0.014528
3 0.475192 0.169492 0.028229 0.014528
42 0.585971 0.334140 0.023952 0.016949
42 0.741660 0.328692 0.020530 0.013317
42 0.282720 0.247579 0.021386 0.015738
42 0.752352 0.578087 0.021386 0.013317
2 0.752352 0.213680 0.016253 0.018160
3 0.698033 0.303269 0.029085 0.015738
42 0.752352 0.591404 0.021386 0.013317
42 0.740376 0.242736 0.023097 0.018160
2 0.750642 0.556295 0.016253 0.027845
42 0.343456 0.413438 0.021386 0.018160
3 0.307956 0.412833 0.023952 0.016949
42 0.281865 0.262107 0.021386 0.015738
42 0.581694 0.200969 0.022241 0.019370
3 0.215141 0.411017 0.028229 0.023002
3 0.214713 0.253027 0.023952 0.016949
