1 0.105042 0.176923 0.072269 0.084024
2 0.277311 0.618343 0.023529 0.022485
2 0.050420 0.228402 0.025210 0.023669
2 0.554622 0.134320 0.023529 0.020118
26 0.350000 0.573964 0.036134 0.047337
3 0.516387 0.094083 0.010924 0.031953
2 0.277731 0.191716 0.022689 0.023669
1 0.400000 0.124852 0.075630 0.076923
4 0.516807 0.140828 0.020168 0.018935
26 0.267647 0.573373 0.034454 0.048521
4 0.277731 0.137870 0.017647 0.022485
2 0.239916 0.227219 0.024370 0.021302
2 0.406303 0.579882 0.017647 0.026036
2 0.152101 0.227811 0.023529 0.022485
2 0.341176 0.618343 0.023529 0.022485
35 0.136134 0.331953 0.023529 0.036686
3 0.773109 0.241420 0.011765 0.035503
3 0.806303 0.240237 0.012605 0.033136
4 0.306303 0.139645 0.019328 0.018935
2 0.170588 0.325444 0.018487 0.028402
3 0.907563 0.140237 0.011765 0.034320
2 0.306723 0.192308 0.023529 0.022485
3 0.907983 0.442604 0.012605 0.033136
2 0.399580 0.186391 0.024370 0.020118
3 0.806723 0.394083 0.013445 0.033136
6 0.469328 0.069231 0.037815 0.013018
3 0.101681 0.069822 0.028571 0.016568
2 0.211765 0.566864 0.015126 0.030769
3 0.806303 0.092899 0.010924 0.034320
2 0.145798 0.069822 0.015966 0.023669
2 0.679412 0.295266 0.015966 0.029586
0 0.239496 0.086391 0.013445 0.011834
3 0.238655 0.140237 0.011765 0.036686
2 0.939916 0.314201 0.017647 0.027219
3 0.907983 0.289349 0.014286 0.029586
2 0.939496 0.468047 0.016807 0.027219
2 0.944538 0.165680 0.016807 0.026036
2 0.517227 0.182249 0.024370 0.021302
2 0.277731 0.527811 0.021008 0.021302
3 0.462185 0.142012 0.026891 0.014201
2 0.145378 0.101183 0.016807 0.024852
2 0.489916 0.289349 0.018487 0.029586
3 0.100840 0.099408 0.026891 0.016568
2 0.329832 0.289349 0.017647 0.027219
2 0.340756 0.527811 0.021008 0.021302
3 0.773109 0.395266 0.011765 0.035503
4 0.555042 0.095266 0.019328 0.020118
3 0.773109 0.092899 0.010084 0.031953
3 0.101261 0.366864 0.029412 0.016568
4 0.239076 0.187574 0.021008 0.020118
8 0.840756 0.369822 0.026050 0.039053
3 0.276471 0.290533 0.028571 0.015385
26 0.802521 0.633728 0.031933 0.029586
15 0.874790 0.311243 0.028571 0.042604
35 0.777731 0.288757 0.022689 0.026036
8 0.840756 0.068639 0.026050 0.037870
15 0.873950 0.162130 0.028571 0.044970
8 0.840756 0.214793 0.026050 0.036686
35 0.779412 0.139053 0.024370 0.027219
3 0.101681 0.325444 0.028571 0.016568
3 0.646639 0.288757 0.026050 0.014201
29 0.593697 0.294083 0.054622 0.043787
41 0.616807 0.068047 0.025210 0.022485
3 0.445378 0.289349 0.031933 0.024852
3 0.645798 0.301183 0.027731 0.015385
35 0.778571 0.442604 0.026050 0.026036
15 0.874790 0.467456 0.031933 0.042604
26 0.804622 0.540237 0.026050 0.027219
26 0.804622 0.563905 0.027731 0.024852
26 0.804622 0.586982 0.029412 0.028402
26 0.802521 0.657988 0.036975 0.028402
26 0.802941 0.681657 0.039496 0.030769
