1 0.177731 0.195266 0.126891 0.163314
1 0.926050 0.204734 0.060504 0.210651
3 0.214286 0.850296 0.011765 0.034320
2 0.055042 0.280473 0.022689 0.023669
2 0.382353 0.565680 0.021849 0.021302
2 0.655882 0.310059 0.024370 0.021302
2 0.605462 0.311243 0.024370 0.021302
2 0.092017 0.504142 0.022689 0.023669
2 0.285714 0.890533 0.025210 0.022485
1 0.125210 0.769231 0.070588 0.054438
2 0.551681 0.310651 0.024370 0.022485
2 0.385294 0.136686 0.015966 0.029586
4 0.315546 0.158580 0.017647 0.021302
2 0.352941 0.328402 0.025210 0.020118
4 0.348739 0.111834 0.015126 0.024852
24 0.132773 0.539053 0.026891 0.065089
4 0.310504 0.531361 0.017647 0.023669
2 0.239496 0.102367 0.020168 0.022485
3 0.084454 0.849704 0.012605 0.035503
2 0.058824 0.807101 0.023529 0.023669
24 0.221849 0.544379 0.028571 0.099408
4 0.315126 0.111834 0.016807 0.024852
3 0.168067 0.851479 0.011765 0.031953
2 0.878151 0.086391 0.018487 0.018935
4 0.349580 0.160947 0.016807 0.026036
2 0.877731 0.304142 0.021008 0.018935
3 0.605882 0.272781 0.013445 0.029586
3 0.084874 0.171006 0.028571 0.015385
3 0.840756 0.135503 0.026050 0.015385
3 0.550840 0.272189 0.012605 0.033136
4 0.341176 0.530769 0.018487 0.020118
3 0.655882 0.272781 0.012605 0.029586
4 0.353361 0.253254 0.017647 0.033136
2 0.823109 0.216568 0.022689 0.021302
3 0.290756 0.264497 0.028571 0.015385
3 0.606303 0.223669 0.012605 0.030769
29 0.268487 0.831361 0.032773 0.031953
2 0.254622 0.205917 0.016807 0.026036
4 0.234874 0.289349 0.017647 0.022485
3 0.551261 0.224260 0.011765 0.031953
3 0.605882 0.177515 0.013445 0.033136
3 0.550420 0.176923 0.013445 0.034320
21 0.656303 0.223669 0.013445 0.033136
1 0.675210 0.533728 0.496639 0.146746
3 0.841176 0.184024 0.026891 0.015385
3 0.193697 0.779882 0.027731 0.016568
4 0.252941 0.253846 0.016807 0.020118
3 0.082773 0.252071 0.026050 0.021302
3 0.268908 0.147929 0.030252 0.023669
6 0.293277 0.214793 0.048739 0.024852
5 0.192857 0.802959 0.019328 0.024852
5 0.193697 0.827219 0.024370 0.023669
