24 0.307297 0.333136 0.015181 0.041420
1 0.216944 0.322485 0.044074 0.098225
2 0.153771 0.427811 0.013712 0.020118
2 0.164545 0.272189 0.010774 0.016568
2 0.152057 0.272781 0.012243 0.017751
2 0.248776 0.391124 0.011753 0.020118
2 0.263222 0.391716 0.013222 0.021302
16 0.134182 0.344970 0.021548 0.036686
4 0.152057 0.315385 0.010284 0.027219
4 0.164300 0.314201 0.011263 0.029586
23 0.163810 0.382840 0.014202 0.024852
6 0.175073 0.345562 0.023996 0.016568
2 0.251224 0.253254 0.009794 0.030769
3 0.248776 0.298817 0.017630 0.017751
3 0.256611 0.315385 0.013712 0.015385
23 0.271792 0.347337 0.009794 0.027219
23 0.279138 0.346746 0.010774 0.023669
23 0.287218 0.345562 0.009305 0.028402
