1 0.142437 0.159763 0.071429 0.085207
1 0.474370 0.255621 0.091597 0.092308
1 0.530252 0.508284 0.055462 0.050888
2 0.450420 0.652071 0.026891 0.021302
3 0.390756 0.188757 0.010084 0.036686
2 0.461345 0.510059 0.015126 0.028402
3 0.356723 0.188757 0.010924 0.034320
24 0.193277 0.572781 0.026891 0.037870
2 0.228151 0.598817 0.021008 0.018935
2 0.283193 0.124260 0.011765 0.028402
24 0.657983 0.230178 0.028571 0.036686
2 0.474370 0.368047 0.027731 0.021302
3 0.348319 0.258580 0.010924 0.034320
2 0.088235 0.220710 0.025210 0.020118
2 0.260504 0.504734 0.021849 0.017751
3 0.533613 0.306509 0.011765 0.040237
2 0.626050 0.251479 0.025210 0.020118
2 0.192857 0.159172 0.012605 0.029586
4 0.544958 0.179882 0.012605 0.026036
2 0.558403 0.113018 0.024370 0.020118
4 0.334874 0.098817 0.015966 0.017751
3 0.448739 0.601775 0.011765 0.036686
0 0.357143 0.049112 0.013445 0.010651
35 0.377731 0.320710 0.024370 0.037870
6 0.361345 0.494675 0.033613 0.011834
3 0.423950 0.572781 0.027731 0.014201
3 0.373109 0.188166 0.010084 0.030769
0 0.231513 0.562722 0.012605 0.010651
4 0.252521 0.546746 0.012605 0.021302
0 0.079412 0.115385 0.014286 0.013018
4 0.334454 0.146154 0.016807 0.017751
35 0.335294 0.331361 0.030252 0.030769
4 0.577311 0.184024 0.020168 0.024852
42 0.634874 0.136095 0.022689 0.078107
4 0.273950 0.547929 0.016807 0.016568
22 0.402521 0.526627 0.020168 0.026036
75 0.647059 0.508876 0.052101 0.026036
