3 0.306303 0.401183 0.012605 0.030769
1 0.425630 0.398817 0.083193 0.075740
3 0.353361 0.430769 0.014286 0.037870
35 0.526471 0.393491 0.022689 0.034320
2 0.352941 0.502367 0.025210 0.022485
4 0.651261 0.388757 0.018487 0.039053
3 0.563025 0.401775 0.028571 0.015385
4 0.256723 0.418343 0.017647 0.029586
3 0.601261 0.342604 0.012605 0.036686
0 0.256723 0.368639 0.014286 0.010651
3 0.601261 0.389349 0.012605 0.035503
42 0.488655 0.389941 0.029412 0.015385
26 0.710924 0.394675 0.020168 0.039053
4 0.306303 0.442012 0.017647 0.017751
3 0.601261 0.437278 0.012605 0.031953
42 0.284034 0.425444 0.030252 0.017751
0 0.586555 0.402367 0.010084 0.016568
