1 0.785714 0.585799 0.080672 0.078107
1 0.785294 0.290533 0.081513 0.076923
1 0.786555 0.438462 0.082353 0.074556
24 0.440336 0.463314 0.026891 0.050888
24 0.440336 0.604142 0.026891 0.050888
1 0.294958 0.621302 0.082353 0.078107
2 0.446218 0.505917 0.021849 0.020118
1 0.294958 0.478698 0.082353 0.076923
1 0.102521 0.142012 0.072269 0.082840
2 0.882353 0.345562 0.023529 0.023669
1 0.786134 0.141420 0.083193 0.076923
2 0.882353 0.493491 0.023529 0.023669
2 0.446218 0.647929 0.023529 0.022485
2 0.168487 0.540237 0.024370 0.022485
4 0.881092 0.601183 0.014286 0.026036
3 0.852941 0.601183 0.011765 0.033136
3 0.852941 0.307101 0.011765 0.036686
2 0.660084 0.350888 0.026050 0.022485
23 0.282353 0.156213 0.015126 0.033136
3 0.852101 0.453846 0.011765 0.036686
2 0.937815 0.316568 0.021849 0.020118
2 0.853782 0.492899 0.020168 0.024852
24 0.931513 0.420710 0.027731 0.048521
2 0.937395 0.612426 0.022689 0.020118
24 0.931933 0.568639 0.026891 0.048521
2 0.446218 0.558580 0.021849 0.021302
2 0.660084 0.647337 0.027731 0.026036
2 0.882353 0.642012 0.023529 0.024852
2 0.391176 0.676923 0.024370 0.023669
2 0.937395 0.168639 0.021008 0.020118
2 0.660504 0.203550 0.025210 0.021302
2 0.147899 0.198225 0.021849 0.022485
4 0.880672 0.306509 0.015126 0.023669
2 0.853361 0.344970 0.021008 0.022485
4 0.881092 0.452663 0.015966 0.024852
2 0.882353 0.198817 0.023529 0.023669
2 0.168908 0.682249 0.025210 0.024852
4 0.881513 0.158580 0.015126 0.021302
24 0.931513 0.272781 0.026050 0.048521
2 0.936555 0.079882 0.019328 0.020118
3 0.852521 0.158580 0.010924 0.033136
24 0.931933 0.124852 0.026891 0.046154
7 0.197479 0.123669 0.025210 0.015385
3 0.360504 0.637278 0.013445 0.034320
0 0.659664 0.105325 0.015126 0.014201
2 0.344118 0.676923 0.019328 0.021302
0 0.168067 0.440828 0.013445 0.013018
2 0.252521 0.221302 0.024370 0.023669
2 0.660084 0.498225 0.026050 0.021302
2 0.391597 0.534911 0.023529 0.023669
2 0.445798 0.416568 0.022689 0.021302
4 0.390336 0.636686 0.015966 0.023669
2 0.907983 0.451479 0.017647 0.020118
23 0.222689 0.156805 0.015126 0.027219
2 0.936975 0.227219 0.020168 0.021302
2 0.834454 0.495266 0.020168 0.024852
3 0.679832 0.142012 0.026891 0.014201
2 0.936975 0.375148 0.021849 0.021302
23 0.252521 0.156213 0.014286 0.033136
2 0.166807 0.236686 0.015966 0.028402
2 0.907983 0.155621 0.017647 0.022485
2 0.936975 0.523077 0.021849 0.023669
3 0.360504 0.496450 0.013445 0.034320
0 0.659664 0.547337 0.016807 0.013018
2 0.835714 0.344970 0.021008 0.022485
0 0.252101 0.104142 0.013445 0.011834
2 0.907983 0.600000 0.017647 0.026036
3 0.679832 0.436686 0.025210 0.014201
2 0.345798 0.534911 0.022689 0.021302
2 0.362185 0.676923 0.021849 0.021302
2 0.360504 0.535503 0.025210 0.022485
2 0.836555 0.197041 0.021008 0.024852
23 0.310924 0.157396 0.015126 0.035503
2 0.937395 0.464497 0.021008 0.020118
4 0.657563 0.608876 0.014286 0.020118
2 0.853782 0.198225 0.020168 0.022485
2 0.054202 0.198817 0.022689 0.021302
0 0.659664 0.398225 0.016807 0.013018
2 0.908403 0.304142 0.018487 0.021302
3 0.679412 0.585207 0.026050 0.015385
0 0.168067 0.582249 0.015126 0.011834
4 0.390336 0.493491 0.014286 0.028402
2 0.837395 0.640828 0.022689 0.022485
2 0.853361 0.642012 0.024370 0.022485
3 0.680672 0.289941 0.023529 0.016568
35 0.233613 0.485799 0.021849 0.029586
2 0.416387 0.634911 0.017647 0.022485
4 0.658403 0.313609 0.015966 0.018935
3 0.112185 0.250888 0.027731 0.014201
4 0.658403 0.460947 0.014286 0.020118
4 0.166807 0.643195 0.015966 0.020118
35 0.233613 0.508284 0.023529 0.031953
35 0.726050 0.170414 0.023529 0.030769
3 0.188655 0.478698 0.026050 0.015385
3 0.111345 0.236095 0.027731 0.015385
2 0.416387 0.492899 0.017647 0.024852
35 0.726471 0.146746 0.026050 0.033136
4 0.657563 0.164497 0.015966 0.023669
0 0.660084 0.250888 0.015966 0.014201
3 0.188235 0.620118 0.023529 0.016568
4 0.168487 0.502367 0.022689 0.017751
35 0.233193 0.624260 0.024370 0.031953
35 0.233613 0.651479 0.028571 0.034320
35 0.726471 0.294083 0.024370 0.034320
35 0.724370 0.318343 0.025210 0.035503
35 0.727311 0.442012 0.022689 0.034320
35 0.726471 0.468047 0.027731 0.034320
35 0.726891 0.590533 0.025210 0.033136
35 0.726891 0.614201 0.023529 0.035503
