35 0.804202 0.234911 0.026891 0.041420
1 0.210924 0.194675 0.062185 0.041420
4 0.311765 0.224852 0.018487 0.033136
1 0.554202 0.228994 0.081513 0.067456
24 0.161345 0.455030 0.025210 0.041420
2 0.777731 0.401775 0.024370 0.020118
4 0.265126 0.223669 0.019328 0.035503
2 0.513025 0.338462 0.026050 0.021302
3 0.798739 0.287574 0.012605 0.035503
3 0.841176 0.287574 0.013445 0.033136
4 0.474790 0.295858 0.018487 0.037870
3 0.453782 0.213018 0.028571 0.014201
4 0.118067 0.229586 0.019328 0.028402
2 0.639076 0.197041 0.022689 0.020118
2 0.163866 0.273373 0.025210 0.018935
2 0.186134 0.476331 0.024370 0.017751
2 0.311765 0.272781 0.025210 0.017751
3 0.743277 0.353846 0.026050 0.014201
2 0.163445 0.172781 0.022689 0.018935
4 0.164286 0.229586 0.017647 0.030769
0 0.428992 0.191716 0.012605 0.014201
3 0.886975 0.287574 0.012605 0.035503
35 0.892857 0.233136 0.026050 0.035503
0 0.118067 0.191124 0.012605 0.010651
75 0.605882 0.271006 0.015126 0.035503
35 0.846639 0.230769 0.027731 0.035503
0 0.641176 0.236686 0.010084 0.018935
0 0.840756 0.186391 0.014286 0.013018
11 0.772269 0.353254 0.018487 0.039053
