1 0.462605 0.491124 0.101681 0.078107
4 0.571429 0.524852 0.020168 0.020118
1 0.115126 0.335503 0.077311 0.074556
2 0.555042 0.404734 0.026050 0.021302
3 0.261345 0.597041 0.028571 0.017751
2 0.309664 0.384615 0.015966 0.033136
2 0.109664 0.420710 0.026050 0.020118
24 0.232773 0.330769 0.031933 0.041420
2 0.316807 0.491124 0.015126 0.030769
24 0.669748 0.509467 0.030252 0.041420
3 0.529832 0.572781 0.012605 0.035503
2 0.588235 0.585799 0.026891 0.021302
6 0.579832 0.476923 0.033613 0.014201
3 0.360084 0.489349 0.027731 0.015385
4 0.368487 0.372189 0.019328 0.024852
3 0.538655 0.502959 0.026891 0.014201
0 0.386975 0.337870 0.015966 0.015385
35 0.356303 0.559172 0.026891 0.031953
0 0.110504 0.256213 0.015966 0.013018
22 0.605042 0.524852 0.016807 0.027219
25 0.371849 0.407101 0.029412 0.030769
35 0.328571 0.557988 0.028571 0.029586
0 0.529832 0.608876 0.012605 0.022485
