3 0.807563 0.342012 0.011765 0.033136
3 0.428992 0.157988 0.012605 0.034320
1 0.689496 0.324260 0.081513 0.066272
29 0.768908 0.446746 0.048739 0.036686
4 0.609664 0.260355 0.017647 0.030769
2 0.105882 0.547337 0.023529 0.022485
4 0.147059 0.508284 0.016807 0.027219
3 0.744538 0.388757 0.013445 0.039053
1 0.191597 0.118343 0.047059 0.082840
1 0.291176 0.559763 0.052941 0.049704
4 0.105462 0.507692 0.019328 0.023669
2 0.403782 0.547337 0.024370 0.022485
3 0.571008 0.260355 0.014286 0.035503
3 0.277731 0.158580 0.012605 0.033136
1 0.376050 0.117160 0.046218 0.082840
2 0.117647 0.262722 0.020168 0.023669
3 0.243697 0.157988 0.013445 0.034320
2 0.186134 0.594083 0.026050 0.023669
24 0.330672 0.294675 0.026050 0.061538
4 0.807143 0.389349 0.019328 0.030769
1 0.206303 0.307101 0.059664 0.060355
3 0.629832 0.425444 0.026050 0.015385
2 0.865546 0.292308 0.023529 0.018935
4 0.403782 0.507692 0.017647 0.023669
2 0.608824 0.345562 0.022689 0.018935
3 0.341176 0.547929 0.011765 0.035503
4 0.828151 0.253846 0.015966 0.027219
2 0.689076 0.258580 0.023529 0.027219
4 0.866387 0.343195 0.016807 0.030769
4 0.365546 0.507692 0.018487 0.023669
2 0.268908 0.358580 0.021849 0.021302
3 0.184874 0.555621 0.013445 0.036686
3 0.629832 0.461538 0.027731 0.014201
2 0.907563 0.428994 0.025210 0.022485
2 0.349160 0.198817 0.024370 0.021302
2 0.306723 0.358580 0.025210 0.021302
2 0.163866 0.198817 0.025210 0.021302
4 0.571429 0.305325 0.020168 0.028402
4 0.865966 0.253254 0.017647 0.026036
3 0.184874 0.508284 0.013445 0.034320
0 0.416807 0.067456 0.015126 0.011834
2 0.407143 0.199408 0.024370 0.020118
4 0.789496 0.254438 0.017647 0.026036
3 0.836134 0.343195 0.011765 0.035503
2 0.794538 0.500000 0.024370 0.020118
2 0.252101 0.605917 0.021849 0.021302
0 0.231092 0.067456 0.013445 0.011834
3 0.462185 0.157988 0.013445 0.034320
0 0.403361 0.475148 0.013445 0.010651
0 0.105042 0.474556 0.013445 0.009467
2 0.222269 0.199408 0.024370 0.020118
6 0.787815 0.315385 0.031092 0.010651
26 0.907983 0.342012 0.017647 0.037870
0 0.088655 0.279882 0.014286 0.013018
0 0.571008 0.227219 0.012605 0.011834
0 0.088655 0.327219 0.014286 0.013018
0 0.117227 0.381065 0.015966 0.011834
0 0.298739 0.257396 0.014286 0.013018
22 0.226891 0.485207 0.025210 0.023669
20 0.141176 0.312426 0.021849 0.040237
35 0.505042 0.407692 0.025210 0.039053
0 0.247899 0.267456 0.013445 0.011834
6 0.290336 0.482840 0.039496 0.021302
35 0.533613 0.395858 0.025210 0.034320
35 0.567227 0.408284 0.023529 0.033136
35 0.597059 0.397041 0.026050 0.034320
0 0.865126 0.220710 0.019328 0.015385
