1 0.176891 0.525444 0.106723 0.085207
3 0.621429 0.271006 0.010924 0.030769
3 0.671849 0.271006 0.010924 0.030769
3 0.646639 0.271598 0.010924 0.029586
3 0.696639 0.271598 0.010084 0.031953
1 0.146218 0.281065 0.070588 0.159763
2 0.306723 0.333728 0.023529 0.018935
3 0.176891 0.434911 0.012605 0.036686
1 0.437815 0.253846 0.080672 0.069822
2 0.258403 0.306509 0.014286 0.030769
2 0.544538 0.260355 0.015126 0.030769
2 0.254622 0.236095 0.013445 0.029586
4 0.246639 0.496450 0.019328 0.024852
3 0.596218 0.271006 0.010924 0.035503
2 0.097899 0.594083 0.017647 0.028402
2 0.697899 0.366272 0.022689 0.020118
4 0.369748 0.295266 0.020168 0.017751
4 0.340336 0.294675 0.018487 0.016568
4 0.247059 0.436095 0.018487 0.024852
0 0.533613 0.227219 0.013445 0.011834
3 0.159244 0.594083 0.027731 0.016568
4 0.307143 0.294675 0.019328 0.018935
2 0.271429 0.466272 0.020168 0.023669
8 0.386555 0.482249 0.026891 0.039053
3 0.138235 0.398225 0.029412 0.015385
2 0.097059 0.343195 0.012605 0.030769
0 0.257563 0.397041 0.009244 0.017751
0 0.697479 0.189941 0.013445 0.013018
3 0.360924 0.443787 0.029412 0.014201
2 0.098319 0.212426 0.011765 0.029586
51 0.500000 0.247929 0.028571 0.017751
0 0.307143 0.186391 0.014286 0.013018
2 0.193697 0.356805 0.019328 0.020118
0 0.328992 0.415976 0.010924 0.015385
2 0.193277 0.196450 0.016807 0.018935
3 0.230672 0.308284 0.026050 0.015385
11 0.702101 0.324260 0.015966 0.037870
0 0.273109 0.526627 0.011765 0.021302
3 0.731092 0.324852 0.025210 0.017751
35 0.588235 0.232544 0.025210 0.029586
0 0.214286 0.197041 0.011765 0.013018
0 0.468067 0.481657 0.010084 0.021302
0 0.328992 0.482249 0.010924 0.020118
35 0.099160 0.473373 0.026891 0.033136
42 0.501681 0.272189 0.028571 0.018935
0 0.215966 0.352663 0.013445 0.011834
2 0.325630 0.443195 0.015966 0.024852
3 0.369748 0.237278 0.026891 0.015385
3 0.225630 0.236095 0.027731 0.022485
22 0.439496 0.452663 0.021849 0.027219
35 0.616807 0.228994 0.025210 0.029586
35 0.642857 0.230178 0.025210 0.029586
35 0.668487 0.230178 0.026050 0.029586
35 0.696218 0.228994 0.026050 0.029586
