1 0.489076 0.330769 0.077311 0.074556
3 0.672269 0.224852 0.026891 0.016568
4 0.794538 0.353846 0.017647 0.040237
2 0.084034 0.118935 0.025210 0.020118
4 0.423950 0.436686 0.019328 0.030769
18 0.503782 0.569822 0.021008 0.036686
3 0.668067 0.188757 0.028571 0.015385
4 0.831933 0.354438 0.016807 0.041420
2 0.794538 0.414201 0.026050 0.021302
2 0.431092 0.317751 0.013445 0.024852
4 0.718908 0.352663 0.017647 0.035503
3 0.360924 0.223077 0.012605 0.034320
42 0.899160 0.320118 0.031933 0.022485
3 0.580252 0.355030 0.026050 0.016568
2 0.550840 0.273373 0.024370 0.018935
4 0.760504 0.350296 0.015126 0.037870
2 0.425210 0.485207 0.025210 0.021302
35 0.365546 0.279290 0.033613 0.035503
4 0.440756 0.233136 0.017647 0.037870
47 0.630252 0.224852 0.026891 0.016568
4 0.760084 0.218935 0.017647 0.026036
18 0.592017 0.569231 0.021008 0.035503
2 0.798739 0.279290 0.027731 0.021302
51 0.082353 0.065680 0.031933 0.017751
6 0.585294 0.186982 0.034454 0.014201
75 0.855882 0.248521 0.027731 0.018935
35 0.334874 0.277515 0.027731 0.036686
42 0.231513 0.189941 0.032773 0.022485
23 0.798319 0.214793 0.016807 0.029586
47 0.631092 0.272189 0.025210 0.016568
3 0.424370 0.384615 0.013445 0.035503
75 0.043277 0.100000 0.026050 0.020118
75 0.856303 0.188757 0.028571 0.017751
3 0.672269 0.272189 0.026891 0.016568
75 0.044118 0.064497 0.024370 0.020118
48 0.558824 0.218935 0.021849 0.044970
8 0.532353 0.188166 0.026050 0.040237
