1 0.142017 0.495266 0.070588 0.086391
1 0.190336 0.189941 0.079832 0.074556
1 0.575630 0.188757 0.045378 0.062722
3 0.129832 0.188757 0.024370 0.015385
3 0.096639 0.188757 0.023529 0.013018
24 0.871429 0.143195 0.025210 0.040237
2 0.515546 0.472189 0.012605 0.028402
2 0.097059 0.273373 0.022689 0.018935
2 0.626471 0.297041 0.024370 0.018935
3 0.772689 0.195266 0.029412 0.014201
24 0.924370 0.142012 0.025210 0.040237
2 0.126050 0.273964 0.023529 0.017751
24 0.580672 0.485799 0.026891 0.041420
3 0.298319 0.110059 0.011765 0.030769
2 0.269328 0.273373 0.022689 0.018935
1 0.686134 0.194675 0.052941 0.050888
3 0.370588 0.111834 0.011765 0.031953
2 0.243697 0.273373 0.021849 0.018935
3 0.452941 0.471598 0.026891 0.015385
4 0.740336 0.139645 0.018487 0.037870
4 0.126471 0.234911 0.014286 0.022485
4 0.095798 0.236095 0.018487 0.020118
3 0.626050 0.258580 0.011765 0.034320
2 0.068908 0.188166 0.013445 0.026036
4 0.244118 0.236686 0.017647 0.021302
4 0.269328 0.236686 0.015966 0.021302
0 0.072269 0.214201 0.011765 0.018935
2 0.623529 0.491124 0.015126 0.028402
26 0.822689 0.142012 0.018487 0.037870
2 0.247059 0.103550 0.021849 0.022485
0 0.268487 0.108876 0.010924 0.014201
0 0.413025 0.458580 0.014286 0.013018
30 0.385294 0.520118 0.064706 0.057988
35 0.321429 0.164497 0.024370 0.040237
35 0.491176 0.478107 0.026050 0.037870
0 0.299160 0.076923 0.015126 0.016568
35 0.293277 0.163314 0.026891 0.037870
35 0.367647 0.162722 0.026050 0.036686
35 0.392017 0.161538 0.024370 0.039053
35 0.489916 0.515976 0.026891 0.035503
0 0.648319 0.478698 0.015966 0.022485
