1 0.456716 0.436555 0.058507 0.059664
1 0.303582 0.435294 0.054328 0.065546
4 0.490149 0.472269 0.015522 0.016807
2 0.337612 0.475210 0.017313 0.014286
2 0.458209 0.511345 0.019701 0.015966
3 0.413731 0.439076 0.017910 0.014286
3 0.373134 0.460084 0.020299 0.014286
2 0.305672 0.522689 0.015522 0.013445
3 0.504179 0.435294 0.016119 0.011765
2 0.378806 0.413445 0.011343 0.020168
75 0.542388 0.468067 0.017313 0.011765
0 0.304776 0.491176 0.013731 0.014286
0 0.334627 0.396639 0.012537 0.016807
3 0.357910 0.432353 0.019701 0.015966
4 0.385373 0.442017 0.013731 0.016807
3 0.359104 0.416807 0.018507 0.020168
75 0.291045 0.502521 0.016119 0.010084
75 0.290448 0.513445 0.016119 0.010084
0 0.355522 0.449580 0.016119 0.011765
3 0.504179 0.445378 0.016119 0.011765
35 0.527164 0.450000 0.014328 0.024370
35 0.545970 0.442437 0.011343 0.026050
75 0.542388 0.479832 0.017313 0.011765
