4 0.458403 0.373373 0.019328 0.020118
1 0.547479 0.355621 0.086555 0.076923
75 0.779832 0.436095 0.033613 0.029586
4 0.634034 0.301183 0.019328 0.024852
75 0.780672 0.343787 0.035294 0.029586
4 0.718487 0.395858 0.018487 0.031953
2 0.467227 0.509467 0.021849 0.020118
2 0.440756 0.511834 0.021008 0.017751
2 0.626050 0.450296 0.025210 0.022485
2 0.676471 0.268047 0.023529 0.020118
21 0.441597 0.460355 0.014286 0.033136
4 0.403361 0.260947 0.020168 0.027219
2 0.379832 0.260355 0.013445 0.028402
4 0.282353 0.382840 0.016807 0.029586
2 0.457983 0.404734 0.023529 0.018935
4 0.247059 0.383432 0.016807 0.028402
2 0.592437 0.450296 0.025210 0.022485
2 0.415966 0.510651 0.021849 0.017751
2 0.677311 0.450888 0.025210 0.018935
4 0.314706 0.383432 0.019328 0.023669
75 0.220588 0.331361 0.034454 0.028402
5 0.365126 0.438462 0.017647 0.027219
4 0.676050 0.301183 0.019328 0.024852
3 0.415546 0.464497 0.012605 0.041420
75 0.220168 0.436095 0.033613 0.029586
4 0.676471 0.395266 0.018487 0.030769
2 0.365546 0.534911 0.025210 0.018935
4 0.466807 0.465089 0.019328 0.021302
6 0.449160 0.321893 0.056303 0.028402
2 0.634874 0.268639 0.022689 0.018935
5 0.391176 0.436686 0.019328 0.026036
3 0.453361 0.261538 0.039496 0.014201
3 0.416807 0.382840 0.010084 0.043787
22 0.544538 0.258580 0.021849 0.027219
3 0.389496 0.379882 0.010924 0.042604
15 0.373950 0.495858 0.038655 0.042604
3 0.626050 0.393491 0.016807 0.055621
