1 0.705042 0.141420 0.053782 0.069822
1 0.705462 0.259763 0.054622 0.067456
3 0.605462 0.171598 0.012605 0.035503
2 0.705882 0.352071 0.023529 0.022485
3 0.373109 0.141420 0.025210 0.015385
1 0.209244 0.246154 0.073950 0.139645
4 0.134454 0.346746 0.018487 0.016568
3 0.403361 0.247337 0.026891 0.016568
3 0.454622 0.223077 0.025210 0.015385
2 0.109244 0.408876 0.026891 0.022485
3 0.461765 0.141420 0.024370 0.015385
4 0.281513 0.142604 0.016807 0.027219
4 0.108403 0.347337 0.020168 0.017751
2 0.835714 0.357396 0.022689 0.023669
2 0.260924 0.391124 0.027731 0.020118
0 0.836134 0.072781 0.015126 0.013018
3 0.154202 0.282249 0.027731 0.015385
42 0.080672 0.296450 0.033613 0.017751
42 0.080672 0.284024 0.035294 0.018935
3 0.605882 0.277515 0.013445 0.039053
3 0.407563 0.170414 0.025210 0.016568
3 0.154202 0.296450 0.027731 0.015385
4 0.260504 0.325444 0.020168 0.026036
4 0.457143 0.249112 0.018487 0.022485
41 0.269328 0.229586 0.014286 0.014201
22 0.118487 0.245562 0.018487 0.034320
3 0.373109 0.223669 0.026891 0.016568
8 0.811345 0.136686 0.042857 0.067456
4 0.461765 0.171006 0.015966 0.022485
41 0.269748 0.205917 0.013445 0.011834
5 0.366807 0.169822 0.021008 0.020118
8 0.810924 0.276331 0.055462 0.072189
0 0.272269 0.255030 0.015126 0.017751
4 0.289496 0.263905 0.012605 0.021302
41 0.288235 0.276331 0.021849 0.013018
6 0.276891 0.288166 0.041176 0.013018
0 0.306723 0.288166 0.010084 0.013018
5 0.363445 0.249704 0.019328 0.023669
48 0.542857 0.198225 0.038655 0.041420
48 0.538235 0.287574 0.042857 0.042604
0 0.706723 0.061538 0.020168 0.018935
