3 0.353782 0.305325 0.013445 0.037870
3 0.794538 0.305917 0.014286 0.036686
2 0.793277 0.422485 0.023529 0.018935
3 0.853361 0.495266 0.029412 0.015385
24 0.521008 0.159763 0.026891 0.040237
4 0.533613 0.419527 0.018487 0.020118
2 0.121849 0.222485 0.020168 0.021302
2 0.353361 0.421302 0.026050 0.018935
3 0.794538 0.378107 0.014286 0.034320
3 0.353361 0.378107 0.012605 0.036686
4 0.933193 0.419527 0.019328 0.020118
3 0.496218 0.401775 0.029412 0.013018
3 0.437395 0.524852 0.029412 0.015385
3 0.907983 0.401775 0.027731 0.015385
2 0.932773 0.463314 0.025210 0.020118
4 0.234454 0.170414 0.016807 0.026036
4 0.454202 0.447929 0.014286 0.022485
2 0.676471 0.464497 0.021849 0.022485
2 0.437395 0.337870 0.024370 0.020118
3 0.277731 0.353846 0.029412 0.014201
3 0.214706 0.353846 0.031092 0.014201
4 0.269328 0.166864 0.015966 0.021302
3 0.735714 0.353846 0.031092 0.014201
4 0.251681 0.166864 0.012605 0.021302
2 0.534454 0.463314 0.025210 0.020118
3 0.277731 0.449112 0.029412 0.015385
36 0.844118 0.404142 0.046218 0.055621
3 0.193277 0.206509 0.030252 0.015385
2 0.168487 0.421893 0.019328 0.027219
0 0.352941 0.274556 0.013445 0.014201
3 0.214706 0.448521 0.029412 0.016568
4 0.453361 0.481065 0.014286 0.027219
0 0.794538 0.274556 0.012605 0.014201
3 0.735714 0.449112 0.027731 0.015385
4 0.285714 0.167456 0.016807 0.022485
4 0.378151 0.131953 0.016807 0.017751
4 0.377731 0.063314 0.014286 0.024852
36 0.431092 0.402367 0.050420 0.066272
6 0.209664 0.127811 0.036134 0.014201
2 0.498319 0.447929 0.020168 0.022485
4 0.378571 0.107692 0.015966 0.014201
4 0.380252 0.084024 0.014286 0.021302
