4 0.853782 0.348521 0.021849 0.022485
1 0.853782 0.400592 0.073950 0.053254
1 0.215546 0.263314 0.064706 0.072189
3 0.769748 0.437870 0.013445 0.035503
2 0.210924 0.739645 0.025210 0.021302
3 0.055042 0.690533 0.010924 0.036686
2 0.328571 0.339053 0.025210 0.020118
4 0.412185 0.335503 0.017647 0.041420
3 0.210504 0.684615 0.012605 0.036686
2 0.210504 0.616568 0.026050 0.021302
4 0.521849 0.295266 0.016807 0.036686
2 0.068067 0.339053 0.025210 0.020118
2 0.457983 0.489941 0.026891 0.023669
2 0.521429 0.366864 0.024370 0.018935
3 0.116387 0.543195 0.027731 0.016568
3 0.243697 0.679290 0.013445 0.037870
2 0.083613 0.617751 0.019328 0.021302
3 0.084454 0.690533 0.012605 0.034320
2 0.084034 0.749112 0.023529 0.018935
4 0.286134 0.294675 0.022689 0.021302
2 0.142857 0.616568 0.023529 0.021302
3 0.117227 0.579290 0.026050 0.015385
4 0.735294 0.365680 0.016807 0.037870
2 0.689076 0.410059 0.023529 0.024852
2 0.768487 0.475148 0.021008 0.024852
6 0.360504 0.263314 0.036975 0.010651
2 0.092437 0.481657 0.021849 0.021302
3 0.458403 0.424260 0.012605 0.039053
3 0.558824 0.295266 0.011765 0.039053
43 0.099160 0.442604 0.021849 0.033136
2 0.107143 0.649704 0.014286 0.028402
22 0.327311 0.298225 0.015966 0.035503
23 0.113866 0.288757 0.015966 0.037870
0 0.631092 0.297041 0.011765 0.021302
0 0.042437 0.243195 0.012605 0.010651
3 0.769328 0.354438 0.012605 0.041420
3 0.457983 0.334911 0.013445 0.040237
3 0.167227 0.300592 0.011765 0.033136
23 0.487815 0.291716 0.015966 0.029586
2 0.799160 0.399408 0.016807 0.024852
43 0.101681 0.414201 0.025210 0.026036
0 0.957983 0.417160 0.013445 0.013018
4 0.668908 0.343787 0.013445 0.031953
2 0.799160 0.399408 0.016807 0.024852
23 0.068487 0.285799 0.015966 0.031953
23 0.043277 0.291716 0.019328 0.029586
6 0.861765 0.296450 0.037815 0.015385
3 0.285714 0.255030 0.030252 0.015385
23 0.644958 0.346154 0.019328 0.027219
0 0.089916 0.400592 0.015126 0.015385
