24 0.329412 0.850888 0.026891 0.106509
1 0.373950 0.381065 0.159664 0.400000
24 0.196218 0.850888 0.026050 0.066272
2 0.786134 0.450296 0.022689 0.017751
4 0.092017 0.318343 0.017647 0.026036
2 0.118487 0.420118 0.021849 0.016568
42 0.479832 0.456805 0.030252 0.014201
2 0.147899 0.419527 0.021849 0.017751
14 0.092017 0.265089 0.044538 0.054438
35 0.898319 0.433728 0.028571 0.036686
0 0.794538 0.121302 0.014286 0.013018
3 0.852941 0.437278 0.028571 0.017751
4 0.147059 0.382840 0.020168 0.015385
42 0.480252 0.443195 0.029412 0.017751
4 0.117647 0.382840 0.020168 0.017751
2 0.672269 0.548521 0.023529 0.020118
3 0.176471 0.549112 0.013445 0.035503
4 0.092437 0.212426 0.013445 0.027219
0 0.672689 0.417160 0.014286 0.013018
2 0.239496 0.820710 0.011765 0.024852
4 0.103782 0.578107 0.012605 0.024852
2 0.139076 0.602959 0.021008 0.017751
4 0.596639 0.484024 0.020168 0.016568
4 0.655882 0.483432 0.019328 0.017751
4 0.626471 0.482840 0.019328 0.016568
4 0.835714 0.165089 0.014286 0.024852
6 0.070588 0.351479 0.035294 0.016568
27 0.107143 0.547337 0.051261 0.013018
27 0.836134 0.204734 0.055462 0.014201
4 0.684034 0.482249 0.018487 0.017751
0 0.944958 0.427219 0.017647 0.018935
0 0.286975 0.811243 0.015966 0.017751
