1 0.740336 0.462722 0.072269 0.066272
6 0.848319 0.442012 0.034454 0.013018
1 0.744958 0.681657 0.071429 0.068639
1 0.210504 0.675740 0.073109 0.071006
1 0.219328 0.468639 0.072269 0.066272
1 0.244538 0.197041 0.070588 0.069822
4 0.383193 0.701775 0.020168 0.016568
4 0.912185 0.489349 0.019328 0.017751
4 0.424370 0.494675 0.018487 0.018935
4 0.873529 0.697041 0.019328 0.018935
4 0.646639 0.636686 0.019328 0.018935
4 0.415126 0.700592 0.018487 0.018935
4 0.915546 0.707692 0.017647 0.018935
4 0.672269 0.418343 0.018487 0.017751
4 0.945378 0.488757 0.020168 0.016568
4 0.142857 0.631361 0.018487 0.017751
4 0.121429 0.424852 0.019328 0.016568
7 0.576050 0.660947 0.027731 0.015385
4 0.113866 0.631361 0.019328 0.017751
4 0.390756 0.495858 0.018487 0.016568
3 0.912185 0.442604 0.029412 0.016568
3 0.147059 0.177515 0.028571 0.016568
4 0.949160 0.708284 0.019328 0.020118
4 0.642857 0.418343 0.018487 0.017751
4 0.676891 0.636686 0.021008 0.016568
7 0.071429 0.655621 0.026891 0.016568
4 0.348319 0.485207 0.017647 0.016568
3 0.916387 0.661538 0.027731 0.016568
4 0.151681 0.424852 0.019328 0.016568
3 0.340756 0.177515 0.026050 0.016568
3 0.382773 0.654438 0.029412 0.014201
3 0.391176 0.448521 0.027731 0.016568
7 0.567227 0.442604 0.026891 0.014201
4 0.869748 0.478107 0.018487 0.016568
35 0.644958 0.481065 0.021008 0.039053
35 0.117227 0.697041 0.019328 0.035503
3 0.096218 0.681065 0.012605 0.031953
3 0.105042 0.475148 0.013445 0.029586
4 0.340756 0.690533 0.019328 0.017751
22 0.819748 0.620710 0.026050 0.022485
3 0.596639 0.466864 0.013445 0.034320
35 0.125630 0.486982 0.021008 0.036686
35 0.115546 0.730769 0.022689 0.036686
6 0.319328 0.653254 0.035294 0.014201
7 0.063866 0.449112 0.026891 0.017751
6 0.852941 0.659172 0.035294 0.016568
22 0.285294 0.614793 0.022689 0.024852
3 0.599580 0.690533 0.014286 0.029586
22 0.814706 0.402367 0.022689 0.023669
35 0.648319 0.694675 0.021008 0.044970
35 0.647899 0.739645 0.021849 0.042604
35 0.124790 0.526036 0.022689 0.041420
22 0.293277 0.408284 0.018487 0.028402
6 0.330672 0.446746 0.039496 0.017751
35 0.644958 0.514793 0.024370 0.040237
