3 0.152836 0.677731 0.009552 0.024370
1 0.283881 0.673529 0.053134 0.054622
1 0.719104 0.663866 0.053134 0.052101
1 0.280896 0.487395 0.054328 0.052101
3 0.191343 0.716387 0.008955 0.024370
1 0.542388 0.239496 0.048358 0.094118
1 0.692836 0.487815 0.050746 0.052941
1 0.280896 0.226050 0.051940 0.048739
3 0.191343 0.676471 0.010149 0.025210
3 0.477612 0.258403 0.019104 0.012605
2 0.692836 0.577311 0.018507 0.015126
3 0.349254 0.212185 0.020299 0.012605
3 0.582388 0.669748 0.010149 0.028571
3 0.654925 0.628151 0.021493 0.012605
3 0.627463 0.452101 0.020299 0.011765
3 0.558806 0.497899 0.009552 0.024370
4 0.605672 0.669328 0.012537 0.015966
3 0.211940 0.212185 0.020299 0.012605
3 0.215522 0.452521 0.020299 0.012605
4 0.420896 0.681933 0.013134 0.014286
4 0.579403 0.492857 0.012537 0.012605
4 0.238806 0.715546 0.014328 0.021008
3 0.217910 0.636134 0.021493 0.013445
4 0.582388 0.706303 0.012537 0.019328
2 0.281194 0.577311 0.017910 0.015126
3 0.627164 0.706303 0.010149 0.024370
4 0.325373 0.631933 0.017910 0.018487
1 0.725373 0.240756 0.016716 0.051261
4 0.647761 0.530672 0.013134 0.022689
4 0.152239 0.715546 0.013134 0.014286
1 0.801194 0.253361 0.041791 0.056303
3 0.627463 0.669748 0.009552 0.025210
4 0.167761 0.492437 0.011940 0.013445
2 0.719701 0.753782 0.017313 0.016807
0 0.836119 0.212185 0.012537 0.015966
4 0.674925 0.705882 0.013731 0.021849
4 0.235821 0.530252 0.013134 0.020168
3 0.481194 0.205462 0.020299 0.012605
2 0.740597 0.264286 0.010149 0.015966
3 0.148955 0.493697 0.011343 0.027731
4 0.735522 0.447899 0.013134 0.016807
4 0.322687 0.447479 0.016119 0.017647
4 0.149552 0.531092 0.013731 0.018487
0 0.747164 0.215126 0.011343 0.011765
3 0.379104 0.665126 0.017910 0.012605
4 0.417313 0.497479 0.011940 0.018487
4 0.762388 0.626471 0.016716 0.017647
35 0.244776 0.642017 0.017910 0.030252
4 0.400299 0.681513 0.012537 0.013445
4 0.599403 0.211765 0.014328 0.018487
22 0.128060 0.476891 0.016119 0.017647
35 0.652239 0.455882 0.017313 0.027731
4 0.169851 0.679412 0.010149 0.017647
4 0.856716 0.672689 0.010746 0.019328
22 0.540000 0.476050 0.016119 0.017647
4 0.829552 0.497479 0.012537 0.018487
3 0.187463 0.495378 0.010746 0.024370
3 0.188060 0.534454 0.010746 0.023529
35 0.240299 0.458403 0.016119 0.027731
6 0.349254 0.480252 0.029851 0.012605
3 0.376418 0.482353 0.017313 0.015126
4 0.397612 0.500000 0.011940 0.013445
22 0.132239 0.665126 0.012537 0.019328
6 0.352239 0.666387 0.025075 0.011765
2 0.283284 0.765966 0.012537 0.010924
3 0.481493 0.222269 0.018507 0.012605
3 0.600597 0.184874 0.019104 0.015126
3 0.754925 0.220588 0.013731 0.009244
0 0.763881 0.214706 0.005373 0.007563
2 0.775522 0.213445 0.010746 0.010084
4 0.769552 0.221008 0.005970 0.011765
3 0.836418 0.234454 0.009552 0.018487
2 0.861791 0.263025 0.006567 0.011765
0 0.863582 0.281513 0.007761 0.008403
4 0.557910 0.533613 0.013731 0.008403
3 0.600597 0.495378 0.008358 0.022689
3 0.600000 0.533613 0.010746 0.023529
6 0.762090 0.482353 0.031642 0.013445
3 0.787761 0.482773 0.018507 0.019328
4 0.808955 0.500420 0.014328 0.014286
22 0.566269 0.655882 0.013731 0.017647
35 0.679104 0.634874 0.014925 0.031092
6 0.789254 0.659664 0.028657 0.013445
3 0.814030 0.659244 0.019701 0.014286
4 0.835821 0.675210 0.014328 0.014286
