1 0.817612 0.645378 0.063881 0.082353
3 0.358507 0.208824 0.019701 0.010924
3 0.131045 0.270588 0.008955 0.023529
1 0.465970 0.201261 0.104478 0.142017
4 0.883582 0.664706 0.014328 0.018487
2 0.785075 0.276471 0.016716 0.013445
3 0.042090 0.270588 0.008955 0.023529
1 0.123582 0.465546 0.044179 0.112605
4 0.122090 0.876050 0.013731 0.017647
4 0.920000 0.664286 0.014328 0.021008
2 0.555821 0.367647 0.017910 0.014286
4 0.764776 0.599160 0.014328 0.015126
2 0.587761 0.369748 0.017313 0.015126
2 0.530448 0.240756 0.010149 0.021008
1 0.851642 0.228992 0.055522 0.052941
3 0.068657 0.271008 0.008358 0.024370
24 0.417313 0.674370 0.019104 0.036134
2 0.600299 0.172689 0.016119 0.012605
4 0.092836 0.876471 0.012537 0.016807
2 0.531045 0.368487 0.016119 0.014286
2 0.569552 0.171849 0.015522 0.012605
3 0.436716 0.333193 0.017313 0.010924
4 0.555522 0.337815 0.011343 0.018487
24 0.098507 0.726471 0.019104 0.063025
3 0.531045 0.290756 0.008955 0.023529
4 0.385373 0.161765 0.012537 0.019328
2 0.407463 0.071429 0.008955 0.016807
2 0.416119 0.334454 0.010746 0.020168
2 0.815224 0.276891 0.017313 0.012605
3 0.394030 0.190756 0.017910 0.013445
0 0.068955 0.246218 0.008955 0.008403
4 0.746567 0.598739 0.013731 0.015966
4 0.785075 0.249580 0.013134 0.018487
0 0.041791 0.246218 0.009552 0.010084
0 0.131940 0.251681 0.010746 0.012605
2 0.407761 0.092017 0.010746 0.017647
3 0.492239 0.336975 0.019701 0.010084
0 0.092836 0.843697 0.010149 0.008403
2 0.868358 0.564286 0.013731 0.012605
4 0.569552 0.143277 0.013134 0.012605
2 0.814030 0.209244 0.014925 0.013445
4 0.477612 0.107143 0.014328 0.017647
2 0.528955 0.178571 0.016716 0.015966
42 0.095224 0.116807 0.023284 0.013445
2 0.561493 0.268067 0.016119 0.015126
2 0.588358 0.267647 0.017313 0.014286
0 0.785075 0.209244 0.010746 0.010084
4 0.431940 0.091597 0.012537 0.015126
0 0.098209 0.245378 0.010149 0.008403
4 0.561493 0.237815 0.013731 0.015126
3 0.160000 0.270588 0.010746 0.021849
2 0.098507 0.557143 0.015522 0.013445
0 0.918806 0.615966 0.010746 0.010084
3 0.531343 0.330672 0.008358 0.021008
42 0.095522 0.135294 0.022687 0.013445
4 0.588358 0.237395 0.014925 0.015966
0 0.160597 0.246218 0.010746 0.008403
2 0.385672 0.133613 0.014328 0.013445
42 0.093433 0.094958 0.023284 0.013445
3 0.584776 0.329412 0.011343 0.025210
3 0.435522 0.309244 0.018507 0.011765
2 0.413731 0.308403 0.011940 0.018487
42 0.096716 0.041597 0.025075 0.014286
3 0.098209 0.270168 0.010149 0.022689
42 0.094328 0.080252 0.025075 0.015966
4 0.600000 0.143277 0.013134 0.014286
4 0.433134 0.071849 0.008955 0.014286
41 0.062687 0.041176 0.014328 0.011765
41 0.061791 0.057983 0.014925 0.010084
41 0.062388 0.079832 0.016119 0.011765
41 0.062090 0.096639 0.017910 0.010084
41 0.063284 0.115966 0.017910 0.011765
41 0.062687 0.134454 0.020299 0.013445
42 0.096418 0.060084 0.025672 0.014286
0 0.093134 0.428151 0.007164 0.012605
0 0.094030 0.502941 0.008955 0.017647
24 0.114627 0.726891 0.015522 0.067227
2 0.093433 0.906303 0.019701 0.014286
2 0.121791 0.906303 0.017910 0.014286
35 0.326269 0.205042 0.018507 0.030252
0 0.366269 0.170168 0.010149 0.009244
3 0.392537 0.201261 0.019701 0.012605
6 0.527761 0.128992 0.025075 0.012605
0 0.600299 0.123109 0.014925 0.017647
0 0.588657 0.211345 0.011940 0.014286
0 0.531940 0.271008 0.013134 0.012605
2 0.512836 0.337395 0.013134 0.021008
0 0.400000 0.661765 0.009552 0.010924
2 0.399701 0.697059 0.016119 0.014286
2 0.888657 0.204622 0.017313 0.017647
2 0.911940 0.237815 0.011343 0.023529
2 0.745672 0.572269 0.016716 0.015126
2 0.764179 0.571429 0.015522 0.015126
0 0.734925 0.624790 0.011940 0.012605
0 0.737015 0.638655 0.014925 0.013445
2 0.845970 0.694118 0.019104 0.018487
4 0.869254 0.588655 0.014328 0.010924
2 0.883881 0.696218 0.016119 0.012605
2 0.920597 0.696218 0.015522 0.014286
