1 0.075630 0.112426 0.062185 0.087574
1 0.089916 0.354438 0.067227 0.086391
2 0.035714 0.361538 0.017647 0.027219
35 0.179832 0.271598 0.026891 0.031953
4 0.310504 0.128994 0.021008 0.026036
1 0.216387 0.195858 0.047899 0.053254
0 0.184454 0.172781 0.012605 0.011834
2 0.360924 0.271598 0.017647 0.024852
35 0.146218 0.272781 0.023529 0.029586
2 0.118908 0.157988 0.019328 0.022485
2 0.338655 0.130178 0.018487 0.030769
2 0.187395 0.103550 0.015126 0.017751
2 0.286555 0.272781 0.015126 0.024852
2 0.142857 0.386982 0.015126 0.026036
2 0.148319 0.194675 0.015966 0.024852
2 0.119328 0.067456 0.018487 0.021302
4 0.310924 0.076923 0.016807 0.023669
3 0.159244 0.107101 0.026050 0.015385
2 0.338655 0.076331 0.016807 0.027219
2 0.142017 0.326036 0.015126 0.029586
2 0.128992 0.294083 0.015966 0.020118
2 0.024370 0.120118 0.016807 0.029586
3 0.158824 0.119527 0.025210 0.016568
0 0.307563 0.281065 0.013445 0.013018
0 0.141176 0.372189 0.011765 0.017751
30 0.321849 0.239645 0.063866 0.048521
2 0.189076 0.120710 0.018487 0.021302
0 0.286134 0.075148 0.015966 0.020118
6 0.268487 0.168639 0.036134 0.020118
3 0.167647 0.217160 0.024370 0.022485
