24 0.609664 0.263905 0.032773 0.035503
1 0.172689 0.442012 0.079832 0.072189
1 0.575630 0.147337 0.078992 0.076923
24 0.205882 0.281065 0.031933 0.036686
24 0.210504 0.849704 0.031092 0.035503
1 0.176471 0.732544 0.080672 0.075740
1 0.562605 0.620118 0.081513 0.073373
1 0.571429 0.384615 0.078992 0.073373
2 0.218487 0.652663 0.025210 0.020118
3 0.092857 0.188757 0.012605 0.036686
0 0.113866 0.369231 0.014286 0.011834
2 0.470168 0.687574 0.024370 0.021302
3 0.495378 0.170414 0.012605 0.035503
0 0.639916 0.545562 0.014286 0.011834
1 0.172689 0.165089 0.078151 0.074556
0 0.504202 0.545562 0.015126 0.011834
4 0.256723 0.768047 0.017647 0.023669
2 0.080252 0.509467 0.024370 0.020118
24 0.205882 0.559763 0.031933 0.037870
2 0.080252 0.233136 0.024370 0.018935
2 0.214286 0.363905 0.023529 0.020118
2 0.479412 0.451479 0.024370 0.020118
3 0.491597 0.407101 0.011765 0.035503
4 0.652101 0.419527 0.016807 0.024852
3 0.096639 0.754438 0.013445 0.034320
4 0.095798 0.117751 0.015126 0.024852
24 0.605462 0.498817 0.032773 0.034320
2 0.482773 0.215385 0.024370 0.018935
4 0.494958 0.336686 0.016807 0.024852
4 0.499160 0.099408 0.015126 0.026036
2 0.084454 0.799408 0.026050 0.020118
24 0.596639 0.736686 0.031933 0.036686
3 0.482773 0.643195 0.014286 0.034320
3 0.092857 0.465680 0.012605 0.036686
24 0.247899 0.280473 0.030252 0.037870
0 0.516807 0.072189 0.015126 0.011834
2 0.267647 0.804734 0.012605 0.028402
0 0.113445 0.090533 0.015126 0.013018
24 0.247479 0.558580 0.031092 0.037870
3 0.630252 0.382840 0.023529 0.015385
2 0.666807 0.217160 0.012605 0.029586
4 0.095798 0.395858 0.018487 0.024852
0 0.248319 0.368639 0.012605 0.010651
4 0.486134 0.572189 0.019328 0.022485
2 0.613445 0.304142 0.020168 0.016568
3 0.623109 0.618343 0.026050 0.013018
4 0.100420 0.684615 0.015966 0.024852
3 0.231933 0.443195 0.025210 0.015385
3 0.235294 0.733136 0.025210 0.015385
0 0.651681 0.072781 0.015966 0.013018
2 0.653782 0.690533 0.015126 0.027219
35 0.260084 0.137870 0.017647 0.034320
2 0.213866 0.085799 0.022689 0.022485
3 0.634454 0.143787 0.021849 0.013018
2 0.605462 0.540237 0.022689 0.020118
4 0.643697 0.655030 0.016807 0.022485
2 0.263866 0.513018 0.013445 0.029586
0 0.248319 0.090533 0.014286 0.013018
4 0.252941 0.478107 0.016807 0.021302
35 0.652941 0.592308 0.023529 0.036686
3 0.635294 0.163905 0.021849 0.015385
3 0.623109 0.632544 0.026050 0.013018
3 0.232353 0.176331 0.022689 0.014201
3 0.231933 0.456805 0.025210 0.014201
3 0.230672 0.162722 0.019328 0.013018
2 0.661765 0.455030 0.012605 0.029586
2 0.263445 0.235503 0.012605 0.030769
24 0.651681 0.261538 0.032773 0.035503
4 0.252941 0.201183 0.015126 0.021302
4 0.655882 0.184024 0.015966 0.020118
24 0.647479 0.498817 0.031092 0.034320
2 0.618067 0.067456 0.022689 0.018935
0 0.513025 0.309467 0.014286 0.013018
3 0.629832 0.397041 0.024370 0.015385
24 0.639496 0.740237 0.031933 0.034320
24 0.251261 0.846746 0.033613 0.034320
35 0.262185 0.413018 0.023529 0.037870
35 0.243277 0.136095 0.022689 0.030769
35 0.242857 0.410651 0.021849 0.030769
0 0.116387 0.658580 0.015966 0.015385
0 0.251261 0.657988 0.015126 0.016568
35 0.244958 0.700592 0.027731 0.035503
35 0.264706 0.706509 0.028571 0.033136
3 0.234874 0.745562 0.029412 0.014201
35 0.647899 0.117160 0.023529 0.026036
35 0.663866 0.117751 0.025210 0.031953
0 0.647059 0.310651 0.016807 0.013018
35 0.641597 0.353254 0.029412 0.036686
35 0.662185 0.356213 0.023529 0.035503
35 0.635294 0.591124 0.023529 0.031953
