4 0.504622 0.330178 0.017647 0.021302
1 0.425210 0.306509 0.072269 0.066272
4 0.273529 0.230178 0.015966 0.031953
2 0.252521 0.285207 0.022689 0.021302
1 0.672689 0.507101 0.066387 0.150296
2 0.622269 0.173964 0.026050 0.021302
2 0.622269 0.298225 0.024370 0.018935
2 0.633193 0.420710 0.019328 0.020118
26 0.658403 0.320118 0.036134 0.048521
3 0.331933 0.265089 0.028571 0.016568
2 0.717227 0.565680 0.014286 0.028402
3 0.331933 0.300000 0.026891 0.015385
3 0.268908 0.372189 0.028571 0.015385
3 0.479412 0.347929 0.012605 0.033136
2 0.424370 0.396450 0.026891 0.021302
4 0.542857 0.330178 0.016807 0.026036
3 0.353361 0.372189 0.029412 0.015385
2 0.632773 0.582840 0.020168 0.017751
2 0.707143 0.421893 0.021008 0.022485
4 0.307563 0.229586 0.013445 0.028402
3 0.268908 0.330178 0.028571 0.014201
4 0.239916 0.222485 0.017647 0.018935
16 0.663445 0.203550 0.037815 0.037870
0 0.588655 0.440237 0.014286 0.011834
0 0.588655 0.545562 0.015966 0.011834
2 0.424790 0.250888 0.021008 0.021302
4 0.428571 0.200000 0.025210 0.023669
0 0.280252 0.292308 0.012605 0.016568
4 0.303361 0.330769 0.020168 0.022485
2 0.642437 0.227811 0.012605 0.010651
0 0.239076 0.185799 0.014286 0.011834
6 0.334454 0.198817 0.042017 0.016568
22 0.365546 0.223077 0.020168 0.022485
0 0.542017 0.291716 0.018487 0.013018
