0 0.404202 0.120710 0.011765 0.011834
14 0.554622 0.662130 0.048739 0.053254
1 0.119328 0.198225 0.075630 0.164497
2 0.563025 0.530178 0.023529 0.021302
1 0.177311 0.518343 0.077311 0.066272
4 0.933193 0.224260 0.010924 0.020118
4 0.222269 0.476923 0.017647 0.016568
2 0.218908 0.677515 0.024370 0.022485
2 0.273529 0.636095 0.024370 0.022485
2 0.607143 0.673373 0.014286 0.030769
1 0.262185 0.183432 0.045378 0.068639
24 0.322269 0.614201 0.026050 0.040237
1 0.563866 0.468639 0.072269 0.044970
3 0.104622 0.472781 0.010924 0.031953
4 0.247479 0.476331 0.017647 0.015385
2 0.394538 0.251479 0.024370 0.022485
1 0.365126 0.182840 0.047899 0.067456
24 0.308824 0.869231 0.027731 0.062722
4 0.273529 0.595858 0.017647 0.022485
2 0.176891 0.438462 0.021008 0.020118
2 0.294118 0.252071 0.023529 0.021302
4 0.272689 0.476331 0.017647 0.013018
1 0.724790 0.201775 0.328571 0.318343
2 0.510084 0.648521 0.013445 0.026036
2 0.177731 0.192308 0.017647 0.022485
2 0.722689 0.380473 0.025210 0.020118
24 0.829412 0.558580 0.105882 0.040237
2 0.352941 0.114201 0.020168 0.020118
2 0.251681 0.114793 0.021008 0.021302
4 0.297899 0.476923 0.017647 0.014201
4 0.238655 0.595858 0.016807 0.022485
2 0.128992 0.869231 0.015966 0.027219
4 0.614286 0.489941 0.018487 0.023669
0 0.293697 0.155621 0.012605 0.013018
2 0.961765 0.224260 0.012605 0.024852
4 0.134034 0.471598 0.017647 0.020118
4 0.934034 0.249704 0.012605 0.023669
4 0.504202 0.069822 0.011765 0.021302
2 0.134874 0.414793 0.021008 0.020118
2 0.476050 0.071006 0.012605 0.028402
2 0.070588 0.133136 0.018487 0.020118
24 0.832773 0.649112 0.105882 0.039053
4 0.504622 0.094675 0.014286 0.023669
27 0.092437 0.889941 0.035294 0.021302
3 0.219328 0.568639 0.011765 0.029586
27 0.218487 0.627219 0.016807 0.056805
24 0.831092 0.456805 0.112605 0.033136
0 0.321429 0.501775 0.009244 0.016568
0 0.193697 0.108876 0.015966 0.014201
6 0.304202 0.548521 0.011765 0.043787
27 0.094118 0.840828 0.042017 0.027219
4 0.117227 0.431361 0.014286 0.022485
2 0.176050 0.121302 0.015966 0.022485
4 0.385294 0.130769 0.017647 0.020118
35 0.116807 0.625444 0.021849 0.031953
0 0.096639 0.502367 0.008403 0.020118
35 0.133613 0.615976 0.021849 0.031953
35 0.163025 0.627811 0.021849 0.031953
35 0.180672 0.615976 0.021849 0.031953
3 0.257143 0.524852 0.030252 0.020118
58 0.199580 0.857396 0.066387 0.034320
6 0.540756 0.079882 0.034454 0.015385
4 0.513445 0.487574 0.026891 0.018935
