1 0.080252 0.536095 0.073109 0.087574
35 0.858403 0.618935 0.029412 0.037870
1 0.283193 0.518935 0.090756 0.055621
3 0.042857 0.194083 0.013445 0.033136
1 0.357983 0.213609 0.127731 0.207101
2 0.205882 0.192308 0.023529 0.024852
3 0.815546 0.614201 0.027731 0.014201
1 0.575630 0.498225 0.045378 0.080473
4 0.886555 0.171006 0.020168 0.022485
2 0.143697 0.245562 0.023529 0.022485
1 0.297479 0.869231 0.036975 0.062722
2 0.043277 0.298225 0.022689 0.021302
2 0.525630 0.559763 0.024370 0.021302
24 0.447059 0.495858 0.025210 0.037870
2 0.596218 0.592899 0.027731 0.026036
4 0.142857 0.207692 0.018487 0.022485
4 0.542017 0.177515 0.018487 0.021302
2 0.122689 0.687574 0.025210 0.026036
24 0.081933 0.856213 0.027731 0.062722
0 0.142857 0.155621 0.011765 0.013018
2 0.140756 0.849704 0.014286 0.028402
3 0.665126 0.467456 0.012605 0.033136
2 0.542017 0.215976 0.023529 0.022485
2 0.345378 0.902367 0.023529 0.022485
4 0.344538 0.856213 0.018487 0.020118
3 0.664286 0.523669 0.012605 0.034320
2 0.199160 0.850296 0.015126 0.029586
2 0.487395 0.558580 0.025210 0.021302
2 0.886975 0.217160 0.024370 0.022485
2 0.366387 0.605325 0.025210 0.024852
35 0.259244 0.417160 0.029412 0.029586
3 0.782353 0.135503 0.013445 0.031953
4 0.626050 0.500592 0.020168 0.021302
0 0.344538 0.823669 0.015126 0.009467
0 0.042857 0.155621 0.011765 0.013018
2 0.664706 0.571006 0.025210 0.022485
3 0.147479 0.595858 0.014286 0.041420
24 0.745798 0.176923 0.029412 0.065089
0 0.205882 0.139645 0.013445 0.014201
0 0.886555 0.137870 0.013445 0.013018
4 0.386975 0.524852 0.019328 0.034320
2 0.913025 0.450888 0.022689 0.021302
2 0.812605 0.171006 0.016807 0.020118
0 0.344958 0.451479 0.015966 0.013018
4 0.525210 0.519527 0.018487 0.021302
0 0.794118 0.598817 0.011765 0.011834
0 0.189496 0.386982 0.014286 0.014201
29 0.860504 0.440237 0.047059 0.033136
3 0.786134 0.217160 0.012605 0.036686
0 0.117227 0.828994 0.012605 0.010651
2 0.592437 0.215976 0.021849 0.022485
4 0.043697 0.253846 0.020168 0.020118
3 0.214286 0.413609 0.028571 0.017751
3 0.281513 0.571598 0.026891 0.016568
35 0.258403 0.465089 0.029412 0.023669
0 0.786134 0.257396 0.015966 0.013018
4 0.697899 0.519527 0.017647 0.021302
0 0.542857 0.426627 0.016807 0.015385
0 0.131092 0.461538 0.015126 0.014201
0 0.781933 0.097633 0.014286 0.013018
4 0.592857 0.177515 0.014286 0.016568
0 0.664706 0.427219 0.015126 0.014201
0 0.626050 0.444379 0.015126 0.013018
0 0.084454 0.159763 0.014286 0.014201
6 0.115126 0.169822 0.040336 0.013018
14 0.565546 0.153846 0.020168 0.023669
0 0.829412 0.182249 0.010084 0.016568
15 0.485714 0.488166 0.026891 0.046154
0 0.217647 0.863314 0.016807 0.017751
