1 0.150149 0.425630 0.057910 0.078151
2 0.206269 0.721849 0.018507 0.020168
2 0.179104 0.721849 0.019104 0.020168
2 0.233134 0.721429 0.018507 0.021008
2 0.152836 0.722269 0.019104 0.021008
1 0.347761 0.405882 0.100896 0.556303
2 0.528955 0.784874 0.019104 0.018487
2 0.314328 0.785294 0.018507 0.017647
4 0.205970 0.673529 0.011940 0.026050
2 0.475224 0.785294 0.017910 0.019328
4 0.179403 0.673950 0.011343 0.026891
4 0.233134 0.672689 0.011343 0.026050
2 0.501791 0.784874 0.017313 0.018487
4 0.528955 0.727731 0.011940 0.028571
2 0.514328 0.258403 0.012537 0.021008
2 0.107761 0.347899 0.016119 0.016807
4 0.152537 0.673109 0.012537 0.026891
3 0.438806 0.258403 0.019104 0.012605
4 0.501791 0.726891 0.012537 0.026891
2 0.197313 0.348739 0.017313 0.018487
4 0.313433 0.741597 0.014328 0.021008
4 0.340299 0.702521 0.015522 0.016807
4 0.474328 0.728151 0.013731 0.026050
2 0.497910 0.673950 0.014328 0.021849
0 0.259403 0.244118 0.012537 0.012605
4 0.083881 0.395378 0.012537 0.019328
3 0.438209 0.460084 0.019104 0.012605
4 0.056716 0.395798 0.013134 0.018487
0 0.108955 0.649580 0.008955 0.016807
2 0.497910 0.627731 0.013134 0.020168
2 0.497910 0.552101 0.013134 0.020168
2 0.628657 0.321429 0.013134 0.021008
0 0.572239 0.704622 0.010149 0.015966
4 0.445075 0.627731 0.014925 0.018487
2 0.337910 0.068067 0.015522 0.015126
3 0.594328 0.320588 0.022090 0.014286
2 0.092239 0.457143 0.011343 0.018487
3 0.438806 0.443697 0.019104 0.015126
0 0.217910 0.413025 0.009552 0.017647
35 0.480896 0.404202 0.018507 0.021849
21 0.442388 0.551681 0.028657 0.022689
6 0.441194 0.701261 0.023881 0.010924
2 0.213731 0.461765 0.011940 0.019328
0 0.037015 0.415546 0.010746 0.017647
0 0.037015 0.451261 0.013134 0.016807
0 0.217015 0.447899 0.012537 0.013445
35 0.476119 0.265126 0.020896 0.029412
35 0.482388 0.356303 0.023881 0.023529
35 0.478806 0.373950 0.019104 0.021849
35 0.477015 0.422689 0.019104 0.023529
22 0.434627 0.677311 0.015522 0.016807
