1 0.138041 0.398325 0.036896 0.041866
1 0.324003 0.298445 0.042409 0.028708
1 0.077608 0.133672 0.053435 0.084330
1 0.799406 0.298146 0.042409 0.028110
1 0.149915 0.720694 0.078456 0.106459
1 0.526081 0.858852 0.030110 0.090909
1 0.646310 0.296950 0.029686 0.028110
1 0.564249 0.298146 0.041137 0.028110
2 0.109203 0.963816 0.013147 0.011364
1 0.881467 0.296950 0.028414 0.028110
2 0.235369 0.561603 0.012723 0.010766
1 0.888041 0.165670 0.042409 0.041866
1 0.223070 0.136364 0.053435 0.082536
1 0.406701 0.296950 0.027990 0.029306
2 0.816582 0.211124 0.014843 0.011962
2 0.460348 0.229366 0.013995 0.012560
2 0.581425 0.211423 0.013571 0.011364
1 0.648007 0.607955 0.061069 0.058014
1 0.429177 0.170455 0.043257 0.037081
3 0.091391 0.353768 0.013995 0.008971
2 0.685751 0.223983 0.013571 0.011364
1 0.653308 0.167165 0.042833 0.038876
2 0.598601 0.333134 0.013995 0.010766
1 0.123834 0.539175 0.023749 0.067584
2 0.833121 0.335227 0.014843 0.011364
2 0.547922 0.688397 0.012723 0.009569
2 0.920059 0.223983 0.010602 0.011364
24 0.268660 0.922548 0.015691 0.048445
3 0.409669 0.935108 0.006785 0.020933
3 0.065522 0.354067 0.013995 0.009569
2 0.358142 0.334629 0.014843 0.011364
0 0.119169 0.052632 0.009330 0.009569
2 0.309796 0.752691 0.012299 0.010167
29 0.326760 0.583732 0.021628 0.023923
2 0.231340 0.811005 0.010602 0.011962
3 0.234945 0.507775 0.008482 0.017943
3 0.831213 0.399821 0.015267 0.010167
3 0.846692 0.148026 0.008058 0.018541
3 0.570823 0.616029 0.016964 0.009569
23 0.029898 0.405203 0.008058 0.012560
2 0.739822 0.649821 0.011450 0.008971
3 0.369169 0.560706 0.006361 0.018541
16 0.067218 0.264952 0.021628 0.019139
2 0.138253 0.594199 0.013571 0.010167
4 0.152036 0.539474 0.011450 0.011962
3 0.235157 0.536184 0.008906 0.018541
3 0.557888 0.399222 0.013995 0.010167
26 0.971798 0.284689 0.010602 0.015550
4 0.581001 0.122907 0.011026 0.013756
3 0.579941 0.427632 0.007209 0.021531
3 0.846692 0.088218 0.008906 0.019737
3 0.849873 0.298445 0.016115 0.010766
2 0.500848 0.952153 0.013571 0.011962
4 0.179177 0.138756 0.008058 0.011962
27 0.090543 0.949761 0.021628 0.014354
29 0.335666 0.724581 0.015691 0.020933
26 0.496819 0.284689 0.009754 0.013158
3 0.920696 0.190789 0.009330 0.015550
4 0.042197 0.716208 0.008058 0.014952
3 0.313825 0.399522 0.014419 0.010766
3 0.374258 0.297249 0.014843 0.009569
2 0.275869 0.221292 0.013995 0.013158
2 0.604538 0.688995 0.011450 0.010766
4 0.027354 0.718600 0.009754 0.016148
4 0.223070 0.380682 0.009330 0.014952
4 0.567218 0.653110 0.008058 0.017943
4 0.815946 0.123505 0.010178 0.012560
2 0.119169 0.354665 0.008482 0.015550
3 0.822943 0.148325 0.008906 0.017943
4 0.828880 0.680323 0.010602 0.012560
2 0.027354 0.757775 0.011450 0.010766
3 0.483249 0.274821 0.012299 0.012560
3 0.385284 0.093900 0.008058 0.017943
23 0.203350 0.380383 0.008906 0.013158
4 0.466073 0.282895 0.008482 0.013158
4 0.165818 0.539773 0.010178 0.011364
35 0.836514 0.123206 0.013995 0.015550
2 0.132528 0.203648 0.012299 0.013756
2 0.171544 0.221591 0.010602 0.010167
3 0.275021 0.179725 0.007209 0.018541
0 0.106022 0.241029 0.007634 0.008373
2 0.106446 0.288876 0.012723 0.011962
4 0.048558 0.404904 0.010602 0.009569
2 0.048134 0.448565 0.013147 0.011962
4 0.065310 0.378289 0.009330 0.012560
6 0.076124 0.390550 0.019084 0.009569
22 0.096692 0.403409 0.011874 0.012560
22 0.071883 0.535287 0.011450 0.011962
4 0.086514 0.536184 0.008482 0.007775
4 0.099449 0.535885 0.012299 0.008373
0 0.235157 0.487141 0.008058 0.008971
0 0.028202 0.675538 0.009754 0.011364
2 0.061493 0.814593 0.011874 0.010766
27 0.090543 0.876495 0.023325 0.014952
27 0.091179 0.910885 0.027142 0.013158
2 0.108355 0.890550 0.009754 0.008373
2 0.108355 0.926435 0.013147 0.009569
42 0.239822 0.905801 0.013995 0.008971
42 0.240246 0.913278 0.014843 0.005981
42 0.240246 0.918959 0.014843 0.005383
42 0.240670 0.924641 0.016539 0.007177
42 0.239610 0.930323 0.014419 0.006579
42 0.240034 0.936902 0.015267 0.007775
3 0.338422 0.427632 0.010178 0.022727
8 0.365564 0.396830 0.018660 0.022129
2 0.365988 0.462022 0.012723 0.011364
2 0.301739 0.612141 0.011450 0.010167
0 0.369593 0.538577 0.012299 0.011364
4 0.357082 0.589414 0.010178 0.016148
4 0.364292 0.729964 0.008482 0.014952
3 0.377863 0.697967 0.006785 0.023923
0 0.378711 0.673744 0.007634 0.007775
42 0.390161 0.885766 0.016964 0.011962
3 0.379771 0.904007 0.013147 0.010167
11 0.406913 0.904605 0.008058 0.017344
3 0.425360 0.885167 0.016964 0.010766
42 0.457591 0.886364 0.018660 0.013158
2 0.410093 0.957237 0.011026 0.010167
3 0.610687 0.088218 0.008482 0.018541
35 0.599873 0.124103 0.014843 0.017344
35 0.615140 0.124402 0.015691 0.017943
3 0.587574 0.148026 0.005513 0.018541
3 0.598388 0.147727 0.006785 0.017943
3 0.610475 0.146830 0.007209 0.017344
3 0.685115 0.191089 0.007209 0.017344
4 0.625742 0.191986 0.010602 0.008373
3 0.614928 0.297249 0.013571 0.009569
4 0.706531 0.284390 0.008482 0.008971
3 0.722858 0.273026 0.013995 0.008971
26 0.736005 0.283493 0.010602 0.010766
8 0.609415 0.398923 0.016115 0.020335
2 0.608779 0.462022 0.009754 0.012560
4 0.547710 0.653409 0.014843 0.010167
3 0.569975 0.623804 0.016964 0.009569
3 0.724555 0.622907 0.017388 0.010167
3 0.785623 0.607356 0.009754 0.020933
3 0.806616 0.590909 0.017812 0.010766
3 0.805344 0.622309 0.020356 0.010167
3 0.805556 0.665371 0.017388 0.012560
3 0.785411 0.681220 0.009330 0.023923
3 0.805556 0.697368 0.019084 0.010766
3 0.806404 0.733852 0.020780 0.011962
3 0.786047 0.750598 0.008058 0.023923
3 0.805768 0.766148 0.019508 0.010766
4 0.829729 0.605263 0.010602 0.010766
4 0.829092 0.747309 0.011026 0.008971
3 0.855174 0.429426 0.008906 0.020335
2 0.881891 0.462919 0.011450 0.011962
8 0.881679 0.397428 0.015267 0.019737
4 0.941688 0.285287 0.012299 0.011962
4 0.860899 0.192584 0.009330 0.008373
3 0.833757 0.148923 0.008482 0.017943
35 0.847964 0.125598 0.015691 0.014354
4 0.356022 0.130084 0.009754 0.010167
2 0.356022 0.217703 0.013147 0.014354
4 0.401612 0.197667 0.012723 0.011364
3 0.460560 0.198266 0.010178 0.020933
3 0.361959 0.152512 0.006361 0.021531
3 0.372137 0.152811 0.008906 0.020933
3 0.386132 0.154007 0.008906 0.018541
35 0.375530 0.131280 0.013995 0.017344
35 0.389525 0.130682 0.013995 0.016148
3 0.958015 0.273026 0.012723 0.010167
4 0.441264 0.912978 0.014843 0.010167
