1 0.165392 0.257752 0.170172 0.290698
1 0.678776 0.736434 0.164436 0.255814
0 0.245698 0.812016 0.013384 0.050388
3 0.523901 0.734496 0.057361 0.050388
0 0.244742 0.639535 0.015296 0.054264
2 0.248566 0.089147 0.034417 0.038760
2 0.248566 0.397287 0.038241 0.050388
4 0.184512 0.812016 0.040153 0.081395
2 0.049713 0.248062 0.026769 0.077519
4 0.184512 0.637597 0.040153 0.081395
3 0.908222 0.734496 0.053537 0.058140
0 0.573614 0.810078 0.015296 0.054264
2 0.434990 0.250000 0.024857 0.073643
2 0.126195 0.812016 0.026769 0.081395
2 0.126195 0.639535 0.026769 0.077519
3 0.370937 0.230620 0.065010 0.042636
35 0.824092 0.761628 0.038241 0.127907
3 0.372849 0.273256 0.065010 0.042636
2 0.583174 0.525194 0.053537 0.065891
0 0.959847 0.693798 0.022945 0.054264
