1 0.169884 0.262097 0.169884 0.290323
2 0.270270 0.094758 0.050193 0.068548
2 0.264479 0.403226 0.061776 0.072581
2 0.046332 0.276210 0.027027 0.100806
2 0.461390 0.254032 0.042471 0.088710
3 0.395753 0.233871 0.065637 0.040323
3 0.391892 0.276210 0.065637 0.044355
2 0.147683 0.766129 0.025097 0.096774
4 0.210425 0.661290 0.034749 0.096774
4 0.213320 0.842742 0.028958 0.088710
0 0.263514 0.657258 0.025097 0.064516
0 0.261583 0.834677 0.028958 0.072581
0 0.472973 0.709677 0.019305 0.064516
2 0.462355 0.842742 0.036680 0.088710
3 0.532819 0.719758 0.054054 0.060484
3 0.529923 0.838710 0.059846 0.056452
3 0.558880 0.602823 0.032819 0.116935
35 0.599421 0.485887 0.048263 0.116935
2 0.657336 0.461694 0.052124 0.068548
1 0.659266 0.745968 0.164093 0.233871
3 0.777027 0.760081 0.055985 0.060484
0 0.778958 0.913306 0.028958 0.052419
2 0.844595 0.758065 0.032819 0.120968
6 0.918919 0.804435 0.038610 0.189516
