1 0.153361 0.136095 0.069748 0.082840
1 0.164286 0.324260 0.061345 0.059172
4 0.555462 0.206509 0.018487 0.020118
1 0.500840 0.171006 0.072269 0.062722
4 0.790336 0.205917 0.019328 0.021302
3 0.503782 0.117751 0.029412 0.015385
24 0.784874 0.430769 0.028571 0.059172
2 0.790756 0.244970 0.023529 0.018935
2 0.294538 0.492308 0.026050 0.021302
4 0.320168 0.153254 0.016807 0.020118
2 0.204622 0.104142 0.012605 0.023669
0 0.731092 0.404734 0.013445 0.011834
3 0.294118 0.394675 0.013445 0.036686
3 0.294958 0.453846 0.013445 0.036686
4 0.268908 0.318343 0.016807 0.023669
4 0.294118 0.337278 0.016807 0.021302
3 0.226891 0.141420 0.025210 0.013018
2 0.590756 0.164497 0.013445 0.026036
2 0.196218 0.401775 0.014286 0.029586
2 0.098319 0.141420 0.011765 0.029586
2 0.313445 0.318343 0.013445 0.028402
2 0.204622 0.166864 0.010924 0.026036
3 0.125630 0.400592 0.024370 0.017751
4 0.164706 0.400000 0.011765 0.026036
2 0.319328 0.186982 0.018487 0.021302
2 0.555042 0.239645 0.019328 0.020118
0 0.756723 0.404734 0.010924 0.011834
2 0.208403 0.305325 0.015126 0.021302
22 0.702521 0.135503 0.025210 0.024852
0 0.790336 0.115976 0.014286 0.014201
0 0.586134 0.188757 0.012605 0.015385
2 0.742437 0.438462 0.015966 0.024852
22 0.260924 0.365680 0.024370 0.023669
0 0.319328 0.124852 0.011765 0.010651
2 0.121849 0.357396 0.018487 0.018935
6 0.232773 0.347929 0.010084 0.049704
8 0.731092 0.205325 0.030252 0.039053
2 0.274790 0.136095 0.013445 0.026036
0 0.243697 0.309467 0.011765 0.013018
0 0.680252 0.114201 0.014286 0.015385
0 0.680672 0.232544 0.013445 0.013018
3 0.226050 0.128994 0.025210 0.016568
0 0.756723 0.457988 0.014286 0.011834
0 0.344538 0.356805 0.016807 0.017751
0 0.410084 0.179882 0.018487 0.018935
35 0.443277 0.146154 0.024370 0.029586
2 0.449580 0.176923 0.015126 0.027219
3 0.561345 0.164497 0.023529 0.018935
0 0.586134 0.118343 0.012605 0.021302
