3 0.172689 0.536095 0.014286 0.033136
3 0.593277 0.578698 0.013445 0.033136
1 0.290336 0.387574 0.155462 0.211834
1 0.372689 0.117751 0.051261 0.124260
2 0.936975 0.416568 0.023529 0.023669
3 0.904622 0.376923 0.012605 0.031953
4 0.206303 0.584615 0.019328 0.023669
3 0.156723 0.562722 0.026050 0.015385
2 0.592857 0.665680 0.027731 0.024852
2 0.521849 0.344970 0.025210 0.022485
4 0.412185 0.476923 0.019328 0.023669
3 0.344958 0.820710 0.015966 0.034320
3 0.278151 0.820118 0.013445 0.035503
3 0.592857 0.627219 0.014286 0.033136
3 0.415966 0.560355 0.026891 0.017751
2 0.131933 0.910651 0.013445 0.029586
2 0.392017 0.624260 0.026050 0.022485
2 0.206303 0.623077 0.024370 0.022485
3 0.836134 0.375740 0.013445 0.031953
4 0.159244 0.478698 0.021008 0.029586
2 0.243277 0.263905 0.017647 0.021302
2 0.482773 0.377515 0.012605 0.023669
4 0.390756 0.585207 0.020168 0.020118
2 0.500840 0.133728 0.021849 0.018935
4 0.437395 0.094675 0.017647 0.028402
3 0.399160 0.534911 0.013445 0.033136
2 0.405042 0.181657 0.021849 0.020118
49 0.180252 0.884615 0.057983 0.081657
0 0.592437 0.473964 0.013445 0.013018
0 0.521008 0.261538 0.015126 0.011834
3 0.407563 0.366272 0.025210 0.015385
3 0.869748 0.375740 0.013445 0.031953
27 0.590336 0.520710 0.019328 0.068639
8 0.335294 0.584615 0.028571 0.033136
23 0.521008 0.299408 0.016807 0.021302
15 0.246218 0.631361 0.026891 0.029586
4 0.743697 0.379290 0.018487 0.022485
0 0.122269 0.855030 0.014286 0.013018
3 0.769328 0.375148 0.014286 0.028402
15 0.481933 0.071006 0.029412 0.033136
35 0.283193 0.871598 0.026891 0.031953
2 0.434454 0.365680 0.015126 0.021302
35 0.376891 0.872189 0.026050 0.023669
4 0.500000 0.094083 0.015126 0.010651
23 0.510084 0.098225 0.015126 0.021302
4 0.539496 0.299408 0.021849 0.016568
4 0.455042 0.354438 0.017647 0.031953
4 0.453782 0.391124 0.016807 0.034320
4 0.267647 0.512426 0.024370 0.018935
4 0.308824 0.513609 0.026050 0.016568
15 0.242857 0.582249 0.031933 0.037870
6 0.288235 0.607692 0.042017 0.020118
2 0.288235 0.640828 0.023529 0.022485
8 0.335714 0.631361 0.027731 0.034320
35 0.305882 0.867456 0.026891 0.028402
35 0.347479 0.869822 0.026050 0.023669
