1 0.406841 0.184245 0.100810 0.191406
49 0.089559 0.182292 0.065707 0.190104
2 0.405941 0.306641 0.016202 0.014323
2 0.508551 0.307292 0.016202 0.013021
2 0.470297 0.195312 0.009901 0.020833
3 0.175968 0.143880 0.022502 0.014323
4 0.509451 0.441406 0.018002 0.018229
3 0.226823 0.494141 0.021602 0.016927
2 0.145815 0.268880 0.014401 0.014323
4 0.464446 0.278646 0.016202 0.015625
3 0.225923 0.272786 0.025203 0.016927
2 0.531953 0.307292 0.014401 0.013021
2 0.464896 0.307292 0.017102 0.013021
3 0.227273 0.455078 0.024302 0.016927
0 0.509451 0.401693 0.016202 0.014323
3 0.518452 0.195964 0.025203 0.016927
0 0.329433 0.309245 0.014401 0.014323
3 0.329433 0.281901 0.012601 0.035156
3 0.176418 0.128906 0.021602 0.015625
2 0.578308 0.195964 0.009901 0.019531
6 0.518452 0.220703 0.023402 0.011719
3 0.351035 0.435547 0.014401 0.035156
3 0.351935 0.486328 0.012601 0.029948
0 0.256976 0.108073 0.013501 0.013021
4 0.468497 0.442057 0.020702 0.019531
3 0.225923 0.331380 0.025203 0.022135
4 0.509451 0.278646 0.016202 0.018229
3 0.226373 0.293620 0.026103 0.019531
0 0.109361 0.345052 0.009901 0.018229
49 0.075158 0.334635 0.026103 0.046875
3 0.351035 0.384115 0.014401 0.039062
2 0.257426 0.230469 0.014401 0.015625
2 0.505851 0.169271 0.010801 0.018229
3 0.225923 0.410156 0.025203 0.018229
4 0.554005 0.195964 0.015302 0.022135
0 0.168767 0.103516 0.013501 0.022135
2 0.212871 0.126953 0.013501 0.016927
2 0.212421 0.143229 0.016202 0.015625
2 0.110711 0.320312 0.012601 0.018229
3 0.256526 0.140625 0.019802 0.031250
3 0.286229 0.141927 0.014401 0.033854
5 0.256526 0.197266 0.019802 0.027344
5 0.288029 0.199219 0.019802 0.026042
2 0.290729 0.226562 0.014401 0.015625
2 0.263276 0.271484 0.013501 0.019531
2 0.264626 0.292969 0.012601 0.018229
2 0.264626 0.331380 0.018002 0.027344
2 0.262826 0.370443 0.012601 0.019531
2 0.264176 0.410156 0.011701 0.020833
2 0.262826 0.455078 0.014401 0.019531
2 0.262826 0.494141 0.012601 0.016927
15 0.407291 0.436198 0.033303 0.044271
2 0.352835 0.518880 0.021602 0.019531
4 0.472997 0.248047 0.011701 0.027344
3 0.486499 0.259766 0.024302 0.016927
3 0.531503 0.279297 0.018902 0.032552
0 0.551305 0.257812 0.013501 0.018229
0 0.505851 0.128255 0.012601 0.014323
4 0.477048 0.139323 0.010801 0.020833
4 0.477498 0.155599 0.015302 0.014323
4 0.477048 0.171224 0.014401 0.019531
2 0.506751 0.143880 0.014401 0.014323
2 0.506301 0.158203 0.009901 0.011719
2 0.505851 0.169271 0.010801 0.018229
