1 0.380000 0.478750 0.152500 0.162500
1 0.538750 0.301250 0.085000 0.132500
4 0.125625 0.311250 0.023750 0.047500
2 0.225625 0.752500 0.031250 0.035000
2 0.126875 0.388750 0.028750 0.032500
2 0.126250 0.676250 0.030000 0.032500
42 0.105000 0.840000 0.030000 0.040000
6 0.706250 0.260000 0.047500 0.020000
24 0.163750 0.798750 0.042500 0.087500
2 0.820000 0.415000 0.030000 0.030000
4 0.818750 0.323750 0.025000 0.062500
4 0.275625 0.701250 0.031250 0.047500
4 0.281875 0.316250 0.021250 0.067500
2 0.193125 0.413750 0.028750 0.032500
2 0.664375 0.391250 0.031250 0.032500
2 0.869375 0.415000 0.033750 0.035000
2 0.092500 0.402500 0.027500 0.030000
4 0.193750 0.315000 0.022500 0.065000
3 0.306250 0.636250 0.017500 0.087500
42 0.067500 0.261250 0.030000 0.032500
75 0.130000 0.587500 0.037500 0.035000
42 0.906250 0.262500 0.030000 0.035000
75 0.149375 0.887500 0.038750 0.035000
24 0.057500 0.727500 0.047500 0.065000
42 0.068750 0.800000 0.030000 0.040000
23 0.094375 0.310000 0.028750 0.045000
23 0.869375 0.312500 0.021250 0.060000
22 0.661875 0.312500 0.023750 0.050000
22 0.626250 0.262500 0.030000 0.040000
3 0.236875 0.316250 0.016250 0.077500
35 0.263750 0.427500 0.035000 0.080000
3 0.162500 0.502500 0.020000 0.085000
35 0.226250 0.427500 0.032500 0.075000
3 0.191250 0.698750 0.050000 0.047500
3 0.777500 0.261250 0.050000 0.042500
