3 0.041962 0.476744 0.017730 0.049834
1 0.701537 0.204319 0.093381 0.209302
1 0.154255 0.201827 0.133570 0.230897
3 0.816785 0.211794 0.018913 0.048173
1 0.386525 0.191860 0.104019 0.124585
3 0.762411 0.202658 0.014184 0.046512
2 0.160757 0.547342 0.033097 0.024917
2 0.154255 0.339701 0.031915 0.024917
4 0.868794 0.107973 0.023641 0.029900
2 0.869385 0.173588 0.034279 0.028239
2 0.454492 0.073090 0.027187 0.026578
2 0.783688 0.268272 0.018913 0.038206
2 0.042553 0.612957 0.030733 0.026578
0 0.043735 0.416113 0.026005 0.021595
2 0.562057 0.348007 0.034279 0.024917
3 0.355201 0.061462 0.039007 0.023256
3 0.455083 0.135382 0.016548 0.048173
4 0.177896 0.491694 0.022459 0.029900
24 0.254728 0.492525 0.046099 0.044850
4 0.142435 0.490033 0.022459 0.029900
3 0.484043 0.143688 0.017730 0.048173
35 0.050236 0.553156 0.036643 0.046512
2 0.817376 0.271595 0.027187 0.024917
4 0.562648 0.284884 0.023641 0.031561
4 0.354610 0.096346 0.026005 0.029900
23 0.117612 0.487542 0.022459 0.038206
48 0.606383 0.154485 0.054374 0.056478
0 0.158983 0.440199 0.029551 0.019934
0 0.486407 0.083887 0.024823 0.021595
6 0.619385 0.250000 0.047281 0.021595
23 0.539007 0.280731 0.021277 0.043189
23 0.916667 0.108804 0.024823 0.041528
20 0.804965 0.136213 0.040189 0.056478
