1 0.362388 0.557563 0.051343 0.113445
1 0.619701 0.426891 0.050149 0.095798
51 0.403284 0.543277 0.022090 0.012605
51 0.403582 0.526471 0.019104 0.012605
4 0.677313 0.404622 0.013731 0.015966
2 0.504776 0.650840 0.017313 0.017647
16 0.360896 0.435714 0.030448 0.029412
3 0.504179 0.621849 0.010149 0.023529
51 0.402985 0.553361 0.021493 0.010924
2 0.379403 0.458824 0.016119 0.015126
3 0.504179 0.523950 0.008955 0.024370
1 0.600299 0.569328 0.050746 0.039496
2 0.651642 0.476050 0.014925 0.012605
0 0.507761 0.439916 0.010149 0.009244
35 0.502687 0.594118 0.017910 0.025210
2 0.562687 0.406303 0.014925 0.014286
2 0.328955 0.509664 0.010746 0.015966
3 0.550149 0.566807 0.018507 0.010924
2 0.567761 0.591597 0.015522 0.015126
3 0.644478 0.550000 0.019701 0.012605
42 0.578507 0.455462 0.021493 0.013445
51 0.401791 0.561345 0.020299 0.011765
0 0.379104 0.424370 0.010746 0.011765
42 0.578806 0.421429 0.020896 0.014286
2 0.329552 0.602101 0.010746 0.015966
2 0.693433 0.623950 0.018507 0.017647
35 0.501791 0.558824 0.016119 0.025210
2 0.678209 0.429832 0.017910 0.017647
3 0.666567 0.567227 0.019701 0.011765
2 0.405373 0.509244 0.013134 0.015126
0 0.683881 0.565546 0.007761 0.011765
2 0.460000 0.374790 0.017313 0.016807
3 0.542985 0.448319 0.019701 0.015966
23 0.460299 0.346639 0.019104 0.021008
75 0.707164 0.581933 0.018507 0.015966
0 0.439403 0.595378 0.010746 0.012605
2 0.529254 0.567647 0.011343 0.022689
51 0.401791 0.570168 0.017910 0.012605
51 0.402388 0.579412 0.025075 0.012605
2 0.403284 0.605882 0.013731 0.020168
0 0.437313 0.521849 0.012537 0.013445
0 0.461194 0.325630 0.010149 0.009244
42 0.577612 0.432773 0.020896 0.010084
42 0.580000 0.467227 0.024478 0.013445
0 0.661493 0.349160 0.011940 0.010924
3 0.662985 0.374790 0.010149 0.026891
0 0.506269 0.502101 0.011940 0.010924
0 0.567164 0.552101 0.011940 0.010084
22 0.652239 0.583193 0.013731 0.025210
75 0.709851 0.609664 0.021493 0.021008
