1 0.140896 0.235294 0.063284 0.117647
2 0.045970 0.232773 0.009552 0.021849
24 0.512537 0.756723 0.025672 0.037815
1 0.498806 0.237395 0.053134 0.057983
2 0.587164 0.267227 0.017313 0.015126
24 0.601791 0.643697 0.021493 0.050420
24 0.512836 0.555462 0.021493 0.033613
2 0.220597 0.233193 0.010149 0.021008
24 0.513731 0.654202 0.025672 0.034454
24 0.513433 0.698319 0.023881 0.031933
2 0.106866 0.282773 0.014328 0.014286
42 0.463582 0.153361 0.023284 0.015966
2 0.174030 0.281933 0.014925 0.012605
42 0.189552 0.211765 0.019701 0.015126
2 0.335224 0.237395 0.010149 0.021008
2 0.457015 0.189076 0.010149 0.020168
3 0.414925 0.228571 0.020299 0.011765
2 0.616119 0.611765 0.014328 0.011765
24 0.514328 0.597479 0.024478 0.030252
4 0.588358 0.236134 0.013731 0.018487
2 0.182090 0.194118 0.009552 0.018487
4 0.486269 0.170168 0.013731 0.019328
4 0.532239 0.267227 0.012537 0.015126
2 0.097910 0.194958 0.010746 0.020168
2 0.498507 0.513025 0.015522 0.014286
42 0.455821 0.220588 0.020896 0.014286
35 0.396716 0.224370 0.016119 0.021849
42 0.091642 0.213445 0.019701 0.015126
3 0.354925 0.238235 0.019701 0.014286
3 0.065075 0.233193 0.019104 0.014286
2 0.450448 0.289076 0.017313 0.016807
0 0.591343 0.608824 0.010149 0.010924
3 0.199104 0.233193 0.019701 0.015966
42 0.090149 0.254202 0.023881 0.012605
42 0.187761 0.257563 0.028060 0.015966
0 0.377313 0.230252 0.010746 0.011765
2 0.540896 0.236975 0.016716 0.015126
2 0.532239 0.292017 0.017313 0.010924
6 0.561791 0.221429 0.029851 0.012605
0 0.610746 0.221849 0.009552 0.011765
0 0.528955 0.518908 0.011940 0.014286
