4 0.368263 0.878935 0.021386 0.024213
22 0.710436 0.122881 0.016253 0.030266
1 0.786997 0.498789 0.047904 0.082324
1 0.149701 0.169492 0.106074 0.167070
3 0.334046 0.314770 0.028229 0.014528
1 0.162960 0.490920 0.146279 0.197337
1 0.509410 0.504237 0.050470 0.078692
3 0.389649 0.684019 0.028229 0.016949
3 0.445680 0.685230 0.030796 0.016949
4 0.372113 0.489709 0.015398 0.035109
4 0.594953 0.685835 0.028229 0.023002
2 0.106074 0.297821 0.013687 0.024213
4 0.620616 0.513923 0.017964 0.025424
1 0.487169 0.611985 0.057314 0.054479
3 0.372113 0.188257 0.011976 0.039952
2 0.531223 0.345642 0.023952 0.018160
4 0.619760 0.556901 0.021386 0.026634
4 0.902053 0.490920 0.017964 0.035109
4 0.620188 0.273608 0.015398 0.029056
2 0.047476 0.261501 0.023097 0.019370
3 0.839607 0.461864 0.029940 0.018160
3 0.347305 0.141041 0.029085 0.018160
4 0.590676 0.274818 0.016253 0.031477
3 0.594525 0.636804 0.029085 0.019370
4 0.450813 0.793584 0.029085 0.023002
2 0.338323 0.715496 0.024808 0.019370
3 0.414885 0.835351 0.015398 0.036320
4 0.277588 0.834746 0.017964 0.035109
3 0.388366 0.599274 0.029085 0.016949
35 0.380667 0.355932 0.027374 0.048426
2 0.243798 0.878935 0.013687 0.029056
4 0.560308 0.275424 0.015398 0.027845
3 0.243798 0.794189 0.029085 0.016949
3 0.458084 0.462470 0.029940 0.019370
2 0.439264 0.612591 0.012831 0.021792
3 0.337896 0.648305 0.013687 0.037530
4 0.388366 0.646489 0.022241 0.019370
4 0.619333 0.477603 0.015398 0.023002
4 0.337896 0.490315 0.017109 0.036320
2 0.655689 0.604116 0.011121 0.026634
4 0.619760 0.441283 0.019675 0.018160
3 0.457656 0.534504 0.029085 0.018160
4 0.346022 0.237893 0.028229 0.025424
4 0.269033 0.187651 0.016253 0.026634
4 0.940975 0.489709 0.017109 0.039952
4 0.709581 0.194310 0.017964 0.037530
2 0.428999 0.339588 0.012831 0.027845
3 0.320787 0.188862 0.013687 0.041162
4 0.530368 0.272397 0.018820 0.024213
3 0.334474 0.363801 0.027374 0.015738
4 0.666809 0.194915 0.017964 0.029056
22 0.667237 0.122881 0.017109 0.032688
22 0.192472 0.796610 0.029085 0.031477
2 0.269461 0.250605 0.023952 0.016949
3 0.367836 0.829298 0.027374 0.019370
3 0.838751 0.534504 0.031651 0.018160
8 0.665954 0.387409 0.035073 0.043584
8 0.665526 0.387409 0.034217 0.043584
4 0.595808 0.604116 0.026518 0.019370
35 0.380667 0.304479 0.025663 0.035109
3 0.312233 0.835351 0.013687 0.041162
74 0.688195 0.498184 0.014542 0.018160
8 0.663388 0.320218 0.036784 0.047215
74 0.727117 0.498789 0.015398 0.019370
