1 0.070085 0.442308 0.064957 0.220513
3 0.778632 0.432692 0.023932 0.016667
4 0.479060 0.659615 0.014530 0.016667
49 0.073504 0.625000 0.051282 0.075641
2 0.256838 0.193590 0.023077 0.020513
1 0.765812 0.206410 0.051282 0.074359
1 0.364103 0.451923 0.239316 0.339744
1 0.765812 0.341667 0.049573 0.078205
49 0.190598 0.219231 0.058120 0.053846
1 0.147863 0.881410 0.061538 0.057692
3 0.829060 0.689744 0.011966 0.033333
1 0.588889 0.882051 0.063248 0.056410
2 0.367521 0.771154 0.025641 0.019231
3 0.779060 0.112821 0.026496 0.015385
3 0.580342 0.176282 0.023932 0.014103
1 0.253846 0.883333 0.058120 0.058974
1 0.365812 0.882692 0.059829 0.057692
82 0.076068 0.742308 0.059829 0.076923
2 0.120085 0.326923 0.021368 0.020513
3 0.854274 0.459615 0.011111 0.034615
1 0.475641 0.882051 0.060684 0.056410
24 0.644444 0.362821 0.025641 0.046154
2 0.194444 0.484615 0.014530 0.030769
3 0.872222 0.433333 0.023077 0.015385
3 0.315812 0.189103 0.011111 0.034615
70 0.691453 0.674359 0.052991 0.135897
3 0.067521 0.882692 0.025641 0.016667
4 0.444444 0.212179 0.015385 0.014103
2 0.643590 0.831410 0.013675 0.029487
2 0.880769 0.732692 0.024786 0.019231
70 0.678632 0.214103 0.044444 0.110256
1 0.052991 0.133974 0.037607 0.147436
3 0.905983 0.472436 0.025641 0.016667
2 0.120085 0.783333 0.024786 0.017949
2 0.315385 0.148077 0.018803 0.021795
2 0.678205 0.137821 0.014530 0.026923
4 0.461111 0.661538 0.012821 0.023077
2 0.461538 0.694231 0.023932 0.019231
2 0.462393 0.244231 0.022222 0.019231
2 0.232479 0.243590 0.022222 0.020513
3 0.128632 0.162821 0.011111 0.033333
3 0.854701 0.086538 0.010256 0.032051
2 0.073932 0.933974 0.012821 0.026923
4 0.444444 0.659615 0.013675 0.016667
4 0.461538 0.214103 0.011966 0.023077
2 0.334188 0.146795 0.017094 0.019231
2 0.086752 0.058333 0.019658 0.021795
3 0.220940 0.831410 0.024786 0.016667
4 0.914957 0.205128 0.011111 0.020513
2 0.087179 0.207051 0.022222 0.019231
3 0.760684 0.087179 0.011966 0.033333
3 0.897009 0.689744 0.012821 0.033333
3 0.863675 0.587821 0.028205 0.014103
4 0.935897 0.296154 0.013675 0.020513
3 0.872222 0.114103 0.024786 0.017949
4 0.479487 0.210897 0.015385 0.016667
3 0.829915 0.613462 0.013675 0.039744
2 0.120513 0.553846 0.022222 0.017949
3 0.145299 0.161538 0.010256 0.030769
4 0.940171 0.204487 0.011966 0.021795
2 0.615385 0.104487 0.020513 0.019231
3 0.606410 0.139103 0.024786 0.016667
3 0.230769 0.164103 0.011966 0.033333
2 0.150427 0.251282 0.013675 0.030769
2 0.668803 0.420513 0.012821 0.028205
2 0.566239 0.563462 0.014530 0.026923
23 0.495726 0.660256 0.011966 0.020513
2 0.361966 0.147436 0.023077 0.020513
2 0.120513 0.669231 0.022222 0.017949
3 0.761111 0.614744 0.014530 0.037179
2 0.650855 0.460256 0.017949 0.020513
4 0.889316 0.207051 0.011111 0.024359
2 0.567094 0.435256 0.011111 0.026923
3 0.579915 0.217308 0.024786 0.024359
4 0.863675 0.687821 0.012821 0.021795
3 0.358974 0.717308 0.013675 0.034615
3 0.760684 0.458333 0.011966 0.037179
5 0.794017 0.587821 0.020513 0.024359
4 0.085897 0.903205 0.014530 0.016667
74 0.905556 0.268590 0.014530 0.021795
2 0.888462 0.516667 0.021368 0.020513
2 0.616239 0.462179 0.020513 0.021795
3 0.546154 0.409615 0.025641 0.016667
2 0.629487 0.462821 0.019658 0.023077
74 0.888889 0.303846 0.015385 0.023077
3 0.547009 0.382051 0.023932 0.015385
4 0.144444 0.750641 0.013675 0.021795
35 0.634615 0.074359 0.017949 0.028205
35 0.600855 0.071154 0.017094 0.029487
3 0.579915 0.200641 0.023077 0.014103
4 0.650427 0.492308 0.013675 0.017949
3 0.582906 0.257692 0.025641 0.015385
5 0.555983 0.535256 0.017949 0.021795
3 0.545726 0.394872 0.024786 0.012821
4 0.614957 0.492949 0.012821 0.016667
5 0.761111 0.689103 0.017949 0.024359
35 0.598718 0.428205 0.014530 0.023077
3 0.907692 0.534615 0.023932 0.017949
35 0.670940 0.075641 0.017094 0.035897
3 0.546581 0.381410 0.024786 0.014103
35 0.566239 0.072436 0.016239 0.032051
4 0.542735 0.448718 0.025641 0.017949
4 0.461538 0.214103 0.011966 0.023077
3 0.870940 0.496154 0.022222 0.017949
4 0.864103 0.207051 0.011966 0.021795
4 0.136752 0.233974 0.017094 0.014103
4 0.255128 0.162821 0.014530 0.023077
4 0.144444 0.521795 0.015385 0.017949
4 0.146581 0.636538 0.023077 0.024359
3 0.367521 0.716026 0.013675 0.034615
3 0.376068 0.717308 0.013675 0.034615
6 0.583333 0.505769 0.040171 0.026923
35 0.597009 0.410256 0.014530 0.023077
35 0.597863 0.394872 0.014530 0.023077
3 0.547436 0.425000 0.024786 0.011538
3 0.579915 0.235256 0.024786 0.021795
27 0.645299 0.138462 0.023932 0.020513
5 0.744444 0.691026 0.013675 0.025641
4 0.799573 0.691026 0.019658 0.025641
4 0.914530 0.590385 0.017094 0.026923
4 0.838462 0.215385 0.018803 0.017949
