1 0.674941 0.697987 0.070922 0.087248
1 0.750591 0.295302 0.115839 0.241611
1 0.316194 0.277685 0.102837 0.098993
3 0.562648 0.788591 0.016548 0.050336
3 0.604610 0.596477 0.017730 0.055369
4 0.604019 0.291107 0.023641 0.041946
2 0.443853 0.532718 0.031915 0.025168
2 0.497636 0.357383 0.030733 0.023490
4 0.550236 0.291946 0.024823 0.036913
2 0.496454 0.532718 0.030733 0.025168
35 0.140071 0.235738 0.029551 0.045302
4 0.497636 0.291107 0.023641 0.035235
2 0.373522 0.533557 0.030733 0.026846
3 0.402482 0.429530 0.039007 0.020134
42 0.868794 0.547819 0.047281 0.028523
2 0.314421 0.182047 0.030733 0.025168
35 0.699764 0.595638 0.037825 0.046980
2 0.550827 0.348154 0.030733 0.025168
3 0.210402 0.243289 0.035461 0.020134
2 0.604610 0.348154 0.031915 0.025168
3 0.249409 0.361577 0.037825 0.025168
4 0.497636 0.477349 0.023641 0.038591
3 0.757683 0.597315 0.040189 0.023490
2 0.810284 0.474832 0.031915 0.026846
2 0.686761 0.473993 0.033097 0.028523
4 0.443853 0.469799 0.024823 0.046980
3 0.521868 0.192953 0.036643 0.023490
42 0.869385 0.647651 0.046099 0.030201
0 0.603428 0.239933 0.020095 0.013423
3 0.207447 0.293624 0.039007 0.023490
3 0.208038 0.320470 0.035461 0.020134
42 0.147754 0.267617 0.040189 0.021812
3 0.207447 0.269295 0.034279 0.018456
2 0.434988 0.194631 0.016548 0.036913
2 0.563830 0.845638 0.030733 0.026846
42 0.146572 0.293624 0.040189 0.023490
2 0.810875 0.114094 0.028369 0.026846
4 0.375296 0.473993 0.024823 0.035235
2 0.197991 0.362416 0.020095 0.036913
2 0.693853 0.114094 0.033097 0.030201
2 0.693853 0.114933 0.033097 0.028523
2 0.164303 0.322987 0.016548 0.031879
3 0.315603 0.362416 0.040189 0.023490
2 0.102837 0.243289 0.018913 0.043624
6 0.446809 0.346477 0.014184 0.072148
4 0.471631 0.190436 0.018913 0.031879
15 0.562057 0.645973 0.039007 0.050336
26 0.816785 0.597315 0.035461 0.043624
