1 0.115126 0.715976 0.075630 0.087574
1 0.395798 0.513609 0.082353 0.075740
24 0.228151 0.296450 0.026050 0.041420
2 0.218908 0.752071 0.024370 0.020118
3 0.276891 0.524852 0.012605 0.036686
1 0.396218 0.283432 0.083193 0.076923
3 0.276891 0.293491 0.012605 0.037870
24 0.227731 0.526627 0.025210 0.042604
3 0.479412 0.430769 0.012605 0.035503
2 0.168487 0.769822 0.024370 0.020118
3 0.478992 0.199408 0.011765 0.034320
4 0.331513 0.223077 0.017647 0.031953
2 0.277311 0.345562 0.025210 0.018935
2 0.277311 0.575740 0.025210 0.017751
3 0.277311 0.223077 0.013445 0.039053
3 0.276891 0.454438 0.012605 0.037870
0 0.217647 0.681657 0.013445 0.011834
4 0.331513 0.453254 0.017647 0.026036
3 0.239496 0.177515 0.026891 0.016568
0 0.159664 0.664497 0.015126 0.013018
0 0.218487 0.398817 0.013445 0.014201
3 0.239496 0.408284 0.028571 0.016568
2 0.065966 0.728994 0.022689 0.018935
35 0.471429 0.252663 0.026891 0.024852
0 0.218067 0.168639 0.012605 0.015385
3 0.307143 0.283432 0.026050 0.013018
23 0.218067 0.710651 0.021008 0.029586
3 0.306723 0.501183 0.025210 0.017751
26 0.520588 0.310651 0.031092 0.034320
3 0.307143 0.270414 0.026050 0.013018
35 0.497479 0.250296 0.026891 0.024852
3 0.307983 0.515976 0.026050 0.014201
35 0.470588 0.482840 0.028571 0.023669
35 0.497059 0.482249 0.024370 0.034320
26 0.523950 0.540237 0.032773 0.036686
41 0.486555 0.562130 0.018487 0.014201
