1 0.419328 0.273964 0.067227 0.128994
1 0.139076 0.246746 0.071429 0.084024
1 0.602521 0.505325 0.072269 0.071006
35 0.683613 0.550296 0.024370 0.040237
2 0.093697 0.331361 0.022689 0.018935
3 0.664706 0.595858 0.026891 0.015385
2 0.805042 0.257396 0.010084 0.020118
3 0.328151 0.301183 0.027731 0.015385
3 0.664706 0.631361 0.026891 0.015385
4 0.533193 0.460355 0.017647 0.026036
1 0.717227 0.242604 0.056303 0.073373
1 0.612605 0.230178 0.023529 0.065089
3 0.790756 0.530769 0.025210 0.015385
2 0.865966 0.557988 0.022689 0.020118
4 0.643277 0.459763 0.017647 0.022485
2 0.466807 0.575740 0.024370 0.017751
3 0.723109 0.542604 0.027731 0.015385
2 0.601261 0.421893 0.024370 0.017751
3 0.790336 0.496450 0.024370 0.015385
3 0.507983 0.560947 0.027731 0.014201
3 0.500420 0.195266 0.026050 0.014201
4 0.684874 0.460355 0.016807 0.021302
2 0.684454 0.188757 0.014286 0.017751
0 0.643277 0.186391 0.017647 0.017751
0 0.809244 0.282249 0.015126 0.017751
3 0.507983 0.520118 0.026050 0.015385
2 0.600840 0.586982 0.026891 0.018935
0 0.768908 0.187574 0.018487 0.020118
2 0.634034 0.261538 0.012605 0.021302
4 0.853782 0.518935 0.016807 0.020118
4 0.823109 0.520710 0.017647 0.023669
4 0.500420 0.236686 0.017647 0.026036
6 0.698739 0.492899 0.029412 0.013018
0 0.665546 0.187574 0.016807 0.013018
3 0.654202 0.200000 0.017647 0.011834
3 0.768067 0.217160 0.008403 0.020118
