1 0.314030 0.418908 0.109851 0.143697
2 0.444179 0.426471 0.011940 0.019328
1 0.822687 0.551261 0.041791 0.068908
1 0.822090 0.401261 0.046567 0.115126
4 0.543284 0.400840 0.013134 0.020168
4 0.576418 0.400000 0.012537 0.018487
2 0.180597 0.459664 0.010149 0.021849
24 0.350448 0.678571 0.019104 0.049580
2 0.857313 0.447479 0.008358 0.019328
3 0.675224 0.510504 0.017910 0.014286
2 0.499104 0.526471 0.016716 0.014286
1 0.500597 0.412605 0.037612 0.050420
23 0.577015 0.466387 0.012537 0.020168
4 0.607164 0.467227 0.011940 0.016807
2 0.607164 0.499580 0.017910 0.014286
1 0.726269 0.449580 0.032836 0.053782
2 0.857015 0.356303 0.007761 0.020168
23 0.606567 0.399580 0.011940 0.019328
4 0.394925 0.468067 0.012537 0.020168
1 0.727463 0.547059 0.028060 0.053782
2 0.761194 0.490336 0.015522 0.014286
2 0.379701 0.349160 0.016716 0.015966
4 0.635224 0.467647 0.010746 0.017647
4 0.761493 0.421429 0.012537 0.017647
21 0.422090 0.411345 0.020299 0.012605
3 0.674328 0.451681 0.020896 0.012605
3 0.424179 0.351681 0.019701 0.010924
2 0.790149 0.448319 0.010149 0.017647
2 0.442985 0.392017 0.009552 0.017647
23 0.576119 0.434034 0.011940 0.021008
16 0.192537 0.687815 0.030448 0.029412
3 0.202985 0.405462 0.016716 0.015966
0 0.254328 0.687395 0.007164 0.016807
2 0.791940 0.570168 0.010149 0.019328
2 0.790149 0.354202 0.008955 0.017647
35 0.227164 0.409244 0.012537 0.023529
3 0.424179 0.428151 0.018507 0.015966
4 0.761791 0.518487 0.013134 0.016807
1 0.501194 0.487395 0.035224 0.052101
2 0.443881 0.407143 0.011343 0.015966
2 0.184478 0.375210 0.009552 0.021008
4 0.199701 0.377311 0.010149 0.023529
4 0.201194 0.478571 0.015522 0.014286
7 0.231045 0.686975 0.026269 0.017647
2 0.761493 0.395378 0.013731 0.015966
4 0.200000 0.461345 0.011940 0.015126
4 0.200299 0.336134 0.011343 0.018487
4 0.400597 0.395378 0.010746 0.021008
4 0.408358 0.380672 0.007164 0.018487
3 0.424179 0.395798 0.018507 0.010084
0 0.605672 0.378571 0.012537 0.012605
25 0.636119 0.404202 0.010149 0.026891
6 0.554925 0.453361 0.025672 0.012605
2 0.607164 0.431933 0.014328 0.013445
41 0.657612 0.513025 0.013731 0.010924
