3 0.424941 0.186877 0.036643 0.021595
1 0.302600 0.518272 0.108747 0.122924
1 0.318558 0.161130 0.114657 0.109635
1 0.686761 0.235050 0.089835 0.071429
3 0.224586 0.144518 0.035461 0.019934
49 0.663712 0.367940 0.088652 0.081395
2 0.212766 0.455150 0.033097 0.026578
2 0.213357 0.579734 0.034279 0.026578
2 0.864066 0.436877 0.030733 0.029900
2 0.406028 0.510797 0.020095 0.038206
3 0.609338 0.285714 0.017730 0.049834
2 0.178487 0.153654 0.016548 0.038206
2 0.607565 0.387043 0.023641 0.023256
3 0.803783 0.235880 0.040189 0.019934
3 0.426714 0.152824 0.033097 0.023256
4 0.750591 0.202658 0.023641 0.023256
4 0.232861 0.195183 0.014184 0.031561
35 0.469267 0.177741 0.028369 0.043189
4 0.860520 0.350498 0.018913 0.039867
35 0.470449 0.136213 0.033097 0.039867
