2 0.855860 0.760896 0.024808 0.023002
3 0.358426 0.628935 0.011976 0.030266
1 0.316082 0.707627 0.072712 0.131961
1 0.778015 0.655569 0.081266 0.163438
1 0.432849 0.309322 0.082121 0.069007
24 0.752352 0.225182 0.036784 0.043584
2 0.295124 0.354722 0.023952 0.024213
2 0.578272 0.282082 0.023952 0.024213
2 0.778443 0.282082 0.023952 0.024213
2 0.359709 0.785109 0.024808 0.023002
4 0.295552 0.220944 0.014542 0.035109
4 0.380667 0.219734 0.017109 0.027845
2 0.227545 0.670097 0.020530 0.020581
3 0.237382 0.733656 0.024808 0.016949
23 0.262190 0.218523 0.014542 0.035109
35 0.331052 0.269370 0.020530 0.035109
4 0.360137 0.678571 0.015398 0.023002
3 0.253636 0.653148 0.028229 0.015738
22 0.577417 0.229419 0.017109 0.027845
4 0.328914 0.328692 0.012831 0.025424
3 0.363986 0.329298 0.026518 0.014528
6 0.602652 0.191889 0.033362 0.010896
3 0.409752 0.628935 0.011976 0.030266
3 0.378529 0.627724 0.011121 0.032688
4 0.670231 0.222760 0.017964 0.031477
42 0.184346 0.733656 0.033362 0.016949
3 0.646707 0.193705 0.025663 0.014528
0 0.380667 0.667070 0.010265 0.012107
3 0.394782 0.630145 0.012831 0.030266
22 0.552181 0.195521 0.017964 0.020581
42 0.228828 0.189467 0.038494 0.023002
3 0.332763 0.217918 0.015398 0.033898
8 0.507271 0.195521 0.029085 0.042373
23 0.702737 0.223971 0.019675 0.024213
