1 0.279412 0.207101 0.071429 0.068639
1 0.542437 0.613609 0.049580 0.067456
4 0.257143 0.142012 0.015126 0.021302
4 0.433193 0.224260 0.017647 0.034320
29 0.123950 0.234911 0.059664 0.053254
3 0.202101 0.376331 0.012605 0.035503
3 0.181092 0.259763 0.026050 0.015385
3 0.265126 0.800592 0.012605 0.034320
1 0.213866 0.726627 0.079832 0.165680
42 0.291176 0.827811 0.031092 0.017751
4 0.509244 0.224260 0.016807 0.036686
3 0.315546 0.401183 0.012605 0.033136
2 0.206723 0.440237 0.025210 0.018935
1 0.652101 0.561538 0.053782 0.053254
4 0.471429 0.223669 0.016807 0.037870
1 0.623529 0.225444 0.040336 0.102959
1 0.542437 0.507101 0.051261 0.067456
3 0.239916 0.402367 0.012605 0.030769
24 0.181092 0.137870 0.034454 0.067456
3 0.202101 0.331361 0.012605 0.033136
3 0.181092 0.212426 0.026050 0.013018
2 0.471008 0.275740 0.024370 0.018935
51 0.780252 0.580473 0.032773 0.020118
42 0.216807 0.187574 0.030252 0.017751
2 0.550840 0.444970 0.026050 0.018935
3 0.604202 0.562130 0.026891 0.016568
3 0.724370 0.578107 0.028571 0.015385
51 0.131933 0.756213 0.033613 0.021302
4 0.370168 0.236686 0.019328 0.023669
42 0.273950 0.626627 0.030252 0.020118
3 0.163445 0.802367 0.012605 0.033136
51 0.296639 0.756805 0.033613 0.020118
42 0.574790 0.224852 0.028571 0.016568
42 0.395798 0.213609 0.030252 0.017751
35 0.318487 0.350296 0.025210 0.028402
3 0.239496 0.162722 0.011765 0.031953
4 0.705882 0.554438 0.018487 0.017751
35 0.276471 0.284615 0.028571 0.027219
26 0.738235 0.550888 0.027731 0.027219
51 0.779832 0.579882 0.031933 0.021302
21 0.179832 0.307692 0.025210 0.018935
35 0.280252 0.335503 0.027731 0.029586
35 0.235294 0.358580 0.028571 0.030769
35 0.176471 0.396450 0.030252 0.037870
42 0.217647 0.201775 0.030252 0.017751
2 0.277731 0.114793 0.022689 0.018935
6 0.336555 0.199408 0.037815 0.024852
