1 0.391597 0.357396 0.085714 0.130178
1 0.683193 0.358580 0.053782 0.099408
1 0.143277 0.349704 0.101681 0.181065
2 0.204202 0.284024 0.011765 0.026036
2 0.296218 0.366864 0.014286 0.030769
2 0.391176 0.440237 0.024370 0.021302
2 0.151261 0.474556 0.025210 0.018935
2 0.248319 0.380473 0.024370 0.020118
2 0.524790 0.302959 0.021008 0.018935
2 0.134874 0.221893 0.026050 0.022485
2 0.721429 0.414201 0.014286 0.030769
4 0.466807 0.413609 0.019328 0.022485
2 0.466807 0.452071 0.024370 0.018935
2 0.080672 0.282249 0.013445 0.027219
2 0.721008 0.305917 0.013445 0.027219
4 0.269748 0.341420 0.020168 0.024852
0 0.302101 0.469231 0.014286 0.013018
2 0.447899 0.342604 0.013445 0.029586
2 0.205042 0.413609 0.013445 0.029586
0 0.583193 0.389941 0.010084 0.017751
2 0.550420 0.301775 0.020168 0.016568
4 0.550420 0.342604 0.016807 0.017751
2 0.081092 0.413018 0.014286 0.028402
3 0.324790 0.365680 0.029412 0.016568
0 0.082353 0.318935 0.010084 0.017751
2 0.722689 0.343195 0.011765 0.026036
3 0.521429 0.411243 0.014286 0.036686
4 0.525210 0.342012 0.020168 0.018935
4 0.580252 0.342604 0.019328 0.017751
0 0.202521 0.319527 0.010084 0.018935
0 0.202941 0.378107 0.010924 0.017751
3 0.558403 0.389349 0.027731 0.016568
6 0.480252 0.345562 0.012605 0.044970
0 0.084874 0.379290 0.010084 0.017751
4 0.446218 0.412426 0.018487 0.020118
18 0.361345 0.513018 0.020168 0.031953
23 0.247479 0.340237 0.019328 0.024852
0 0.237395 0.322485 0.015966 0.020118
22 0.298319 0.295266 0.020168 0.029586
2 0.333193 0.465089 0.024370 0.023669
2 0.361345 0.464497 0.021849 0.022485
18 0.303361 0.514201 0.025210 0.022485
18 0.331933 0.513609 0.023529 0.030769
35 0.497059 0.484024 0.022689 0.035503
35 0.544538 0.476923 0.031933 0.026036
0 0.600420 0.369231 0.015966 0.021302
0 0.675210 0.283432 0.019328 0.020118
0 0.677311 0.436686 0.018487 0.018935
