3 0.841866 0.630769 0.027250 0.016568
1 0.533856 0.489349 0.090008 0.261538
1 0.137903 0.413018 0.057803 0.203550
4 0.335673 0.830769 0.017341 0.014201
4 0.239884 0.309467 0.018993 0.015385
75 0.230801 0.820710 0.033856 0.031953
1 0.112304 0.868047 0.051197 0.055621
4 0.315029 0.831361 0.017341 0.013018
1 0.142031 0.216568 0.044591 0.063905
4 0.292733 0.831361 0.018993 0.015385
75 0.230388 0.771598 0.034682 0.030769
2 0.315029 0.871006 0.022296 0.018935
2 0.165566 0.539645 0.022296 0.016568
1 0.112717 0.796450 0.050372 0.052071
2 0.265483 0.355621 0.022296 0.017751
2 0.532205 0.337278 0.023947 0.021302
35 0.577209 0.257396 0.019818 0.036686
4 0.829893 0.297633 0.016515 0.015385
29 0.875723 0.626036 0.033856 0.028402
4 0.264657 0.310059 0.018993 0.014201
23 0.289843 0.307101 0.018167 0.022485
4 0.264657 0.210059 0.017341 0.015385
2 0.081751 0.889941 0.016515 0.018935
4 0.871181 0.300592 0.018167 0.021302
2 0.265070 0.250888 0.021470 0.016568
2 0.419901 0.601775 0.012386 0.027219
4 0.445500 0.578107 0.012386 0.022485
3 0.540875 0.263905 0.023121 0.016568
4 0.893064 0.298817 0.017341 0.013018
4 0.445500 0.601775 0.010735 0.027219
2 0.903799 0.630178 0.012386 0.024852
4 0.239884 0.210059 0.018993 0.015385
4 0.850537 0.301775 0.016515 0.016568
4 0.444674 0.552663 0.015690 0.023669
23 0.289430 0.206509 0.015690 0.020118
4 0.466557 0.435503 0.019818 0.018935
4 0.155244 0.796450 0.016515 0.016568
4 0.619736 0.411834 0.012386 0.028402
2 0.115607 0.250888 0.019818 0.016568
4 0.619736 0.589941 0.012386 0.024852
3 0.863336 0.548521 0.028902 0.017751
2 0.886045 0.446154 0.014864 0.026036
22 0.859620 0.447929 0.023121 0.027219
3 0.306358 0.388757 0.026424 0.017751
2 0.892651 0.336686 0.023121 0.017751
2 0.601569 0.263905 0.014038 0.028402
2 0.891412 0.549112 0.010735 0.023669
3 0.170933 0.772781 0.023121 0.014201
2 0.189513 0.253846 0.025599 0.017751
2 0.277044 0.390533 0.017341 0.026036
2 0.646986 0.594675 0.014038 0.029586
4 0.444674 0.528994 0.015690 0.026036
3 0.540462 0.136686 0.022296 0.017751
3 0.542114 0.157988 0.028902 0.015385
35 0.592898 0.196450 0.024773 0.028402
35 0.604459 0.191716 0.024773 0.028402
35 0.640793 0.198817 0.024773 0.028402
35 0.655656 0.190533 0.024773 0.028402
6 0.858794 0.396450 0.047894 0.018935
