4 0.260924 0.513018 0.015966 0.027219
1 0.235714 0.297041 0.175630 0.310059
2 0.118487 0.752663 0.021849 0.018935
3 0.579832 0.135503 0.026891 0.017751
2 0.109244 0.433136 0.023529 0.018935
3 0.092857 0.642604 0.014286 0.035503
3 0.580252 0.159763 0.027731 0.016568
24 0.614706 0.354438 0.026050 0.088757
2 0.532773 0.324852 0.015126 0.029586
2 0.092437 0.752663 0.021849 0.018935
4 0.218908 0.513018 0.015966 0.027219
2 0.092437 0.907101 0.021849 0.017751
2 0.042857 0.256213 0.021849 0.017751
24 0.422689 0.588757 0.030252 0.216568
4 0.092437 0.714201 0.021849 0.020118
2 0.261345 0.752663 0.023529 0.018935
24 0.439076 0.153846 0.026050 0.063905
4 0.344538 0.507101 0.018487 0.017751
2 0.234874 0.752071 0.022689 0.020118
4 0.176471 0.514201 0.016807 0.027219
4 0.134454 0.513609 0.016807 0.021302
24 0.497479 0.508284 0.025210 0.065089
3 0.235714 0.642012 0.012605 0.036686
4 0.302521 0.513609 0.016807 0.026036
4 0.236134 0.714201 0.018487 0.022485
2 0.360924 0.198225 0.022689 0.020118
35 0.505462 0.317751 0.022689 0.036686
0 0.119748 0.491124 0.010924 0.018935
35 0.504622 0.378107 0.024370 0.036686
0 0.144538 0.138462 0.013445 0.011834
3 0.471429 0.384024 0.026891 0.017751
4 0.066387 0.228994 0.016807 0.024852
75 0.109244 0.348521 0.025210 0.017751
0 0.235714 0.610651 0.014286 0.011834
0 0.092437 0.611243 0.013445 0.013018
29 0.294118 0.695266 0.048739 0.053254
3 0.091597 0.866864 0.010084 0.034320
0 0.328151 0.139645 0.012605 0.011834
3 0.470588 0.324852 0.025210 0.017751
2 0.075630 0.255621 0.020168 0.016568
4 0.066387 0.183432 0.016807 0.023669
0 0.142017 0.442012 0.013445 0.010651
0 0.100840 0.264497 0.015126 0.015385
29 0.152941 0.850296 0.052101 0.053254
14 0.082353 0.207101 0.021849 0.021302
2 0.121008 0.541420 0.028571 0.036686
0 0.539496 0.147337 0.011765 0.022485
29 0.150420 0.698225 0.060504 0.061538
0 0.118067 0.903550 0.010924 0.015385
3 0.100840 0.869231 0.010084 0.034320
