1 0.632353 0.197633 0.083193 0.115976
24 0.791597 0.300000 0.053782 0.076923
1 0.087815 0.182249 0.071429 0.127811
3 0.840756 0.136095 0.012605 0.033136
1 0.478151 0.494675 0.063866 0.068639
24 0.907983 0.300000 0.054622 0.076923
1 0.265126 0.191716 0.073109 0.160947
3 0.891176 0.136686 0.012605 0.034320
1 0.177311 0.507692 0.078992 0.071006
3 0.806723 0.136095 0.013445 0.030769
1 0.464706 0.192308 0.073950 0.162130
3 0.841176 0.182249 0.011765 0.033136
3 0.555462 0.477515 0.025210 0.017751
2 0.807563 0.221302 0.023529 0.016568
24 0.340756 0.306509 0.034454 0.040237
3 0.603361 0.526036 0.025210 0.017751
3 0.639076 0.547929 0.012605 0.033136
23 0.066807 0.504142 0.017647 0.021302
2 0.692017 0.230178 0.012605 0.029586
2 0.252521 0.574556 0.026050 0.020118
24 0.157143 0.307101 0.035294 0.041420
0 0.807143 0.102959 0.012605 0.011834
3 0.807563 0.182249 0.013445 0.030769
4 0.092857 0.507692 0.019328 0.014201
2 0.428571 0.452071 0.023529 0.021302
2 0.068067 0.551479 0.025210 0.018935
3 0.891176 0.182840 0.012605 0.036686
41 0.782353 0.443195 0.015126 0.013018
2 0.126050 0.552071 0.025210 0.020118
2 0.639076 0.588166 0.022689 0.018935
0 0.066807 0.469231 0.012605 0.010651
4 0.319748 0.530178 0.015966 0.018935
4 0.537815 0.501183 0.013445 0.020118
41 0.782353 0.418935 0.015126 0.011834
23 0.302941 0.521893 0.015966 0.023669
2 0.051261 0.277515 0.031933 0.034320
2 0.219748 0.280473 0.024370 0.035503
2 0.510084 0.277515 0.023529 0.024852
41 0.628571 0.288757 0.026891 0.023669
75 0.622689 0.552071 0.013445 0.034320
3 0.638655 0.501183 0.015126 0.034320
0 0.521429 0.535503 0.010924 0.017751
22 0.254622 0.527219 0.021849 0.029586
6 0.277311 0.500000 0.036975 0.024852
