1 0.677311 0.389349 0.070588 0.052071
1 0.293697 0.709467 0.049580 0.093491
1 0.185714 0.204734 0.063866 0.054438
3 0.722689 0.270414 0.011765 0.036686
24 0.102101 0.673964 0.026050 0.039053
2 0.621429 0.451479 0.021008 0.017751
2 0.269328 0.315385 0.024370 0.020118
3 0.306723 0.163314 0.011765 0.033136
3 0.269328 0.275148 0.014286 0.036686
24 0.102101 0.745562 0.026050 0.037870
2 0.306303 0.648521 0.012605 0.023669
2 0.740336 0.451479 0.023529 0.017751
2 0.101681 0.320710 0.025210 0.021302
2 0.306723 0.320710 0.025210 0.018935
75 0.698319 0.448521 0.025210 0.026036
3 0.739076 0.406509 0.012605 0.034320
4 0.307143 0.270414 0.017647 0.031953
75 0.654202 0.447337 0.026050 0.028402
2 0.765966 0.361538 0.026050 0.020118
2 0.306723 0.770414 0.011765 0.021302
4 0.101261 0.270414 0.017647 0.034320
3 0.101261 0.176331 0.012605 0.035503
4 0.764706 0.324852 0.020168 0.020118
2 0.239916 0.221302 0.019328 0.016568
2 0.136134 0.678107 0.013445 0.023669
20 0.269328 0.217160 0.015966 0.034320
2 0.136134 0.749112 0.013445 0.026036
22 0.244118 0.146746 0.022689 0.021302
3 0.672689 0.307101 0.027731 0.017751
0 0.722689 0.239645 0.013445 0.013018
0 0.100840 0.133136 0.013445 0.017751
6 0.187395 0.146746 0.036975 0.014201
0 0.305462 0.132544 0.014286 0.014201
0 0.126050 0.656213 0.013445 0.013018
0 0.127731 0.728994 0.015126 0.018935
0 0.284034 0.641420 0.015126 0.014201
0 0.285294 0.771006 0.014286 0.015385
35 0.626471 0.326627 0.039496 0.033136
