6 0.478571 0.612426 0.036134 0.013018
3 0.920588 0.667456 0.012605 0.035503
18 0.844958 0.722485 0.021008 0.034320
42 0.218487 0.743787 0.016807 0.039053
24 0.641597 0.498225 0.027731 0.071006
18 0.873529 0.721893 0.021008 0.030769
1 0.337395 0.584615 0.130252 0.165680
42 0.622269 0.642604 0.031092 0.016568
24 0.661345 0.686982 0.033613 0.110059
3 0.307143 0.814793 0.012605 0.031953
2 0.218487 0.936095 0.026891 0.021302
2 0.336555 0.457988 0.026050 0.021302
3 0.201681 0.526036 0.026891 0.017751
2 0.153361 0.453846 0.014286 0.027219
3 0.139076 0.885207 0.012605 0.033136
4 0.412185 0.683432 0.019328 0.024852
1 0.841597 0.492899 0.098319 0.169231
4 0.273109 0.879882 0.018487 0.024852
3 0.219328 0.815385 0.013445 0.033136
2 0.051261 0.847929 0.025210 0.020118
2 0.920588 0.723669 0.024370 0.020118
4 0.513866 0.643787 0.017647 0.023669
3 0.139496 0.820710 0.013445 0.034320
42 0.138655 0.751479 0.018487 0.042604
42 0.731513 0.459763 0.032773 0.017751
2 0.773950 0.627811 0.023529 0.020118
2 0.139496 0.942012 0.026891 0.021302
3 0.239496 0.649704 0.026891 0.014201
3 0.457983 0.649704 0.025210 0.014201
42 0.584454 0.502959 0.032773 0.016568
2 0.751681 0.735503 0.026050 0.020118
35 0.160504 0.496450 0.028571 0.039053
18 0.819748 0.722485 0.019328 0.034320
4 0.185294 0.879882 0.017647 0.022485
2 0.306723 0.936095 0.026891 0.021302
42 0.933193 0.460947 0.032773 0.017751
3 0.197899 0.453846 0.027731 0.017751
2 0.412605 0.729586 0.025210 0.017751
42 0.622269 0.703550 0.031092 0.015385
3 0.751681 0.684615 0.012605 0.034320
2 0.606303 0.668047 0.012605 0.024852
2 0.506723 0.590533 0.013445 0.026036
2 0.090756 0.490533 0.015126 0.029586
4 0.702101 0.679882 0.021008 0.027219
3 0.202101 0.560947 0.026050 0.018935
42 0.933193 0.508876 0.032773 0.014201
18 0.794118 0.721893 0.018487 0.033136
3 0.496218 0.676923 0.012605 0.035503
42 0.622689 0.691124 0.030252 0.016568
42 0.582773 0.484615 0.032773 0.020118
42 0.196639 0.417160 0.028571 0.013018
42 0.932773 0.484024 0.033613 0.016568
3 0.219748 0.878698 0.012605 0.031953
3 0.165126 0.613609 0.026050 0.015385
42 0.731092 0.520118 0.033613 0.017751
42 0.621849 0.726627 0.030252 0.016568
3 0.950000 0.666864 0.012605 0.036686
3 0.201681 0.489941 0.026891 0.016568
3 0.307143 0.878107 0.012605 0.033136
3 0.164706 0.578698 0.025210 0.016568
42 0.934034 0.497041 0.032773 0.016568
42 0.729832 0.498225 0.031092 0.016568
4 0.425210 0.639053 0.018487 0.018935
42 0.920168 0.602959 0.013445 0.041420
42 0.933193 0.520710 0.034454 0.014201
3 0.164286 0.596450 0.024370 0.016568
0 0.189496 0.651479 0.012605 0.017751
42 0.621429 0.714793 0.031092 0.014201
2 0.613866 0.534911 0.024370 0.018935
42 0.731513 0.473964 0.032773 0.015385
42 0.198739 0.472189 0.029412 0.016568
42 0.307143 0.742604 0.015966 0.036686
42 0.247899 0.846746 0.031933 0.017751
42 0.949580 0.600592 0.015126 0.041420
42 0.752521 0.608284 0.015966 0.042604
3 0.164286 0.560947 0.026050 0.018935
42 0.731092 0.486982 0.033613 0.017751
42 0.920168 0.602367 0.013445 0.042604
42 0.165546 0.850888 0.030252 0.021302
42 0.730672 0.482249 0.034454 0.017751
2 0.514706 0.687574 0.019328 0.018935
35 0.160924 0.531361 0.029412 0.035503
4 0.471849 0.542604 0.017647 0.022485
30 0.049160 0.692899 0.037815 0.079290
3 0.041176 0.785799 0.008403 0.035503
4 0.438655 0.575740 0.016807 0.024852
42 0.336134 0.846746 0.033613 0.017751
3 0.050420 0.784615 0.008403 0.035503
3 0.057983 0.784615 0.008403 0.035503
3 0.068067 0.783432 0.008403 0.035503
42 0.195798 0.433728 0.028571 0.013018
0 0.494118 0.639645 0.008403 0.013018
0 0.542017 0.605325 0.015126 0.015385
4 0.459244 0.553254 0.010924 0.020118
4 0.452941 0.566272 0.011765 0.024852
