1 0.115126 0.715976 0.073950 0.087574
1 0.391176 0.515385 0.081513 0.076923
1 0.390336 0.284615 0.083193 0.076923
3 0.276471 0.525444 0.013445 0.037870
26 0.500840 0.318935 0.018487 0.027219
3 0.276471 0.294083 0.011765 0.039053
26 0.634454 0.318343 0.018487 0.030769
4 0.467647 0.318935 0.015966 0.027219
21 0.201681 0.526036 0.016807 0.041420
2 0.239496 0.753254 0.023529 0.017751
3 0.452101 0.489941 0.025210 0.014201
2 0.168487 0.770414 0.024370 0.018935
4 0.331513 0.223077 0.017647 0.031953
21 0.201681 0.295858 0.015126 0.040237
24 0.227311 0.297041 0.027731 0.044970
2 0.277311 0.362130 0.025210 0.018935
2 0.277311 0.593491 0.025210 0.017751
24 0.228571 0.525444 0.026891 0.044970
3 0.452101 0.260355 0.025210 0.014201
26 0.634874 0.549112 0.017647 0.028402
3 0.277311 0.223077 0.013445 0.039053
3 0.276891 0.455030 0.012605 0.036686
4 0.468067 0.548521 0.015126 0.024852
4 0.331933 0.453846 0.016807 0.024852
3 0.243697 0.407692 0.025210 0.015385
0 0.159664 0.664497 0.015126 0.013018
3 0.488235 0.430769 0.013445 0.035503
3 0.239496 0.177515 0.026891 0.014201
3 0.488235 0.200000 0.013445 0.037870
26 0.547059 0.320118 0.025210 0.024852
21 0.163445 0.296450 0.014286 0.041420
0 0.218908 0.398225 0.014286 0.013018
2 0.065966 0.728994 0.022689 0.018935
26 0.676891 0.317160 0.022689 0.030769
23 0.239916 0.713018 0.019328 0.024852
21 0.163445 0.526036 0.015966 0.039053
0 0.218067 0.168639 0.012605 0.015385
26 0.547059 0.551479 0.026891 0.030769
3 0.305882 0.271006 0.025210 0.011834
26 0.676050 0.548521 0.022689 0.031953
26 0.593697 0.320118 0.024370 0.029586
0 0.239916 0.680473 0.012605 0.011834
35 0.479832 0.248521 0.025210 0.033136
3 0.307143 0.504142 0.024370 0.014201
3 0.306723 0.537870 0.023529 0.015385
26 0.594118 0.551479 0.025210 0.030769
22 0.214286 0.713609 0.020168 0.030769
3 0.309244 0.285207 0.025210 0.011834
3 0.307563 0.304734 0.025210 0.013018
35 0.507563 0.249704 0.025210 0.033136
3 0.307983 0.514793 0.024370 0.014201
35 0.480672 0.481657 0.023529 0.035503
35 0.503361 0.482249 0.025210 0.034320
26 0.500000 0.547929 0.016807 0.023669
41 0.453361 0.577515 0.022689 0.016568
