1 0.115126 0.715976 0.073950 0.087574
26 0.492857 0.317160 0.019328 0.026036
1 0.390756 0.284024 0.082353 0.075740
1 0.391176 0.514793 0.081513 0.075740
3 0.276471 0.524852 0.013445 0.036686
3 0.276891 0.294083 0.012605 0.039053
4 0.467647 0.320118 0.015966 0.024852
24 0.227731 0.295266 0.026891 0.041420
2 0.239916 0.753254 0.024370 0.017751
2 0.277311 0.345562 0.025210 0.018935
2 0.168487 0.770414 0.024370 0.018935
4 0.331513 0.223669 0.017647 0.030769
3 0.452101 0.489941 0.025210 0.014201
3 0.452101 0.260355 0.025210 0.014201
2 0.276891 0.575740 0.024370 0.017751
21 0.163025 0.290533 0.015126 0.041420
3 0.243697 0.407692 0.025210 0.015385
26 0.501681 0.547929 0.020168 0.026036
21 0.201681 0.526036 0.016807 0.039053
3 0.277311 0.223077 0.013445 0.039053
3 0.276891 0.455030 0.012605 0.036686
24 0.227731 0.525444 0.026891 0.044970
4 0.331933 0.453254 0.018487 0.023669
4 0.468067 0.548521 0.015126 0.024852
0 0.218908 0.398225 0.014286 0.013018
3 0.239496 0.177515 0.026891 0.016568
3 0.488235 0.430769 0.013445 0.035503
0 0.159664 0.664497 0.015126 0.013018
21 0.201681 0.291716 0.015126 0.039053
3 0.488235 0.200000 0.013445 0.037870
2 0.065966 0.728994 0.022689 0.018935
23 0.239916 0.713018 0.019328 0.024852
3 0.306723 0.537870 0.023529 0.017751
3 0.308403 0.271006 0.025210 0.011834
21 0.163445 0.524852 0.015966 0.036686
0 0.218067 0.168639 0.012605 0.015385
0 0.240336 0.680473 0.013445 0.011834
3 0.308824 0.501775 0.026050 0.011834
35 0.479412 0.249704 0.024370 0.035503
22 0.214286 0.713609 0.020168 0.030769
3 0.308403 0.284024 0.025210 0.011834
3 0.309244 0.307692 0.025210 0.011834
35 0.505462 0.253254 0.024370 0.035503
3 0.309664 0.512426 0.026050 0.011834
35 0.478151 0.481065 0.028571 0.029586
35 0.505042 0.479882 0.028571 0.029586
41 0.453361 0.577515 0.022689 0.016568
