1 0.245672 0.607563 0.075821 0.245378
1 0.781194 0.593277 0.053134 0.053782
1 0.627164 0.629832 0.030448 0.056303
75 0.854627 0.123109 0.022090 0.022689
1 0.528358 0.720168 0.027463 0.052101
1 0.596716 0.127731 0.045970 0.053782
3 0.847463 0.682353 0.010149 0.028571
1 0.106269 0.186975 0.047761 0.121849
1 0.782687 0.712185 0.052537 0.052941
2 0.361493 0.259664 0.014925 0.013445
1 0.588060 0.721008 0.028657 0.053782
3 0.633134 0.699580 0.008955 0.027731
75 0.854925 0.165126 0.021493 0.021008
1 0.596716 0.229412 0.045970 0.060504
2 0.343582 0.259664 0.013731 0.011765
0 0.818806 0.103361 0.011343 0.011765
2 0.134627 0.284454 0.019701 0.015966
2 0.271642 0.260084 0.014328 0.012605
2 0.307761 0.261765 0.013731 0.014286
3 0.507164 0.181092 0.011343 0.027731
2 0.325672 0.259664 0.013731 0.011765
2 0.122687 0.628571 0.016119 0.015126
2 0.200896 0.802941 0.014925 0.014286
2 0.473134 0.733193 0.011343 0.022689
2 0.373134 0.654202 0.019104 0.015966
2 0.313731 0.751261 0.018507 0.015126
3 0.847463 0.565126 0.010149 0.027731
3 0.104478 0.679412 0.020299 0.012605
3 0.184478 0.758403 0.010746 0.026050
2 0.049851 0.629832 0.014925 0.014286
2 0.779403 0.104202 0.016119 0.015126
3 0.898209 0.681933 0.011343 0.031092
2 0.065970 0.802521 0.017313 0.013445
4 0.194328 0.615966 0.014925 0.015126
24 0.818209 0.143277 0.016119 0.026050
2 0.096418 0.628571 0.014925 0.015126
2 0.691343 0.219748 0.011940 0.021008
2 0.289254 0.260084 0.013731 0.012605
3 0.547463 0.140336 0.009552 0.030252
2 0.398507 0.384034 0.011343 0.018487
2 0.183881 0.802521 0.013134 0.013445
2 0.092836 0.284874 0.018507 0.015126
2 0.917910 0.771008 0.012537 0.022689
25 0.307761 0.190756 0.010149 0.025210
3 0.512836 0.383193 0.017910 0.013445
2 0.398507 0.402521 0.012537 0.016807
4 0.080597 0.556303 0.013134 0.016807
25 0.289851 0.190756 0.010149 0.026891
2 0.158209 0.721849 0.016716 0.018487
3 0.122388 0.532773 0.010746 0.026891
2 0.652239 0.733613 0.011343 0.021849
3 0.430149 0.402101 0.016119 0.012605
3 0.513731 0.401261 0.019701 0.014286
0 0.372537 0.527311 0.010746 0.010924
4 0.065373 0.556723 0.012537 0.015966
25 0.271642 0.191176 0.010746 0.026050
4 0.328955 0.611765 0.013134 0.013445
2 0.194030 0.642437 0.016716 0.014286
4 0.374328 0.589916 0.014328 0.018487
2 0.779701 0.188235 0.017910 0.015126
3 0.597910 0.177731 0.023284 0.014286
25 0.342687 0.190756 0.014328 0.026891
0 0.684478 0.089076 0.011343 0.011765
3 0.898209 0.565126 0.010149 0.029412
24 0.779403 0.143277 0.017313 0.029412
0 0.818507 0.189076 0.011940 0.011765
2 0.596716 0.289496 0.018507 0.015966
0 0.507463 0.089916 0.011940 0.011765
3 0.428955 0.383193 0.016119 0.011765
4 0.096418 0.555882 0.012537 0.015966
2 0.545373 0.400840 0.011343 0.018487
6 0.168358 0.505462 0.017910 0.009244
2 0.545373 0.382353 0.010149 0.016807
0 0.922388 0.535714 0.010746 0.017647
23 0.049851 0.555882 0.013731 0.019328
2 0.507761 0.289916 0.018507 0.015126
2 0.081493 0.628151 0.013731 0.015966
0 0.922090 0.654202 0.011343 0.017647
3 0.893433 0.168067 0.022090 0.016807
3 0.648060 0.221008 0.018507 0.011765
2 0.065373 0.628571 0.012537 0.013445
0 0.158209 0.575210 0.010746 0.010924
2 0.092836 0.084454 0.017313 0.017647
0 0.139701 0.081933 0.013134 0.015966
4 0.326269 0.200000 0.017313 0.013445
4 0.361194 0.197899 0.015522 0.017647
4 0.509254 0.239076 0.015522 0.019328
0 0.897015 0.124790 0.008955 0.014286
2 0.454328 0.360084 0.016716 0.015966
30 0.471343 0.391176 0.025672 0.039496
2 0.454925 0.433193 0.016716 0.014286
3 0.120299 0.587815 0.012537 0.026050
4 0.135224 0.589076 0.014925 0.020168
35 0.067463 0.719328 0.015522 0.025210
35 0.080597 0.721429 0.015522 0.024370
15 0.067761 0.763025 0.020896 0.023529
3 0.156716 0.687815 0.011343 0.026050
3 0.156716 0.621429 0.011343 0.024370
22 0.246567 0.458403 0.016716 0.029412
3 0.198806 0.758824 0.010746 0.025210
4 0.341493 0.592857 0.016716 0.015966
4 0.358507 0.592437 0.016119 0.013445
4 0.402985 0.545798 0.014328 0.014286
4 0.412537 0.543277 0.015522 0.019328
4 0.427463 0.547059 0.015522 0.016807
0 0.048955 0.484874 0.010746 0.015126
2 0.617015 0.497479 0.011343 0.013445
2 0.642687 0.502101 0.013731 0.015966
4 0.616418 0.534874 0.012537 0.014286
4 0.642090 0.536134 0.013731 0.010084
0 0.628060 0.489496 0.008358 0.009244
0 0.634030 0.489076 0.008358 0.010084
3 0.625373 0.536555 0.008955 0.024370
3 0.633134 0.537815 0.007761 0.021849
3 0.724478 0.567647 0.011343 0.024370
4 0.725075 0.626050 0.014925 0.013445
3 0.725075 0.685294 0.010149 0.027731
4 0.725970 0.744118 0.013134 0.014286
8 0.846269 0.613025 0.024478 0.032773
8 0.847463 0.732773 0.019701 0.026891
35 0.893433 0.615546 0.022090 0.026050
35 0.895224 0.734454 0.020896 0.021849
