1 0.525970 0.392857 0.137313 0.192437
1 0.120597 0.205042 0.053731 0.110924
3 0.405672 0.417227 0.018507 0.012605
4 0.606269 0.274370 0.010149 0.015966
2 0.770149 0.208403 0.017910 0.015126
3 0.406269 0.435714 0.019701 0.014286
3 0.109851 0.841597 0.017910 0.012605
24 0.770448 0.160504 0.017313 0.028571
75 0.848955 0.139916 0.021493 0.022689
2 0.657313 0.502941 0.016716 0.014286
75 0.849254 0.181933 0.020896 0.021008
3 0.089552 0.635294 0.010746 0.026891
2 0.371343 0.687815 0.010746 0.021008
2 0.239701 0.326891 0.017313 0.015126
2 0.618806 0.507143 0.016119 0.021008
3 0.657015 0.464286 0.010149 0.026050
0 0.809552 0.120588 0.011940 0.012605
2 0.335522 0.434034 0.011940 0.021008
4 0.606269 0.210924 0.010149 0.016807
2 0.074030 0.331513 0.016716 0.024370
21 0.116716 0.636555 0.011343 0.026050
2 0.454030 0.241597 0.016119 0.014286
2 0.069851 0.843697 0.011940 0.020168
2 0.770746 0.117227 0.015522 0.014286
0 0.734328 0.352101 0.010746 0.011765
4 0.617612 0.418067 0.012537 0.019328
2 0.165672 0.329832 0.019701 0.019328
2 0.704179 0.452941 0.013731 0.013445
2 0.116716 0.671849 0.017313 0.014286
2 0.335522 0.418067 0.011940 0.021008
4 0.606866 0.295798 0.010149 0.018487
3 0.473731 0.211765 0.019701 0.011765
3 0.412537 0.686975 0.019104 0.014286
2 0.371343 0.843277 0.010746 0.021008
3 0.262090 0.842437 0.017910 0.014286
2 0.645970 0.212185 0.011940 0.015966
2 0.089851 0.672269 0.017313 0.015126
4 0.605970 0.253361 0.009552 0.017647
2 0.719701 0.454202 0.014925 0.017647
3 0.760597 0.413025 0.010746 0.027731
3 0.635522 0.434454 0.023284 0.013445
4 0.606269 0.191176 0.010149 0.017647
2 0.646269 0.334034 0.010149 0.022689
3 0.411343 0.842437 0.017910 0.014286
2 0.642985 0.296218 0.010746 0.021008
0 0.173731 0.136555 0.011940 0.010924
2 0.734925 0.452101 0.013134 0.013445
4 0.734627 0.414286 0.011343 0.015126
2 0.221194 0.327311 0.013731 0.014286
24 0.809254 0.160084 0.016119 0.027731
2 0.185075 0.328571 0.014328 0.016807
3 0.473433 0.274790 0.020299 0.011765
2 0.902985 0.750420 0.012537 0.021849
4 0.719403 0.413866 0.010746 0.015966
25 0.202985 0.258824 0.011940 0.025210
0 0.809254 0.205882 0.012537 0.011765
6 0.678209 0.382353 0.019104 0.010084
0 0.439104 0.213445 0.011343 0.015126
4 0.703582 0.415126 0.012537 0.013445
2 0.646269 0.273950 0.011343 0.016807
22 0.771940 0.721008 0.013134 0.023529
2 0.436716 0.275210 0.012537 0.021008
25 0.185672 0.261765 0.013134 0.026050
2 0.203881 0.330672 0.014925 0.015966
3 0.218806 0.261345 0.011343 0.026891
3 0.238507 0.260504 0.010149 0.025210
35 0.370149 0.419328 0.015522 0.028571
35 0.371642 0.440756 0.018507 0.026050
0 0.519104 0.168067 0.008955 0.015126
4 0.605075 0.235294 0.012537 0.021849
2 0.647164 0.192437 0.017910 0.018487
2 0.648358 0.235714 0.011940 0.021008
2 0.648060 0.256303 0.014925 0.021849
4 0.617313 0.466807 0.017910 0.019328
0 0.883284 0.143277 0.010149 0.021008
3 0.889254 0.184034 0.020896 0.013445
2 0.228955 0.693697 0.017313 0.026050
3 0.267164 0.686555 0.018507 0.018487
2 0.222687 0.845378 0.015522 0.028571
22 0.774328 0.662185 0.015522 0.016807
25 0.844776 0.661345 0.014328 0.026891
25 0.845373 0.721429 0.014328 0.024370
0 0.900000 0.631933 0.006567 0.011765
0 0.901791 0.690336 0.012537 0.014286
