24 0.387815 0.289941 0.026050 0.054438
2 0.639496 0.469231 0.026891 0.020118
2 0.428992 0.349704 0.024370 0.020118
26 0.392437 0.527219 0.036975 0.048521
2 0.639076 0.374556 0.026050 0.020118
24 0.639076 0.421302 0.022689 0.037870
2 0.428992 0.586982 0.026050 0.021302
2 0.382353 0.463905 0.025210 0.021302
0 0.576050 0.471598 0.021008 0.017751
0 0.428992 0.238462 0.019328 0.015385
24 0.576050 0.420710 0.022689 0.036686
2 0.382773 0.587574 0.026050 0.020118
0 0.576050 0.375148 0.019328 0.016568
0 0.427731 0.462722 0.015126 0.018935
