3 0.661157 0.203488 0.016529 0.044850
2 0.662338 0.257475 0.030697 0.026578
1 0.510626 0.103821 0.088548 0.088040
1 0.165289 0.799834 0.125148 0.234219
1 0.118064 0.587209 0.087367 0.088040
0 0.347698 0.073920 0.017710 0.014950
3 0.348288 0.119601 0.016529 0.043189
1 0.817001 0.122093 0.120425 0.141196
2 0.055490 0.558970 0.018890 0.034884
2 0.554900 0.274917 0.033058 0.024917
35 0.868949 0.495847 0.035419 0.041528
3 0.596222 0.468439 0.014168 0.043189
2 0.348878 0.240864 0.031877 0.023256
1 0.214876 0.411130 0.082645 0.078073
0 0.921488 0.230897 0.017710 0.013289
2 0.055490 0.609635 0.018890 0.036545
0 0.070248 0.385382 0.015348 0.013289
2 0.739079 0.447674 0.033058 0.024917
2 0.167060 0.631229 0.027155 0.023256
2 0.600354 0.273256 0.024793 0.024917
3 0.655254 0.467608 0.016529 0.044850
0 0.662338 0.090532 0.018890 0.014950
0 0.041322 0.828904 0.016529 0.016611
3 0.850059 0.368771 0.033058 0.019934
4 0.212515 0.583887 0.025974 0.024917
1 0.163518 0.128738 0.147580 0.161130
2 0.044274 0.929402 0.029516 0.028239
2 0.550177 0.590532 0.033058 0.024917
2 0.921488 0.331395 0.029516 0.021595
3 0.737898 0.328073 0.016529 0.048173
0 0.166470 0.544850 0.014168 0.013289
2 0.933294 0.457641 0.029516 0.024917
2 0.655254 0.590532 0.035419 0.024917
2 0.213695 0.638704 0.033058 0.024917
2 0.489965 0.274086 0.033058 0.023256
2 0.617473 0.109635 0.016529 0.033223
3 0.571429 0.435216 0.030697 0.019934
2 0.164699 0.939369 0.031877 0.024917
4 0.099764 0.426080 0.024793 0.021595
2 0.803424 0.323920 0.031877 0.026578
0 0.489965 0.171927 0.016529 0.014950
4 0.871901 0.277409 0.024793 0.019934
4 0.042503 0.876246 0.023613 0.021595
0 0.737898 0.281561 0.018890 0.018272
2 0.628099 0.274086 0.025974 0.023256
3 0.095041 0.230066 0.029516 0.018272
3 0.601535 0.534884 0.034238 0.019934
0 0.041322 0.387874 0.014168 0.014950
24 0.953365 0.401993 0.031877 0.059801
3 0.094451 0.334718 0.035419 0.018272
4 0.896104 0.399502 0.021251 0.021595
3 0.213695 0.468439 0.033058 0.019934
2 0.101535 0.472591 0.028335 0.024917
0 0.626328 0.421096 0.020071 0.014950
3 0.814640 0.509967 0.033058 0.019934
4 0.921488 0.072259 0.012987 0.031561
4 0.737898 0.392857 0.025974 0.024917
0 0.099174 0.386213 0.014168 0.011628
3 0.095041 0.302326 0.034238 0.019934
35 0.540732 0.474252 0.037780 0.038206
0 0.780992 0.510797 0.010626 0.024917
3 0.850649 0.401993 0.034238 0.019934
4 0.461039 0.218439 0.027155 0.018272
3 0.661747 0.133721 0.017710 0.044850
4 0.431523 0.219269 0.024793 0.019934
3 0.348288 0.186877 0.016529 0.044850
4 0.234947 0.259136 0.014168 0.023256
4 0.919126 0.399502 0.022432 0.024917
4 0.920897 0.278239 0.021251 0.018272
3 0.096222 0.268272 0.031877 0.018272
4 0.602125 0.218439 0.023613 0.018272
3 0.095632 0.285714 0.033058 0.016611
4 0.627509 0.218439 0.022432 0.018272
4 0.897875 0.275748 0.020071 0.023256
4 0.945100 0.279070 0.022432 0.019934
2 0.042503 0.473422 0.023613 0.026578
8 0.654664 0.537375 0.036600 0.044850
4 0.070248 0.426910 0.022432 0.019934
2 0.071429 0.472591 0.024793 0.024917
22 0.803424 0.268272 0.022432 0.031561
4 0.042503 0.425249 0.021251 0.023256
3 0.095632 0.319767 0.035419 0.018272
8 0.777450 0.237542 0.034238 0.049834
4 0.579693 0.111296 0.014168 0.029900
4 0.491145 0.220930 0.025974 0.019934
8 0.623377 0.500831 0.030697 0.041528
35 0.867178 0.534884 0.034238 0.049834
3 0.095632 0.250000 0.030697 0.018272
4 0.234947 0.227575 0.016529 0.023256
8 0.553129 0.222591 0.038961 0.039867
0 0.212515 0.538206 0.018890 0.016611
6 0.827627 0.230066 0.047226 0.018272
0 0.626328 0.171927 0.015348 0.014950
3 0.092680 0.218439 0.029516 0.018272
4 0.233176 0.294850 0.015348 0.021595
2 0.628689 0.273256 0.024793 0.024917
22 0.548406 0.533223 0.022432 0.036545
25 0.053719 0.743355 0.027155 0.054817
25 0.276860 0.838870 0.024793 0.046512
4 0.364227 0.184385 0.034238 0.019934
6 0.530697 0.181063 0.048406 0.016611
22 0.579693 0.184385 0.023613 0.033223
0 0.949233 0.068937 0.018890 0.024917
