3 0.692537 0.468067 0.009552 0.028571
1 0.236716 0.439496 0.056716 0.063866
2 0.239701 0.355462 0.018507 0.015126
1 0.274627 0.190336 0.058507 0.054622
3 0.347463 0.468067 0.009552 0.026891
4 0.591343 0.351261 0.014925 0.020168
1 0.626567 0.195798 0.061493 0.053782
3 0.740896 0.248319 0.009552 0.029412
3 0.364179 0.468487 0.010746 0.027731
2 0.358209 0.422689 0.015522 0.013445
30 0.374328 0.521849 0.058507 0.048739
2 0.141791 0.199580 0.011343 0.022689
2 0.147761 0.434874 0.010149 0.022689
2 0.668955 0.311765 0.017313 0.015126
0 0.144776 0.308403 0.010149 0.016807
4 0.238806 0.325210 0.014328 0.018487
2 0.494627 0.199580 0.012537 0.022689
35 0.352537 0.183193 0.018507 0.026891
0 0.496716 0.333613 0.008358 0.013445
2 0.340896 0.291597 0.013134 0.020168
2 0.686567 0.423529 0.015522 0.015126
4 0.676119 0.250420 0.013731 0.026891
26 0.305075 0.253782 0.021493 0.060504
4 0.323284 0.259664 0.014925 0.028571
0 0.184776 0.434874 0.010149 0.012605
2 0.591045 0.378151 0.017910 0.015126
26 0.657015 0.253361 0.024478 0.063025
35 0.351642 0.223529 0.019104 0.028571
2 0.311940 0.166807 0.016119 0.015966
3 0.388358 0.252521 0.010149 0.026050
2 0.299403 0.434874 0.012537 0.019328
2 0.661791 0.165126 0.012537 0.012605
35 0.702388 0.186134 0.016119 0.032773
35 0.702985 0.225210 0.016119 0.028571
3 0.672836 0.471429 0.008358 0.025210
30 0.706567 0.523529 0.065075 0.048739
