1 0.219748 0.755030 0.083193 0.104142
3 0.126891 0.370414 0.015126 0.035503
3 0.797899 0.171598 0.012605 0.037870
3 0.155042 0.230769 0.027731 0.016568
3 0.596639 0.170414 0.013445 0.040237
3 0.828992 0.171006 0.012605 0.039053
3 0.567227 0.171598 0.011765 0.037870
2 0.566807 0.720710 0.021008 0.016568
24 0.821849 0.336686 0.026891 0.043787
3 0.488655 0.230178 0.027731 0.015385
3 0.567227 0.531953 0.011765 0.039053
2 0.807983 0.723669 0.021008 0.017751
24 0.591597 0.337278 0.026891 0.044970
42 0.677311 0.230769 0.023529 0.018935
42 0.684874 0.591716 0.021849 0.021302
2 0.239496 0.259763 0.023529 0.017751
42 0.756723 0.320118 0.022689 0.017751
24 0.831933 0.698225 0.025210 0.042604
3 0.719328 0.230769 0.026891 0.016568
3 0.193697 0.437278 0.014286 0.034320
3 0.488655 0.590533 0.026050 0.016568
42 0.525210 0.320118 0.023529 0.017751
3 0.597059 0.531953 0.012605 0.039053
42 0.138655 0.791716 0.023529 0.016568
3 0.466807 0.495858 0.014286 0.037870
3 0.509244 0.531361 0.015126 0.035503
42 0.231513 0.466864 0.022689 0.017751
3 0.706723 0.495858 0.015126 0.035503
42 0.525210 0.680473 0.021849 0.018935
3 0.807143 0.531361 0.012605 0.035503
3 0.727311 0.591124 0.027731 0.015385
3 0.697899 0.135503 0.014286 0.036686
2 0.126471 0.550296 0.026050 0.018935
3 0.467227 0.136686 0.015126 0.036686
42 0.445378 0.590533 0.020168 0.018935
0 0.126891 0.333136 0.015126 0.015385
42 0.764286 0.680473 0.022689 0.018935
3 0.747899 0.531361 0.015126 0.035503
24 0.590756 0.697633 0.026891 0.043787
2 0.797899 0.360947 0.019328 0.016568
42 0.244538 0.189349 0.021849 0.016568
42 0.303361 0.791124 0.023529 0.015385
35 0.190756 0.224852 0.020168 0.028402
42 0.445378 0.231361 0.021849 0.020118
2 0.566387 0.360947 0.018487 0.018935
3 0.740336 0.171006 0.015126 0.036686
2 0.349580 0.756805 0.013445 0.024852
42 0.138235 0.768639 0.022689 0.015385
42 0.138235 0.721302 0.024370 0.015385
5 0.201681 0.187574 0.021849 0.020118
42 0.137815 0.743195 0.023529 0.014201
35 0.468487 0.192899 0.026050 0.030769
42 0.303782 0.743787 0.022689 0.015385
3 0.836134 0.531361 0.013445 0.037870
10 0.561345 0.228994 0.020168 0.039053
10 0.562185 0.590533 0.020168 0.042604
42 0.575630 0.419527 0.020168 0.020118
42 0.815126 0.419527 0.020168 0.020118
3 0.508403 0.171598 0.015126 0.037870
42 0.214706 0.648521 0.017647 0.030769
35 0.470588 0.555030 0.025210 0.033136
42 0.303361 0.767456 0.021849 0.015385
42 0.303361 0.721893 0.021849 0.014201
10 0.801681 0.590533 0.018487 0.040237
75 0.126050 0.263905 0.015126 0.033136
0 0.726471 0.450888 0.014286 0.011834
5 0.568908 0.287574 0.016807 0.030769
5 0.799160 0.286391 0.016807 0.033136
10 0.793277 0.226036 0.018487 0.040237
0 0.718487 0.090533 0.013445 0.013018
0 0.486555 0.451479 0.013445 0.010651
35 0.701681 0.195266 0.021849 0.030769
5 0.807143 0.647929 0.015966 0.031953
0 0.126471 0.179290 0.014286 0.013018
0 0.118908 0.756213 0.010924 0.016568
35 0.710084 0.555030 0.023529 0.033136
5 0.567647 0.648521 0.015966 0.033136
5 0.157563 0.188757 0.017647 0.022485
1 0.133193 0.464497 0.037815 0.067456
20 0.189916 0.500000 0.025210 0.036686
0 0.487815 0.092308 0.017647 0.018935
42 0.576471 0.057988 0.023529 0.023669
42 0.807563 0.057396 0.021849 0.020118
