1 0.119231 0.831410 0.093162 0.057692
3 0.320940 0.215385 0.023077 0.017949
24 0.276496 0.901923 0.040171 0.067949
2 0.316239 0.789103 0.025641 0.021795
3 0.457265 0.337821 0.011966 0.037179
1 0.145726 0.226923 0.115385 0.161538
1 0.518376 0.520513 0.094872 0.084615
2 0.119658 0.936538 0.025641 0.021795
2 0.406410 0.673718 0.024786 0.024359
2 0.653846 0.718590 0.023932 0.021795
2 0.230769 0.270513 0.023932 0.020513
4 0.662821 0.528205 0.017949 0.025641
3 0.320940 0.280128 0.023077 0.016667
2 0.094872 0.487179 0.020513 0.020513
2 0.397436 0.232051 0.025641 0.025641
4 0.619658 0.528846 0.017094 0.024359
3 0.321368 0.305769 0.023932 0.016667
2 0.577778 0.717949 0.025641 0.023077
2 0.350000 0.937179 0.024786 0.020513
3 0.320940 0.247436 0.023077 0.017949
2 0.457265 0.379487 0.025641 0.025641
4 0.059829 0.882692 0.017094 0.021795
3 0.191880 0.786538 0.012821 0.037179
4 0.384188 0.355769 0.017949 0.044872
2 0.687607 0.487179 0.024786 0.023077
2 0.373077 0.685897 0.026496 0.023077
2 0.216239 0.760256 0.015385 0.030769
0 0.290598 0.206410 0.015385 0.015385
24 0.683761 0.683974 0.042735 0.042308
2 0.352137 0.407692 0.013675 0.030769
4 0.576496 0.667949 0.019658 0.030769
4 0.370940 0.592308 0.020513 0.030769
0 0.690171 0.556410 0.011111 0.020513
23 0.192308 0.872436 0.017094 0.034615
3 0.435897 0.618590 0.029060 0.016667
2 0.585470 0.474359 0.023932 0.023077
28 0.400427 0.174359 0.031624 0.051282
1 0.055556 0.601282 0.052991 0.225641
0 0.064103 0.242308 0.015385 0.015385
2 0.094444 0.720513 0.023077 0.017949
4 0.315812 0.837179 0.019658 0.025641
0 0.239744 0.822436 0.016239 0.014103
0 0.356410 0.486538 0.010256 0.021795
2 0.217521 0.570513 0.023077 0.020513
49 0.270085 0.610897 0.056410 0.083333
6 0.611111 0.604487 0.047863 0.014103
0 0.121795 0.567949 0.011111 0.015385
0 0.350855 0.871795 0.014530 0.015385
27 0.364103 0.352564 0.017094 0.061538
30 0.046154 0.790385 0.046154 0.096154
0 0.122650 0.687179 0.014530 0.023077
0 0.202564 0.601282 0.011966 0.017949
35 0.430342 0.523077 0.024786 0.048718
35 0.427350 0.579487 0.025641 0.038462
0 0.047863 0.858333 0.017094 0.019231
