1 0.802521 0.224852 0.075630 0.111243
2 0.844538 0.370414 0.023529 0.023669
1 0.250840 0.243787 0.076471 0.108876
4 0.596639 0.129586 0.018487 0.031953
1 0.680252 0.211834 0.068067 0.082840
3 0.844958 0.324260 0.014286 0.037870
24 0.102101 0.695266 0.027731 0.043787
4 0.348739 0.205325 0.018487 0.022485
3 0.663866 0.352663 0.011765 0.035503
2 0.183613 0.407692 0.012605 0.029586
2 0.744538 0.091124 0.020168 0.021302
24 0.047899 0.514793 0.026891 0.042604
22 0.101261 0.507101 0.024370 0.022485
4 0.206303 0.525444 0.015966 0.026036
3 0.105462 0.200592 0.012605 0.036686
4 0.499580 0.237278 0.017647 0.024852
2 0.538235 0.366272 0.026050 0.022485
2 0.273950 0.742012 0.021849 0.018935
0 0.143277 0.101775 0.012605 0.011834
3 0.063445 0.289349 0.012605 0.036686
3 0.689076 0.351479 0.011765 0.033136
2 0.380252 0.253846 0.014286 0.024852
2 0.372689 0.205325 0.012605 0.024852
18 0.958403 0.250296 0.021008 0.034320
2 0.063445 0.333136 0.024370 0.020118
0 0.141597 0.678698 0.010924 0.015385
0 0.105462 0.102367 0.012605 0.013018
2 0.144538 0.714201 0.013445 0.027219
24 0.270168 0.641420 0.037815 0.042604
2 0.413866 0.284615 0.012605 0.027219
2 0.311345 0.723669 0.019328 0.020118
2 0.127731 0.407692 0.013445 0.027219
4 0.247899 0.089349 0.013445 0.022485
3 0.811765 0.301775 0.030252 0.016568
4 0.168908 0.525444 0.016807 0.021302
18 0.957983 0.179882 0.020168 0.033136
3 0.323950 0.283432 0.024370 0.017751
18 0.912185 0.250888 0.021008 0.035503
3 0.063445 0.213018 0.014286 0.035503
2 0.555462 0.185207 0.023529 0.017751
3 0.143277 0.200592 0.012605 0.034320
6 0.452101 0.087574 0.033613 0.011834
0 0.306723 0.068639 0.013445 0.011834
23 0.131513 0.528402 0.015966 0.027219
4 0.743277 0.129586 0.021008 0.024852
2 0.715126 0.168639 0.016807 0.022485
2 0.137395 0.278107 0.014286 0.026036
23 0.555462 0.127811 0.016807 0.040237
3 0.504202 0.088166 0.028571 0.015385
4 0.192857 0.279290 0.017647 0.026036
3 0.538235 0.305325 0.012605 0.040237
3 0.538235 0.241420 0.012605 0.035503
2 0.716807 0.257988 0.015126 0.018935
3 0.336555 0.553846 0.027731 0.016568
2 0.261765 0.520710 0.012605 0.030769
4 0.370588 0.284615 0.021849 0.024852
2 0.359244 0.142604 0.012605 0.029586
3 0.272689 0.703550 0.014286 0.031953
2 0.186975 0.193491 0.012605 0.024852
8 0.310504 0.678698 0.029412 0.034320
2 0.637815 0.257988 0.016807 0.021302
2 0.189916 0.218935 0.013445 0.023669
2 0.262605 0.679882 0.015966 0.017751
2 0.130252 0.569231 0.025210 0.018935
8 0.331933 0.089941 0.026891 0.037870
2 0.663866 0.392899 0.020168 0.021302
4 0.323950 0.253846 0.014286 0.024852
3 0.290756 0.520118 0.025210 0.015385
18 0.911345 0.180473 0.019328 0.034320
0 0.063445 0.179290 0.014286 0.013018
22 0.860084 0.153254 0.024370 0.022485
48 0.400000 0.086982 0.026891 0.029586
35 0.100420 0.142604 0.021008 0.029586
48 0.401681 0.142012 0.028571 0.030769
3 0.155462 0.408284 0.026891 0.014201
35 0.139916 0.142012 0.024370 0.030769
0 0.201681 0.077515 0.011765 0.017751
0 0.597899 0.077515 0.012605 0.015385
2 0.638655 0.198817 0.021849 0.018935
2 0.757983 0.245562 0.028571 0.024852
0 0.131092 0.498225 0.015126 0.011834
21 0.336555 0.520118 0.037815 0.027219
