1 0.352385 0.140625 0.065707 0.070312
2 0.229973 0.205078 0.015302 0.014323
2 0.185419 0.164062 0.014401 0.013021
2 0.428893 0.178385 0.013501 0.013021
2 0.507651 0.143880 0.010801 0.019531
49 0.543654 0.130208 0.030603 0.046875
2 0.063456 0.529948 0.013501 0.015625
2 0.283978 0.205078 0.015302 0.014323
2 0.309181 0.130859 0.009901 0.011719
6 0.257876 0.091797 0.024302 0.014323
2 0.401440 0.269531 0.016202 0.013021
3 0.185419 0.123698 0.012601 0.033854
3 0.303330 0.079427 0.023402 0.018229
3 0.063906 0.442057 0.012601 0.032552
49 0.087309 0.129557 0.061206 0.105469
4 0.428893 0.150391 0.020702 0.019531
3 0.075158 0.207031 0.026103 0.018229
4 0.282628 0.119792 0.021602 0.020833
3 0.139964 0.111979 0.027903 0.020833
0 0.444194 0.132161 0.011701 0.014323
3 0.139514 0.133464 0.027003 0.019531
0 0.063456 0.407552 0.013501 0.015625
0 0.186319 0.083333 0.014401 0.018229
0 0.229073 0.082682 0.011701 0.016927
4 0.230873 0.175130 0.018902 0.022135
4 0.283528 0.173828 0.023402 0.019531
4 0.337534 0.078776 0.018002 0.029948
2 0.366787 0.078125 0.015302 0.018229
4 0.410441 0.118490 0.016202 0.033854
2 0.440144 0.115885 0.018002 0.015625
5 0.402790 0.248047 0.018902 0.027344
0 0.508101 0.118490 0.013501 0.023438
5 0.064806 0.496745 0.018002 0.029948
3 0.402340 0.193359 0.016202 0.045573
