1 0.434874 0.524852 0.089916 0.074556
24 0.688235 0.431361 0.026891 0.041420
24 0.687395 0.324260 0.026891 0.040237
23 0.560084 0.565680 0.014286 0.030769
2 0.559244 0.615976 0.024370 0.020118
6 0.273529 0.523077 0.037815 0.011834
1 0.124790 0.543195 0.047899 0.063905
2 0.526050 0.615976 0.023529 0.020118
2 0.239916 0.615976 0.022689 0.020118
3 0.202521 0.165089 0.011765 0.039053
2 0.206303 0.616568 0.022689 0.021302
1 0.132773 0.217751 0.050420 0.061538
3 0.315126 0.565680 0.013445 0.037870
4 0.360924 0.240828 0.017647 0.031953
1 0.441597 0.200000 0.086555 0.075740
3 0.193697 0.489349 0.012605 0.039053
2 0.164286 0.598817 0.022689 0.018935
2 0.664286 0.368047 0.024370 0.018935
2 0.659664 0.162722 0.025210 0.020118
3 0.323950 0.242012 0.012605 0.039053
2 0.567647 0.291124 0.024370 0.021302
2 0.140756 0.142012 0.012605 0.028402
2 0.324370 0.349704 0.025210 0.020118
4 0.323529 0.300592 0.020168 0.033136
2 0.172689 0.273964 0.022689 0.017751
2 0.534454 0.291124 0.023529 0.018935
2 0.248319 0.291124 0.024370 0.018935
4 0.205882 0.565089 0.016807 0.024852
2 0.377311 0.486982 0.023529 0.020118
2 0.123529 0.460947 0.013445 0.029586
35 0.164286 0.468639 0.024370 0.037870
4 0.352101 0.565680 0.018487 0.028402
2 0.215126 0.291124 0.021849 0.018935
2 0.660504 0.255621 0.023529 0.018935
2 0.315966 0.674556 0.025210 0.021302
2 0.487395 0.468047 0.023529 0.022485
4 0.315126 0.625444 0.018487 0.029586
2 0.386134 0.162130 0.022689 0.018935
4 0.214706 0.240237 0.017647 0.021302
23 0.534454 0.240828 0.016807 0.029586
23 0.525630 0.565680 0.015966 0.033136
18 0.772269 0.642012 0.021849 0.036686
16 0.702521 0.190533 0.047059 0.052071
35 0.176891 0.149704 0.022689 0.034320
18 0.798739 0.640237 0.021008 0.033136
23 0.239916 0.565089 0.017647 0.031953
23 0.248739 0.241420 0.016807 0.030769
23 0.568908 0.240237 0.015126 0.033136
2 0.494958 0.144379 0.021849 0.018935
2 0.664286 0.463314 0.024370 0.020118
7 0.596218 0.524852 0.032773 0.013018
6 0.278151 0.194675 0.033613 0.017751
7 0.605462 0.201183 0.029412 0.016568
