1 0.851261 0.296450 0.065546 0.155030
1 0.318067 0.182840 0.064706 0.086391
2 0.815126 0.405917 0.023529 0.021302
2 0.665546 0.205325 0.018487 0.020118
2 0.768487 0.353254 0.021008 0.020118
2 0.374370 0.468639 0.022689 0.021302
3 0.521849 0.153254 0.025210 0.015385
1 0.416807 0.431361 0.070588 0.053254
1 0.584034 0.172189 0.072269 0.169231
49 0.373109 0.560947 0.055462 0.101775
3 0.646639 0.189349 0.026050 0.016568
2 0.306303 0.613018 0.021008 0.021302
2 0.276891 0.228994 0.021008 0.020118
3 0.550420 0.596450 0.026891 0.014201
2 0.218067 0.205325 0.017647 0.020118
0 0.378571 0.350888 0.015966 0.013018
2 0.502941 0.170414 0.017647 0.018935
2 0.627731 0.250888 0.021849 0.021302
3 0.235714 0.175148 0.027731 0.016568
3 0.785714 0.265680 0.026891 0.015385
2 0.568067 0.660947 0.021849 0.020118
3 0.550420 0.633136 0.026891 0.014201
3 0.550000 0.524852 0.027731 0.013018
2 0.629412 0.120710 0.016807 0.018935
3 0.786555 0.336686 0.025210 0.017751
3 0.324370 0.600592 0.026891 0.015385
0 0.475210 0.351479 0.015966 0.014201
3 0.344118 0.443787 0.029412 0.016568
4 0.494118 0.418343 0.016807 0.022485
3 0.549580 0.488757 0.026891 0.014201
3 0.550000 0.479290 0.027731 0.016568
3 0.550000 0.572781 0.026050 0.016568
3 0.550420 0.513609 0.026891 0.014201
3 0.549580 0.549704 0.028571 0.015385
0 0.516387 0.210651 0.014286 0.011834
3 0.324370 0.573373 0.028571 0.015385
3 0.550420 0.618935 0.026891 0.014201
3 0.323529 0.525444 0.028571 0.018935
3 0.550420 0.642604 0.026891 0.016568
3 0.551261 0.539053 0.025210 0.017751
3 0.323950 0.584615 0.027731 0.014201
3 0.323950 0.562130 0.027731 0.014201
3 0.235294 0.188757 0.026891 0.015385
49 0.502101 0.562130 0.054622 0.208284
3 0.323109 0.550888 0.027731 0.015385
2 0.518487 0.431953 0.018487 0.018935
0 0.252521 0.222485 0.014286 0.011834
4 0.365126 0.407692 0.014286 0.022485
3 0.550420 0.609467 0.025210 0.014201
3 0.550840 0.503550 0.024370 0.013018
35 0.321008 0.420118 0.025210 0.028402
3 0.324370 0.536686 0.028571 0.017751
0 0.797479 0.360355 0.013445 0.017751
