1 0.263901 0.200969 0.079555 0.089588
1 0.604790 0.229419 0.099230 0.185230
3 0.185201 0.194915 0.028229 0.014528
3 0.441403 0.237288 0.027374 0.019370
2 0.119760 0.243341 0.023952 0.019370
0 0.353721 0.201574 0.011121 0.018160
4 0.491018 0.139225 0.015398 0.026634
3 0.145423 0.208232 0.027374 0.016949
4 0.722412 0.188862 0.016253 0.026634
2 0.603507 0.381961 0.026518 0.018160
4 0.444397 0.140436 0.016253 0.024213
2 0.197177 0.243341 0.021386 0.016949
3 0.680496 0.309927 0.014542 0.043584
3 0.441403 0.273608 0.029085 0.019370
4 0.688623 0.188257 0.017109 0.023002
3 0.392643 0.201574 0.030796 0.018160
2 0.710864 0.226392 0.020530 0.016949
2 0.317365 0.214286 0.020530 0.016949
2 0.470488 0.188257 0.022241 0.018160
2 0.265184 0.340194 0.025663 0.019370
35 0.505133 0.267554 0.029940 0.036320
2 0.192472 0.144068 0.020530 0.019370
90 0.306245 0.317797 0.039350 0.037530
0 0.159110 0.161017 0.013687 0.014528
0 0.174936 0.228208 0.014542 0.013317
35 0.505560 0.231235 0.029085 0.038741
