1 0.223494 0.793951 0.066158 0.104579
1 0.888889 0.303844 0.040712 0.025438
14 0.066582 0.328151 0.025445 0.027699
1 0.363444 0.449689 0.037320 0.054833
1 0.886980 0.168174 0.028414 0.024308
1 0.278838 0.448559 0.037744 0.054833
1 0.191264 0.449406 0.036472 0.053137
1 0.515479 0.280102 0.042833 0.040136
1 0.481340 0.121820 0.036472 0.044658
2 0.120229 0.812323 0.008906 0.018089
2 0.335242 0.475692 0.012299 0.010741
2 0.031170 0.321085 0.008906 0.015828
1 0.708863 0.247880 0.027566 0.028830
0 0.217769 0.425382 0.007209 0.007349
24 0.050466 0.213115 0.020356 0.072357
3 0.747668 0.258055 0.014419 0.009610
3 0.318490 0.182872 0.006785 0.017524
2 0.411790 0.193047 0.012723 0.013002
1 0.512299 0.527134 0.027142 0.020916
2 0.472010 0.456473 0.008482 0.016393
24 0.572943 0.117581 0.016115 0.020350
2 0.167091 0.476258 0.011874 0.010741
3 0.480068 0.274166 0.015267 0.009045
0 0.305344 0.425099 0.006785 0.006783
2 0.826760 0.125495 0.013147 0.010175
2 0.579941 0.273318 0.008906 0.015263
2 0.121289 0.128886 0.012723 0.011306
3 0.905216 0.124364 0.007209 0.018089
2 0.617897 0.255229 0.011874 0.009610
2 0.091391 0.128321 0.013147 0.010175
3 0.256573 0.182589 0.006785 0.016959
70 0.195929 0.538440 0.035623 0.068400
15 0.668575 0.316846 0.017388 0.020916
4 0.093936 0.342284 0.009754 0.011871
0 0.346692 0.091012 0.008058 0.005653
70 0.279686 0.538722 0.029262 0.065574
2 0.250636 0.475692 0.012723 0.011871
22 0.649067 0.157999 0.013995 0.008479
2 0.290500 0.193612 0.011026 0.009610
2 0.858779 0.293386 0.009330 0.010175
4 0.092239 0.109949 0.008906 0.009610
4 0.122137 0.109949 0.009330 0.010741
2 0.937871 0.124647 0.013995 0.008479
2 0.828668 0.154042 0.008482 0.015263
0 0.244699 0.090164 0.006785 0.007349
3 0.068702 0.492086 0.006785 0.017524
2 0.352205 0.193895 0.011450 0.010175
27 0.276081 0.204353 0.016964 0.011871
3 0.503393 0.455907 0.017812 0.009610
3 0.377651 0.182306 0.008906 0.016393
2 0.714589 0.137083 0.012723 0.011871
2 0.456955 0.245619 0.008906 0.014132
2 0.076760 0.179197 0.011874 0.010175
0 0.390585 0.425382 0.008482 0.007349
49 0.065946 0.098078 0.019932 0.015263
24 0.046862 0.473997 0.012299 0.035613
0 0.918787 0.295930 0.007209 0.010741
35 0.519084 0.455059 0.016115 0.014698
4 0.247455 0.113341 0.009754 0.011871
4 0.715437 0.109949 0.008482 0.014132
2 0.261450 0.740814 0.011450 0.007349
2 0.097116 0.471735 0.008482 0.010741
4 0.562341 0.274449 0.012723 0.009610
4 0.339695 0.225834 0.011026 0.010741
4 0.280958 0.826738 0.010602 0.010741
0 0.435115 0.108536 0.008482 0.007914
4 0.105174 0.098078 0.007634 0.011871
4 0.264843 0.115319 0.011450 0.011306
2 0.247031 0.133409 0.012299 0.010175
2 0.265055 0.133691 0.010178 0.009610
2 0.301103 0.135105 0.011874 0.007914
4 0.300679 0.115319 0.009330 0.010175
6 0.276293 0.096947 0.020780 0.009610
4 0.348813 0.114189 0.008906 0.007914
2 0.351145 0.133691 0.013571 0.011871
2 0.372349 0.134539 0.012723 0.006783
4 0.370653 0.114754 0.009330 0.007914
41 0.374894 0.097513 0.009330 0.007349
2 0.483249 0.082250 0.010602 0.010741
0 0.627439 0.151781 0.008058 0.009610
0 0.669423 0.154324 0.006361 0.010175
15 0.670908 0.107688 0.019508 0.023177
0 0.690204 0.118711 0.007209 0.006783
0 0.691476 0.088751 0.008058 0.010175
3 0.689355 0.140475 0.007209 0.016393
2 0.690204 0.164217 0.013147 0.010741
2 0.076760 0.213963 0.010178 0.015263
0 0.090543 0.219616 0.008058 0.010741
0 0.212256 0.163934 0.008906 0.010175
3 0.211620 0.183437 0.008482 0.016393
0 0.256361 0.165630 0.010602 0.009045
4 0.256149 0.233748 0.010178 0.009610
2 0.256573 0.251837 0.012723 0.010741
0 0.318278 0.164217 0.007209 0.008479
4 0.318278 0.235161 0.009754 0.010175
2 0.317854 0.252685 0.011450 0.009045
27 0.340119 0.204918 0.020356 0.014132
0 0.377439 0.164217 0.008482 0.008479
27 0.396310 0.214245 0.023325 0.012436
0 0.482824 0.297908 0.008906 0.010175
2 0.536896 0.252968 0.011026 0.009610
0 0.546014 0.251555 0.006361 0.006783
41 0.546862 0.264274 0.006361 0.010741
2 0.557888 0.299039 0.012299 0.010175
4 0.541137 0.339175 0.010178 0.010175
2 0.540076 0.365461 0.012299 0.011871
3 0.638677 0.248728 0.016115 0.013567
8 0.637405 0.315998 0.013571 0.020350
2 0.689143 0.323629 0.013571 0.010741
4 0.733461 0.242510 0.011450 0.009045
4 0.044105 0.340023 0.006785 0.013002
6 0.053647 0.355285 0.006361 0.022046
2 0.086726 0.363200 0.007209 0.015263
0 0.137617 0.310910 0.006361 0.006783
3 0.137405 0.330130 0.007634 0.016959
3 0.137193 0.362634 0.008058 0.017524
4 0.154792 0.360656 0.008482 0.007914
2 0.138465 0.382702 0.010602 0.009045
3 0.066370 0.454777 0.008906 0.015263
2 0.073367 0.442906 0.006785 0.009610
0 0.083757 0.476823 0.006361 0.007349
2 0.074003 0.506501 0.006361 0.013567
2 0.227735 0.446863 0.009330 0.015263
0 0.218617 0.467778 0.004665 0.008479
2 0.315098 0.446863 0.010178 0.015263
0 0.305556 0.467496 0.006361 0.007914
2 0.401187 0.444884 0.008482 0.013567
0 0.389949 0.467213 0.008058 0.007349
3 0.502120 0.491803 0.011026 0.010175
35 0.517812 0.488694 0.011026 0.016393
2 0.490246 0.523460 0.007634 0.015828
0 0.540500 0.526003 0.005513 0.007349
4 0.132952 0.813454 0.007209 0.016959
41 0.131467 0.773036 0.009330 0.006218
41 0.130831 0.778406 0.011450 0.006783
41 0.152672 0.773318 0.009330 0.005653
41 0.152460 0.778406 0.009754 0.006783
41 0.153308 0.784907 0.008906 0.006218
41 0.152884 0.796213 0.010602 0.006218
41 0.153308 0.801018 0.012299 0.006783
41 0.153732 0.807518 0.009754 0.006218
41 0.152460 0.817694 0.008906 0.005088
41 0.153096 0.824477 0.011026 0.006218
41 0.153096 0.830130 0.011874 0.006218
41 0.153096 0.836066 0.011026 0.005653
41 0.152884 0.841153 0.011450 0.006783
2 0.298770 0.819672 0.007209 0.015828
4 0.287108 0.842001 0.007634 0.014132
2 0.298558 0.841718 0.007634 0.014698
0 0.820399 0.082815 0.008058 0.007349
4 0.825488 0.103731 0.011450 0.009610
3 0.837150 0.109384 0.007634 0.014132
22 0.850509 0.087337 0.010602 0.015263
3 0.837998 0.143584 0.009330 0.013567
6 0.891433 0.088185 0.022053 0.010175
2 0.907337 0.104014 0.015691 0.013567
4 0.936175 0.103448 0.015691 0.011306
0 0.953562 0.086207 0.008058 0.011871
0 0.858142 0.315432 0.006361 0.009045
2 0.851357 0.167326 0.006361 0.013567
