3 0.504622 0.472189 0.014286 0.037870
1 0.166387 0.384024 0.070588 0.084024
1 0.437815 0.382249 0.080672 0.066272
1 0.670168 0.349704 0.046218 0.069822
4 0.541597 0.330769 0.019328 0.022485
2 0.723950 0.509467 0.026050 0.022485
2 0.365546 0.293491 0.025210 0.021302
4 0.260504 0.449112 0.020168 0.029586
2 0.694118 0.273373 0.025210 0.021302
4 0.282353 0.389941 0.015126 0.020118
4 0.563445 0.327219 0.017647 0.015385
3 0.260924 0.389349 0.012605 0.033136
29 0.510924 0.536095 0.031933 0.080473
2 0.260924 0.497633 0.026050 0.020118
42 0.723109 0.406509 0.015966 0.041420
4 0.365546 0.347929 0.018487 0.018935
4 0.593277 0.402367 0.016807 0.028402
4 0.614286 0.327811 0.018487 0.018935
4 0.589076 0.328402 0.016807 0.017751
2 0.504202 0.605325 0.026891 0.020118
4 0.563445 0.448521 0.019328 0.026036
2 0.116807 0.410059 0.021849 0.020118
3 0.563866 0.402367 0.013445 0.033136
42 0.618487 0.378107 0.030252 0.017751
26 0.723109 0.464497 0.021008 0.031953
35 0.373529 0.498817 0.022689 0.036686
2 0.437815 0.293491 0.025210 0.021302
2 0.437815 0.292308 0.025210 0.021302
2 0.563866 0.533728 0.021849 0.021302
35 0.302941 0.508284 0.022689 0.031953
35 0.331513 0.497041 0.024370 0.037870
35 0.346639 0.508284 0.021008 0.029586
6 0.537395 0.378107 0.036134 0.017751
