3 0.153623 0.072571 0.023188 0.036900
3 0.152899 0.688807 0.021739 0.036900
3 0.152899 0.227552 0.021739 0.036900
3 0.152899 0.380689 0.021739 0.035670
3 0.348551 0.380689 0.021739 0.035670
3 0.153623 0.534440 0.023188 0.035670
3 0.152899 0.841328 0.021739 0.036900
3 0.348551 0.841943 0.021739 0.038130
3 0.349275 0.071956 0.023188 0.038130
1 0.247101 0.141451 0.094203 0.051661
3 0.350000 0.688192 0.021739 0.035670
3 0.349275 0.534440 0.023188 0.035670
1 0.247101 0.755843 0.094203 0.050431
3 0.349275 0.225707 0.020290 0.035670
1 0.247101 0.602706 0.094203 0.051661
35 0.517391 0.389914 0.040580 0.041820
1 0.247101 0.293973 0.094203 0.051661
3 0.521739 0.436039 0.020290 0.035670
1 0.247101 0.908979 0.094203 0.051661
3 0.450000 0.970480 0.050725 0.014760
24 0.036232 0.608241 0.055072 0.030750
1 0.247101 0.447724 0.094203 0.051661
24 0.036232 0.146371 0.055072 0.029520
3 0.521014 0.276138 0.021739 0.035670
24 0.958696 0.441574 0.050725 0.029520
35 0.516667 0.537515 0.039130 0.039360
3 0.515217 0.116236 0.021739 0.038130
35 0.524638 0.698032 0.040580 0.040590
3 0.528986 0.744157 0.023188 0.039360
4 0.152899 0.485855 0.033333 0.019680
3 0.521739 0.583641 0.023188 0.035670
3 0.506522 0.891759 0.021739 0.036900
35 0.501449 0.846248 0.040580 0.036900
24 0.032609 0.454490 0.047826 0.030750
4 0.152899 0.947109 0.033333 0.019680
3 0.420290 0.030750 0.046377 0.014760
35 0.509420 0.071956 0.042029 0.038130
24 0.032609 0.915744 0.047826 0.030750
24 0.034783 0.301353 0.055072 0.031980
35 0.514493 0.232472 0.040580 0.034440
4 0.152899 0.178352 0.033333 0.017220
4 0.152899 0.793358 0.033333 0.017220
4 0.152174 0.332718 0.031884 0.018450
24 0.036232 0.761993 0.055072 0.030750
4 0.152899 0.639606 0.033333 0.017220
8 0.346377 0.436039 0.052174 0.038130
8 0.344928 0.744772 0.055072 0.040590
8 0.346377 0.281673 0.052174 0.039360
8 0.343478 0.127306 0.063768 0.045510
8 0.346377 0.587331 0.052174 0.038130
8 0.347101 0.895449 0.047826 0.039360
