35 0.342437 0.650888 0.026050 0.044970
35 0.342857 0.236686 0.025210 0.047337
35 0.326050 0.436095 0.023529 0.041420
35 0.343697 0.602367 0.023529 0.035503
35 0.774370 0.242012 0.022689 0.041420
1 0.789916 0.504734 0.053782 0.055621
35 0.342857 0.187574 0.023529 0.036686
75 0.080672 0.159763 0.025210 0.028402
1 0.512185 0.506509 0.054622 0.056805
1 0.696639 0.504734 0.053782 0.055621
1 0.608824 0.504142 0.052941 0.056805
2 0.242017 0.707101 0.013445 0.029586
1 0.907983 0.502367 0.056303 0.053254
1 0.173950 0.218343 0.062185 0.060355
1 0.606723 0.223669 0.060504 0.061538
1 0.173109 0.631953 0.062185 0.061538
2 0.379832 0.242012 0.015126 0.031953
35 0.326891 0.388757 0.023529 0.031953
75 0.939496 0.353846 0.028571 0.028402
1 0.156723 0.420710 0.057983 0.065089
75 0.081513 0.572781 0.026891 0.030769
2 0.242437 0.294675 0.012605 0.030769
75 0.063866 0.360355 0.023529 0.029586
24 0.042857 0.421302 0.025210 0.066272
3 0.290336 0.608876 0.026050 0.015385
75 0.876471 0.230769 0.028571 0.030769
4 0.609664 0.431361 0.017647 0.024852
4 0.697479 0.431361 0.018487 0.024852
24 0.060084 0.218935 0.026050 0.063905
75 0.513445 0.165680 0.021849 0.030769
2 0.663445 0.314793 0.024370 0.018935
3 0.289916 0.242012 0.028571 0.015385
24 0.060924 0.633136 0.026050 0.063905
4 0.513445 0.430769 0.018487 0.023669
2 0.380252 0.655621 0.015966 0.033136
35 0.776891 0.192899 0.024370 0.035503
4 0.903361 0.426036 0.016807 0.023669
24 0.492857 0.223669 0.024370 0.063905
75 0.430252 0.359172 0.026891 0.029586
3 0.290756 0.194675 0.026891 0.013018
4 0.789916 0.431953 0.020168 0.023669
3 0.723109 0.248521 0.027731 0.014201
3 0.273529 0.442604 0.027731 0.014201
2 0.910504 0.231361 0.014286 0.031953
2 0.960084 0.388757 0.012605 0.031953
2 0.443697 0.389349 0.015126 0.030769
2 0.363445 0.442604 0.014286 0.030769
3 0.273950 0.396450 0.025210 0.014201
2 0.224370 0.495858 0.013445 0.030769
3 0.290756 0.656213 0.026891 0.015385
2 0.813025 0.247929 0.014286 0.031953
3 0.723529 0.202367 0.025210 0.016568
