3 0.584034 0.542604 0.011765 0.034320
1 0.423109 0.223669 0.103361 0.134911
2 0.584874 0.580473 0.025210 0.020118
1 0.437395 0.538462 0.108403 0.137278
2 0.247899 0.107692 0.023529 0.018935
4 0.260084 0.459172 0.015966 0.023669
3 0.571429 0.228994 0.011765 0.034320
75 0.184034 0.484615 0.030252 0.029586
75 0.182773 0.549112 0.027731 0.033136
75 0.800840 0.313609 0.026891 0.030769
2 0.572269 0.268047 0.025210 0.020118
2 0.835294 0.314201 0.013445 0.031953
2 0.216807 0.549112 0.013445 0.033136
75 0.671849 0.195858 0.024370 0.031953
3 0.601261 0.507101 0.026050 0.015385
3 0.588655 0.194675 0.027731 0.015385
4 0.500840 0.145562 0.016807 0.030769
2 0.365126 0.292308 0.022689 0.016568
2 0.260924 0.419527 0.022689 0.020118
4 0.604622 0.454438 0.021008 0.026036
23 0.226471 0.459763 0.015966 0.024852
4 0.591597 0.143787 0.020168 0.027219
6 0.544118 0.170414 0.034454 0.011834
4 0.511765 0.459172 0.015126 0.028402
2 0.378151 0.605325 0.023529 0.017751
4 0.282773 0.457396 0.022689 0.017751
75 0.663445 0.508284 0.026050 0.029586
22 0.517227 0.141420 0.015966 0.031953
23 0.226471 0.147337 0.015966 0.024852
23 0.594958 0.455030 0.026891 0.027219
4 0.297059 0.460947 0.021008 0.017751
4 0.282773 0.144970 0.014286 0.017751
4 0.246218 0.146746 0.020168 0.018935
4 0.264706 0.145562 0.020168 0.014201
23 0.576050 0.148521 0.019328 0.024852
22 0.530252 0.457396 0.020168 0.024852
6 0.556303 0.483432 0.040336 0.017751
