1 0.365672 0.641176 0.056716 0.126050
1 0.364478 0.837815 0.060299 0.124370
1 0.376716 0.431513 0.059701 0.126891
1 0.836716 0.197059 0.063881 0.121849
2 0.397612 0.932353 0.016716 0.014286
2 0.415522 0.768908 0.016716 0.016807
75 0.071642 0.180252 0.015522 0.027731
2 0.397015 0.734874 0.016716 0.014286
75 0.134328 0.668487 0.011940 0.026050
75 0.145970 0.462185 0.016119 0.028571
4 0.779104 0.177731 0.013134 0.017647
24 0.067164 0.813445 0.019701 0.045378
24 0.538806 0.168908 0.019701 0.047059
24 0.067761 0.615546 0.018507 0.047899
4 0.886567 0.263866 0.013134 0.015126
24 0.078507 0.404622 0.019701 0.049580
2 0.409254 0.526471 0.016119 0.012605
2 0.218507 0.441176 0.016716 0.013445
2 0.452836 0.847479 0.010149 0.022689
75 0.605672 0.222689 0.016119 0.030252
2 0.426866 0.362605 0.016716 0.015966
2 0.206269 0.652101 0.014925 0.011765
4 0.307164 0.821429 0.014925 0.015966
2 0.678209 0.204622 0.017910 0.014286
4 0.869254 0.262605 0.013134 0.014286
3 0.427164 0.648739 0.018507 0.011765
23 0.666567 0.178571 0.016119 0.017647
4 0.397910 0.906723 0.012537 0.015126
2 0.887164 0.126891 0.017910 0.016807
75 0.134328 0.865126 0.013134 0.027731
75 0.099104 0.181092 0.014328 0.024370
3 0.898507 0.205462 0.021493 0.014286
3 0.439104 0.439496 0.018507 0.011765
3 0.797313 0.261765 0.011343 0.024370
23 0.904478 0.260924 0.013134 0.017647
4 0.630149 0.127731 0.016119 0.016807
4 0.696716 0.177731 0.011940 0.014286
4 0.158209 0.573950 0.014328 0.016807
4 0.208060 0.821849 0.016119 0.011765
2 0.465075 0.438655 0.010746 0.021849
2 0.452239 0.648319 0.010149 0.022689
75 0.131343 0.187395 0.015522 0.026891
23 0.433731 0.708403 0.012537 0.020168
4 0.157910 0.771008 0.014925 0.015966
3 0.629851 0.161345 0.020299 0.015126
4 0.170448 0.363866 0.013731 0.018487
3 0.427463 0.845798 0.020299 0.012605
2 0.098806 0.118067 0.014925 0.014286
23 0.197015 0.820168 0.011940 0.018487
4 0.319403 0.412605 0.013134 0.018487
2 0.131940 0.126050 0.015522 0.015126
6 0.736716 0.159664 0.023881 0.010084
3 0.157910 0.804622 0.019701 0.014286
23 0.445970 0.495798 0.011940 0.020168
2 0.414925 0.571429 0.015522 0.015126
3 0.169254 0.397899 0.019701 0.014286
23 0.433433 0.905462 0.011940 0.019328
4 0.784179 0.262605 0.010149 0.017647
4 0.306866 0.624790 0.014328 0.015966
2 0.924179 0.203361 0.011940 0.021849
4 0.414328 0.905042 0.013134 0.016807
23 0.208955 0.415546 0.013134 0.021008
4 0.220000 0.415966 0.013731 0.011765
4 0.237910 0.415966 0.016119 0.011765
6 0.277612 0.396639 0.027463 0.016807
4 0.325970 0.501261 0.014328 0.012605
3 0.337612 0.499580 0.007761 0.026050
4 0.411045 0.499580 0.014925 0.015966
4 0.426567 0.498739 0.014925 0.014286
3 0.158209 0.610504 0.017910 0.015966
23 0.196119 0.624370 0.013731 0.016807
4 0.206567 0.626050 0.013134 0.011765
4 0.225373 0.626891 0.016119 0.015126
6 0.265672 0.606303 0.027463 0.014286
4 0.312537 0.709664 0.014925 0.014286
3 0.325373 0.711345 0.009552 0.027731
4 0.399403 0.708403 0.017910 0.015126
4 0.415821 0.710084 0.012537 0.011765
4 0.224776 0.822689 0.013731 0.011765
2 0.206866 0.851261 0.016119 0.016807
6 0.266269 0.805462 0.029851 0.012605
4 0.314030 0.907563 0.015522 0.010084
3 0.325075 0.907143 0.007761 0.024370
4 0.679104 0.181092 0.019701 0.014286
2 0.869254 0.292857 0.016716 0.017647
