35 0.221129 0.311743 0.024808 0.032688
1 0.193328 0.750605 0.082121 0.087167
3 0.368263 0.219128 0.012831 0.033898
2 0.245509 0.266949 0.011976 0.027845
4 0.359281 0.460048 0.018820 0.024213
2 0.461933 0.503632 0.023952 0.016949
2 0.582549 0.522397 0.023952 0.020581
3 0.180496 0.315981 0.027374 0.014528
3 0.587254 0.260896 0.026518 0.018160
2 0.244226 0.794794 0.021386 0.018160
4 0.233961 0.388620 0.023097 0.021792
4 0.583405 0.424939 0.023952 0.024213
2 0.659966 0.340799 0.012831 0.027845
2 0.302823 0.262107 0.013687 0.027845
2 0.671086 0.449758 0.021386 0.018160
3 0.338751 0.260896 0.027374 0.018160
4 0.384517 0.460654 0.017964 0.025424
4 0.581694 0.478814 0.018820 0.027845
2 0.770317 0.460048 0.023097 0.019370
2 0.136869 0.794189 0.023952 0.019370
2 0.252352 0.541162 0.022241 0.016949
4 0.769889 0.412228 0.017109 0.025424
2 0.136869 0.707022 0.020530 0.016949
2 0.740376 0.642857 0.023097 0.016949
75 0.816510 0.387409 0.026518 0.021792
4 0.662960 0.412833 0.017109 0.026634
2 0.609068 0.424939 0.011976 0.026634
75 0.789564 0.580508 0.027374 0.020581
3 0.587682 0.304479 0.029085 0.018160
4 0.740376 0.605932 0.019675 0.020581
2 0.358854 0.499395 0.023097 0.018160
4 0.252352 0.448547 0.018820 0.023002
2 0.613345 0.262712 0.011976 0.026634
4 0.678358 0.413438 0.017109 0.025424
3 0.269889 0.388015 0.028229 0.015738
49 0.462361 0.388015 0.098375 0.161017
3 0.282720 0.501211 0.012831 0.033898
4 0.281865 0.447942 0.019675 0.021792
3 0.251925 0.501211 0.014542 0.038741
6 0.180924 0.422518 0.035073 0.014528
35 0.221129 0.271792 0.026518 0.042373
21 0.337468 0.301453 0.024808 0.026634
3 0.621471 0.338983 0.028229 0.019370
6 0.739521 0.384988 0.040205 0.016949
6 0.712575 0.576877 0.035928 0.018160
