3 0.168067 0.177515 0.011765 0.030769
1 0.844958 0.489941 0.068067 0.132544
1 0.878571 0.134911 0.079832 0.052071
1 0.500840 0.451479 0.082353 0.162130
24 0.166387 0.856805 0.028571 0.118343
1 0.177311 0.446746 0.090756 0.114793
4 0.202941 0.175740 0.017647 0.017751
3 0.668487 0.159172 0.010924 0.031953
1 0.459244 0.132544 0.079832 0.080473
3 0.396218 0.135503 0.024370 0.015385
4 0.071008 0.466272 0.019328 0.023669
2 0.449580 0.208876 0.025210 0.017751
2 0.932773 0.450888 0.023529 0.018935
2 0.176471 0.363905 0.023529 0.020118
24 0.625210 0.142012 0.026891 0.040237
3 0.340336 0.524852 0.013445 0.036686
2 0.096639 0.339645 0.023529 0.018935
4 0.702521 0.454438 0.016807 0.037870
24 0.086134 0.857988 0.027731 0.120710
4 0.307143 0.134911 0.017647 0.018935
4 0.744118 0.535503 0.019328 0.027219
2 0.664286 0.562130 0.024370 0.021302
2 0.035294 0.466864 0.013445 0.029586
2 0.352941 0.351479 0.025210 0.018935
2 0.668067 0.197041 0.025210 0.020118
4 0.070588 0.430769 0.018487 0.021302
4 0.663866 0.455030 0.018487 0.036686
2 0.594538 0.154438 0.012605 0.027219
2 0.789496 0.557988 0.024370 0.017751
3 0.114706 0.584615 0.026050 0.016568
3 0.373109 0.524260 0.013445 0.035503
3 0.168908 0.129586 0.013445 0.029586
2 0.878571 0.185207 0.021008 0.017751
3 0.113445 0.655030 0.026891 0.015385
2 0.374370 0.568639 0.026050 0.020118
4 0.332353 0.135503 0.017647 0.020118
3 0.513025 0.170414 0.012605 0.035503
4 0.945798 0.147337 0.019328 0.022485
2 0.546639 0.569822 0.026050 0.020118
4 0.096639 0.377515 0.020168 0.021302
2 0.168908 0.217160 0.025210 0.017751
2 0.744538 0.570414 0.025210 0.018935
4 0.799160 0.147929 0.018487 0.021302
4 0.541597 0.111243 0.015966 0.021302
0 0.726891 0.192308 0.016807 0.015385
2 0.386555 0.433728 0.018487 0.020118
3 0.743697 0.453846 0.013445 0.039053
8 0.724370 0.136686 0.030252 0.036686
4 0.513445 0.111834 0.018487 0.020118
41 0.096639 0.249704 0.015126 0.014201
0 0.742857 0.105917 0.008403 0.020118
11 0.167647 0.655030 0.024370 0.053254
22 0.705462 0.104142 0.021008 0.023669
0 0.340756 0.391124 0.015966 0.013018
0 0.663866 0.373964 0.015126 0.014201
0 0.170588 0.097633 0.021849 0.017751
11 0.167647 0.582249 0.019328 0.047337
0 0.305042 0.097041 0.016807 0.016568
35 0.365966 0.141420 0.017647 0.036686
0 0.539916 0.078698 0.015966 0.013018
0 0.595378 0.126036 0.012605 0.017751
0 0.659664 0.104142 0.011765 0.021302
0 0.800840 0.113018 0.021849 0.017751
0 0.944958 0.109467 0.019328 0.015385
0 0.374790 0.467456 0.020168 0.026036
