1 0.573109 0.348521 0.084034 0.074556
18 0.050420 0.930769 0.018487 0.031953
1 0.134034 0.153846 0.069748 0.085207
18 0.126050 0.931953 0.020168 0.034320
1 0.744118 0.508284 0.042857 0.084024
4 0.773529 0.579290 0.019328 0.024852
2 0.243697 0.298817 0.025210 0.022485
2 0.211345 0.298225 0.026050 0.023669
3 0.722689 0.279290 0.013445 0.037870
3 0.807143 0.278107 0.014286 0.035503
2 0.639496 0.434320 0.025210 0.023669
3 0.210084 0.252663 0.013445 0.036686
4 0.722689 0.395858 0.016807 0.029586
2 0.173109 0.107101 0.016807 0.020118
2 0.723109 0.432544 0.022689 0.022485
2 0.513866 0.433728 0.026050 0.022485
2 0.774370 0.623077 0.027731 0.022485
4 0.638235 0.395858 0.017647 0.027219
3 0.244538 0.254438 0.015126 0.037870
75 0.810084 0.460947 0.028571 0.029586
2 0.400000 0.432544 0.025210 0.022485
18 0.075630 0.931953 0.020168 0.034320
3 0.680672 0.507692 0.015126 0.040237
7 0.226891 0.136095 0.026891 0.014201
18 0.101261 0.931361 0.021008 0.033136
2 0.743277 0.445562 0.021008 0.024852
4 0.512185 0.396450 0.017647 0.026036
2 0.087395 0.163314 0.021849 0.021302
3 0.874370 0.278107 0.014286 0.035503
2 0.680252 0.624260 0.026050 0.022485
2 0.174370 0.199408 0.019328 0.020118
35 0.802941 0.325444 0.022689 0.033136
75 0.705042 0.596450 0.028571 0.028402
3 0.471429 0.371598 0.028571 0.016568
35 0.871008 0.326627 0.021008 0.033136
3 0.398739 0.372189 0.014286 0.039053
0 0.722269 0.245562 0.012605 0.013018
0 0.773109 0.546154 0.013445 0.013018
75 0.704202 0.370414 0.025210 0.026036
26 0.681092 0.397041 0.019328 0.031953
2 0.513445 0.360947 0.013445 0.023669
43 0.339076 0.123077 0.021008 0.028402
0 0.305882 0.124852 0.011765 0.017751
0 0.437815 0.366272 0.016807 0.017751
