3 0.741194 0.538235 0.008955 0.024370
1 0.364478 0.413445 0.048358 0.072269
1 0.357313 0.279832 0.054328 0.078992
2 0.922687 0.564286 0.017313 0.014286
4 0.420896 0.627311 0.011940 0.012605
4 0.833433 0.527311 0.014328 0.012605
2 0.555224 0.363866 0.010746 0.020168
2 0.531940 0.669328 0.017910 0.015966
2 0.334925 0.491597 0.017910 0.016807
4 0.633134 0.295798 0.013731 0.011765
24 0.845672 0.410924 0.023284 0.058824
1 0.594030 0.443277 0.042985 0.061345
2 0.289552 0.316387 0.014328 0.012605
2 0.772537 0.331092 0.016716 0.015126
3 0.406269 0.421008 0.017313 0.011765
3 0.405672 0.439916 0.017313 0.012605
0 0.633134 0.260924 0.011343 0.010924
2 0.434925 0.405882 0.010149 0.023529
2 0.540896 0.494958 0.015522 0.013445
4 0.334627 0.457143 0.013731 0.016807
3 0.316716 0.439076 0.019701 0.012605
4 0.728657 0.295378 0.013731 0.009244
3 0.519104 0.486134 0.018507 0.010924
47 0.811642 0.421008 0.016119 0.011765
2 0.409851 0.296218 0.011343 0.021008
3 0.725970 0.434874 0.020299 0.012605
35 0.535821 0.407983 0.018507 0.024370
4 0.743582 0.296218 0.013731 0.009244
4 0.714328 0.295378 0.013731 0.009244
0 0.293433 0.439076 0.007761 0.014286
0 0.618507 0.471429 0.009552 0.011765
4 0.756418 0.296218 0.014328 0.009244
4 0.539403 0.467227 0.012537 0.013445
4 0.531343 0.627311 0.011940 0.010924
3 0.510448 0.404622 0.016716 0.012605
0 0.492239 0.364286 0.007761 0.015966
4 0.699403 0.295378 0.012537 0.012605
4 0.648358 0.294958 0.011940 0.011765
4 0.773134 0.296639 0.011940 0.010084
4 0.677910 0.295378 0.013731 0.012605
47 0.617910 0.393277 0.010746 0.023529
2 0.422687 0.263445 0.010746 0.021008
0 0.421194 0.592857 0.011343 0.009244
4 0.435821 0.626891 0.010746 0.011765
4 0.665970 0.294958 0.013731 0.011765
0 0.492836 0.404622 0.007761 0.014286
2 0.740299 0.569328 0.017910 0.014286
4 0.516418 0.626891 0.013134 0.010084
3 0.511045 0.363445 0.017910 0.012605
35 0.536119 0.365546 0.016716 0.021849
4 0.636716 0.394538 0.012537 0.019328
4 0.555522 0.467647 0.013731 0.012605
0 0.392836 0.255882 0.005970 0.012605
4 0.465672 0.631513 0.014328 0.019328
47 0.780896 0.403782 0.017910 0.012605
4 0.501791 0.627311 0.011343 0.009244
3 0.302687 0.302941 0.015522 0.014286
2 0.325672 0.236134 0.013731 0.013445
2 0.406866 0.245378 0.012537 0.020168
3 0.403881 0.264706 0.017313 0.010084
0 0.392836 0.307143 0.008358 0.012605
4 0.451045 0.630672 0.013731 0.010924
4 0.487463 0.631092 0.014925 0.011765
3 0.498209 0.454202 0.011343 0.024370
6 0.668657 0.406723 0.025075 0.008403
6 0.667761 0.435294 0.026866 0.013445
0 0.704179 0.429412 0.010149 0.008403
0 0.757015 0.430672 0.010746 0.010924
0 0.762687 0.402521 0.007761 0.015126
2 0.800000 0.357143 0.016716 0.015126
47 0.800000 0.386134 0.009552 0.026050
2 0.789552 0.421849 0.011343 0.020168
2 0.823582 0.393697 0.013731 0.022689
0 0.825672 0.427731 0.007164 0.011765
0 0.740000 0.517647 0.008955 0.008403
0 0.826269 0.503361 0.011940 0.010084
