1 0.167361 0.820118 0.076389 0.168047
3 0.590625 0.638462 0.010417 0.034320
1 0.192014 0.557988 0.056250 0.128994
24 0.830903 0.208284 0.036806 0.066272
3 0.468750 0.206509 0.009722 0.036686
3 0.653125 0.639645 0.010417 0.034320
1 0.230556 0.234911 0.120833 0.308876
3 0.469097 0.136095 0.009028 0.037870
3 0.614931 0.639053 0.009028 0.035503
35 0.315972 0.604734 0.020833 0.033136
2 0.118403 0.870414 0.011806 0.027219
1 0.555903 0.146154 0.047917 0.145562
2 0.469444 0.464497 0.019444 0.017751
3 0.131250 0.509467 0.020833 0.015385
1 0.468750 0.416568 0.051389 0.047337
4 0.312500 0.828994 0.015278 0.022485
3 0.350347 0.147337 0.022917 0.015385
4 0.343403 0.828402 0.014583 0.023669
2 0.794792 0.174556 0.018750 0.020118
2 0.597917 0.385207 0.011111 0.029586
3 0.722917 0.447337 0.012500 0.040237
2 0.796875 0.335503 0.011806 0.029586
2 0.119097 0.762722 0.011806 0.027219
24 0.877083 0.509467 0.022222 0.067456
2 0.519792 0.209467 0.015972 0.018935
4 0.370833 0.828402 0.013889 0.018935
24 0.860764 0.333136 0.021528 0.095858
2 0.597569 0.491124 0.010417 0.028402
4 0.503472 0.426627 0.013889 0.017751
2 0.312847 0.866272 0.020139 0.018935
4 0.830903 0.662722 0.013194 0.021302
3 0.362153 0.432544 0.022917 0.017751
29 0.622569 0.479290 0.028472 0.035503
29 0.621875 0.420118 0.025694 0.033136
2 0.214236 0.871006 0.011806 0.033136
35 0.618750 0.689349 0.023611 0.031953
2 0.597569 0.432544 0.010417 0.029586
23 0.637847 0.157396 0.015972 0.023669
2 0.145833 0.625444 0.020833 0.020118
4 0.146528 0.534320 0.013889 0.022485
2 0.377083 0.147929 0.011111 0.030769
4 0.830903 0.615976 0.014583 0.024852
3 0.722222 0.389941 0.009722 0.034320
4 0.524653 0.426036 0.015972 0.018935
2 0.385069 0.431953 0.010417 0.026036
2 0.214583 0.762130 0.011111 0.028402
4 0.698264 0.159763 0.014583 0.026036
4 0.669792 0.159763 0.014583 0.026036
29 0.622222 0.371598 0.026389 0.030769
4 0.831250 0.692899 0.013889 0.022485
4 0.830556 0.740828 0.016667 0.021302
2 0.722569 0.498225 0.021528 0.021302
23 0.285417 0.826627 0.013889 0.027219
35 0.594792 0.688757 0.020139 0.030769
3 0.261806 0.584024 0.026389 0.022485
3 0.313194 0.557988 0.012500 0.036686
35 0.657986 0.686391 0.025694 0.028402
22 0.600347 0.155030 0.014583 0.018935
6 0.618056 0.130769 0.036111 0.017751
2 0.635069 0.244970 0.017361 0.018935
3 0.827083 0.468639 0.013889 0.037870
14 0.848264 0.637870 0.017361 0.021302
14 0.848958 0.711834 0.021528 0.024852
