3 0.332773 0.195266 0.013445 0.033136
3 0.332773 0.301183 0.013445 0.034320
1 0.249160 0.330769 0.074790 0.074556
1 0.249160 0.224260 0.074790 0.079290
1 0.285294 0.873964 0.081513 0.067456
1 0.248319 0.437278 0.074790 0.076923
3 0.332773 0.407692 0.013445 0.034320
3 0.332773 0.086391 0.013445 0.035503
1 0.249580 0.123669 0.078992 0.074556
3 0.744118 0.385207 0.012605 0.034320
3 0.142437 0.702367 0.027731 0.015385
3 0.172269 0.195266 0.013445 0.035503
3 0.172269 0.099408 0.013445 0.035503
1 0.640336 0.300000 0.078992 0.074556
2 0.703782 0.136095 0.014286 0.030769
2 0.832353 0.431953 0.026050 0.021302
3 0.172269 0.301183 0.013445 0.034320
3 0.067227 0.537278 0.013445 0.033136
3 0.067647 0.430178 0.012605 0.034320
3 0.171849 0.407692 0.014286 0.034320
24 0.583193 0.668047 0.025210 0.050888
24 0.460504 0.678698 0.026891 0.074556
3 0.832773 0.336686 0.011765 0.034320
24 0.523529 0.673373 0.025210 0.061538
3 0.067647 0.324852 0.012605 0.034320
4 0.596639 0.395266 0.020168 0.023669
2 0.063866 0.793491 0.025210 0.020118
24 0.078151 0.650888 0.026891 0.042604
2 0.597899 0.432544 0.026050 0.020118
2 0.853782 0.285799 0.025210 0.020118
8 0.111345 0.302367 0.031092 0.039053
3 0.063445 0.724852 0.012605 0.034320
3 0.160084 0.750888 0.012605 0.034320
4 0.852521 0.247929 0.017647 0.020118
3 0.831933 0.384615 0.011765 0.033136
2 0.231933 0.893491 0.013445 0.030769
3 0.176891 0.662130 0.027731 0.017751
3 0.597059 0.349704 0.014286 0.034320
2 0.571008 0.244379 0.022689 0.020118
8 0.112185 0.408876 0.029412 0.041420
3 0.814706 0.223669 0.027731 0.014201
4 0.171849 0.465680 0.019328 0.024852
6 0.771008 0.221893 0.031092 0.013018
3 0.141597 0.725444 0.026050 0.016568
2 0.213025 0.662130 0.012605 0.029586
8 0.107983 0.515385 0.029412 0.039053
4 0.171429 0.359763 0.020168 0.023669
4 0.595378 0.252663 0.015966 0.022485
5 0.743697 0.429586 0.015126 0.035503
4 0.171429 0.252663 0.018487 0.024852
22 0.723109 0.223077 0.022689 0.022485
8 0.331513 0.460355 0.027731 0.033136
22 0.739916 0.183432 0.017647 0.033136
8 0.680672 0.227219 0.028571 0.037870
8 0.330672 0.248521 0.031092 0.033136
8 0.330672 0.143195 0.031092 0.033136
4 0.171849 0.148521 0.019328 0.015385
8 0.330252 0.352663 0.033613 0.030769
36 0.192437 0.715976 0.042017 0.061538
