1 0.246269 0.808403 0.061493 0.047059
1 0.245672 0.350000 0.060299 0.049580
1 0.040896 0.578151 0.029254 0.073950
1 0.245672 0.572269 0.059104 0.048739
1 0.245373 0.122689 0.059701 0.047059
3 0.203284 0.889076 0.010149 0.026891
1 0.038507 0.358403 0.029254 0.078151
1 0.040597 0.814286 0.031045 0.077311
1 0.040597 0.127311 0.028657 0.074790
3 0.202687 0.652101 0.008955 0.028571
2 0.065970 0.893697 0.018507 0.015966
23 0.131940 0.799160 0.011940 0.026891
3 0.203881 0.430672 0.008955 0.027731
2 0.203582 0.687395 0.017910 0.016807
3 0.065672 0.618067 0.009552 0.027731
2 0.325672 0.649580 0.016119 0.015126
2 0.349254 0.686975 0.017910 0.015966
2 0.065373 0.214706 0.018507 0.014286
3 0.065075 0.395378 0.009552 0.027731
3 0.203284 0.202941 0.008955 0.027731
3 0.065075 0.169328 0.009552 0.027731
2 0.065970 0.435294 0.019701 0.015126
23 0.319701 0.151261 0.010149 0.025210
4 0.298507 0.838235 0.013134 0.021008
4 0.107164 0.115126 0.013731 0.018487
2 0.108060 0.595378 0.015522 0.012605
4 0.107164 0.564286 0.012537 0.017647
3 0.065373 0.853361 0.010149 0.026050
2 0.245075 0.310924 0.017313 0.013445
35 0.347164 0.426891 0.017313 0.031933
2 0.298507 0.649580 0.016716 0.016807
4 0.298507 0.152941 0.011940 0.018487
2 0.131045 0.603361 0.016119 0.013445
4 0.107463 0.799160 0.013134 0.020168
2 0.204179 0.242857 0.019104 0.015126
23 0.131343 0.340756 0.011940 0.027731
2 0.348955 0.237815 0.018507 0.015126
6 0.175821 0.084454 0.024478 0.009244
2 0.245075 0.767227 0.017313 0.015126
23 0.131940 0.565126 0.010746 0.026050
6 0.175522 0.770588 0.023881 0.010084
16 0.370448 0.115546 0.029254 0.021008
2 0.202985 0.923529 0.019104 0.015126
2 0.060299 0.540756 0.013134 0.012605
2 0.349254 0.923529 0.017910 0.015126
4 0.298209 0.603361 0.012537 0.020168
2 0.299403 0.429412 0.017313 0.018487
4 0.107463 0.342017 0.013134 0.018487
2 0.107463 0.835294 0.016716 0.015126
4 0.298209 0.379832 0.012537 0.020168
23 0.131642 0.113866 0.011343 0.026050
4 0.188060 0.558824 0.011940 0.018487
6 0.176418 0.310924 0.025672 0.011765
2 0.107761 0.373529 0.016119 0.014286
35 0.347761 0.885714 0.017313 0.030252
2 0.299104 0.884874 0.017910 0.018487
2 0.348955 0.485714 0.019701 0.018487
2 0.066269 0.659664 0.017910 0.015126
2 0.059701 0.776891 0.013134 0.014286
2 0.131343 0.378151 0.016716 0.015126
2 0.319403 0.199160 0.015522 0.016807
2 0.203284 0.465966 0.018507 0.015966
35 0.347463 0.199580 0.017910 0.031092
2 0.060000 0.090336 0.012537 0.014286
2 0.343881 0.080672 0.016716 0.015126
4 0.188657 0.338235 0.011940 0.019328
23 0.325970 0.606303 0.011940 0.024370
2 0.244776 0.080672 0.015522 0.013445
2 0.244478 0.532353 0.016119 0.015966
4 0.188358 0.796639 0.012537 0.018487
2 0.108657 0.149580 0.016716 0.018487
2 0.131343 0.152941 0.015522 0.013445
4 0.188657 0.115546 0.015522 0.015966
3 0.347164 0.159244 0.011343 0.021008
2 0.298806 0.204622 0.016119 0.014286
2 0.059701 0.320588 0.015522 0.015966
3 0.348358 0.386555 0.012537 0.028571
6 0.176119 0.538235 0.029851 0.012605
3 0.347164 0.608824 0.011343 0.026050
35 0.345373 0.654622 0.020896 0.025210
2 0.132537 0.840336 0.015522 0.015126
3 0.348358 0.844118 0.010149 0.029412
