1 0.471008 0.351479 0.071429 0.068639
1 0.122689 0.200592 0.062185 0.100592
2 0.130252 0.280473 0.023529 0.018935
2 0.470588 0.438462 0.025210 0.020118
1 0.097059 0.384615 0.061345 0.063905
2 0.142857 0.402367 0.011765 0.028402
4 0.397899 0.317160 0.017647 0.016568
3 0.042017 0.209467 0.025210 0.016568
35 0.541176 0.398225 0.026891 0.034320
4 0.416807 0.316568 0.015126 0.015385
0 0.367227 0.296450 0.010084 0.017751
2 0.353361 0.356805 0.022689 0.017751
4 0.391176 0.365680 0.015966 0.016568
3 0.529412 0.330769 0.025210 0.013018
3 0.043277 0.195858 0.026050 0.015385
3 0.608824 0.342604 0.022689 0.017751
3 0.511765 0.399408 0.013445 0.031953
35 0.648739 0.379290 0.023529 0.036686
0 0.080252 0.219527 0.009244 0.017751
35 0.649160 0.321302 0.019328 0.039053
0 0.082773 0.182249 0.012605 0.018935
0 0.136975 0.363314 0.008403 0.016568
3 0.558403 0.368047 0.012605 0.033136
35 0.575630 0.349112 0.016807 0.037870
6 0.415966 0.378698 0.013445 0.052071
