3 0.659384 0.218509 0.012178 0.019280
18 0.762536 0.252249 0.016476 0.019923
3 0.321633 0.150064 0.011461 0.021208
1 0.414040 0.171272 0.065903 0.062339
18 0.801934 0.252249 0.017908 0.018638
18 0.762536 0.212725 0.017908 0.017995
1 0.085960 0.052378 0.047278 0.048201
24 0.015401 0.180913 0.023639 0.023779
1 0.920845 0.099936 0.058023 0.026350
24 0.623926 0.334190 0.021490 0.023136
3 0.476361 0.193766 0.021490 0.009640
3 0.289756 0.150707 0.013610 0.019923
23 0.122135 0.179627 0.016476 0.010925
0 0.677292 0.082262 0.013610 0.007712
2 0.056948 0.105720 0.016476 0.008355
2 0.317335 0.194409 0.014327 0.014781
21 0.347779 0.179627 0.023639 0.010925
23 0.676934 0.109254 0.014327 0.015424
4 0.952722 0.121787 0.015759 0.010925
3 0.246777 0.150064 0.012178 0.018638
2 0.689828 0.353470 0.012894 0.016710
18 0.802292 0.213368 0.015759 0.017995
4 0.160817 0.179627 0.015043 0.013496
48 0.542622 0.089010 0.022206 0.017352
2 0.518983 0.154563 0.010745 0.013496
0 0.690186 0.305591 0.009312 0.010925
4 0.977794 0.120180 0.015759 0.010283
2 0.677292 0.141710 0.020774 0.010925
48 0.542622 0.118895 0.022206 0.016710
0 0.976719 0.104113 0.015043 0.007712
0 0.247135 0.206620 0.012894 0.008355
20 0.658668 0.187018 0.017908 0.019280
2 0.879656 0.086118 0.011461 0.014139
2 0.506447 0.118895 0.012894 0.015424
41 0.668696 0.305913 0.015043 0.007712
2 0.659742 0.241003 0.018625 0.010283
2 0.524713 0.178663 0.012178 0.012853
0 0.461318 0.078728 0.012894 0.007069
0 0.371777 0.083869 0.011461 0.007069
0 0.603152 0.303021 0.017192 0.027635
0 0.322350 0.096080 0.011461 0.008355
4 0.476719 0.179949 0.015043 0.010283
4 0.497135 0.153920 0.011461 0.016067
8 0.483524 0.091581 0.021490 0.021208
4 0.875000 0.126928 0.015043 0.010925
4 0.411533 0.089974 0.013610 0.015424
4 0.364613 0.193123 0.014327 0.012211
2 0.121777 0.202121 0.018625 0.009640
2 0.247135 0.128213 0.015759 0.009640
2 0.025788 0.042095 0.024355 0.013496
4 0.036175 0.065553 0.017908 0.011568
4 0.054441 0.064267 0.017192 0.012853
2 0.112106 0.017031 0.020774 0.013496
3 0.093840 0.138817 0.021490 0.012853
0 0.120702 0.160347 0.015043 0.009640
20 0.248926 0.187018 0.017908 0.021851
0 0.291547 0.098650 0.011461 0.010925
35 0.287249 0.118573 0.018625 0.016067
35 0.318052 0.117931 0.020057 0.019923
2 0.316977 0.180270 0.013610 0.014781
2 0.357808 0.157776 0.010745 0.014781
4 0.515759 0.194087 0.015759 0.016710
2 0.553367 0.193123 0.016476 0.014781
6 0.586318 0.089974 0.032235 0.011568
3 0.630731 0.090938 0.022206 0.013496
4 0.627507 0.171594 0.018625 0.010283
0 0.856734 0.098329 0.020057 0.012853
4 0.856734 0.125321 0.015759 0.010283
2 0.909026 0.147494 0.017192 0.010925
