24 0.068893 0.160592 0.013545 0.021640
18 0.845866 0.275911 0.012144 0.016515
3 0.219757 0.133542 0.008874 0.018793
1 0.327884 0.153189 0.044839 0.060364
18 0.871088 0.275057 0.012144 0.014806
1 0.948389 0.140376 0.040635 0.026765
1 0.115367 0.046982 0.028958 0.046128
2 0.420598 0.172267 0.009809 0.016515
4 0.985287 0.160308 0.010743 0.010820
24 0.830687 0.149203 0.021018 0.039863
2 0.920598 0.129556 0.007473 0.014237
2 0.293788 0.140661 0.010276 0.013667
2 0.094348 0.093964 0.012144 0.014806
4 0.369921 0.159169 0.008407 0.014237
21 0.285381 0.159738 0.017749 0.013098
4 0.521485 0.096526 0.010743 0.011959
1 0.652032 0.121583 0.028024 0.042711
2 0.219757 0.112187 0.008874 0.007973
0 0.521018 0.068907 0.009809 0.007973
2 0.264596 0.172551 0.010743 0.013667
3 0.469640 0.080581 0.016348 0.009681
2 0.521252 0.128986 0.011210 0.009681
4 0.970808 0.161162 0.010743 0.010251
3 0.247314 0.103075 0.009809 0.015945
0 0.615367 0.179100 0.010743 0.017654
4 0.296590 0.172836 0.010276 0.013098
2 0.265063 0.158884 0.009809 0.014806
3 0.267398 0.103645 0.007940 0.017084
0 0.219290 0.185649 0.009809 0.010251
2 0.611864 0.115888 0.013078 0.011959
8 0.374358 0.080011 0.014479 0.016515
2 0.401915 0.136959 0.010743 0.015376
0 0.269267 0.087130 0.008874 0.007973
24 0.629846 0.205581 0.019150 0.021640
2 0.074731 0.037585 0.012144 0.010251
4 0.081971 0.056093 0.010743 0.008542
4 0.096450 0.057232 0.010743 0.008542
2 0.131481 0.016515 0.012611 0.009112
3 0.118169 0.122153 0.014946 0.009681
0 0.138020 0.142369 0.010743 0.007973
23 0.137786 0.158884 0.012144 0.011390
2 0.138020 0.177961 0.011677 0.010820
4 0.164176 0.159453 0.011677 0.010251
20 0.220925 0.163724 0.014012 0.021071
0 0.248716 0.086276 0.010743 0.007403
35 0.245213 0.135535 0.013078 0.014806
35 0.266698 0.136674 0.014946 0.014806
0 0.303129 0.076025 0.009341 0.007403
4 0.327651 0.079727 0.007940 0.013667
0 0.359645 0.069191 0.006539 0.006264
4 0.372022 0.136674 0.009809 0.012528
3 0.370621 0.170843 0.017282 0.011390
4 0.395142 0.170843 0.007473 0.012528
2 0.400981 0.159738 0.007940 0.014237
2 0.388603 0.105638 0.008407 0.014237
48 0.412424 0.079727 0.019617 0.013667
48 0.414059 0.105068 0.020084 0.015376
6 0.440915 0.078872 0.021485 0.009681
4 0.467772 0.150342 0.012611 0.010251
20 0.486455 0.166287 0.011677 0.021640
3 0.487856 0.193622 0.007940 0.014806
2 0.488790 0.214977 0.012611 0.008542
23 0.500000 0.094818 0.010743 0.015376
2 0.500000 0.127278 0.012611 0.008542
4 0.619570 0.133542 0.010743 0.005125
4 0.632882 0.133257 0.009341 0.010251
2 0.668146 0.091686 0.011677 0.010251
2 0.633349 0.164294 0.014946 0.009681
3 0.656002 0.178815 0.016348 0.010251
0 0.716721 0.179670 0.008874 0.009681
2 0.674218 0.231777 0.015413 0.010251
18 0.846567 0.241173 0.012611 0.019932
18 0.871322 0.238610 0.011677 0.017084
0 0.905418 0.138383 0.013545 0.010251
4 0.906819 0.162585 0.011677 0.009681
4 0.918029 0.162870 0.010743 0.007973
2 0.941616 0.181663 0.011210 0.010251
0 0.986221 0.142938 0.009809 0.007973
