3 0.866601 0.328543 0.009881 0.019385
1 0.456192 0.177473 0.061265 0.063503
3 0.682477 0.225267 0.010540 0.020053
18 0.777668 0.220254 0.017787 0.022059
3 0.303360 0.154746 0.009881 0.019385
3 0.342556 0.118316 0.010540 0.018717
1 0.921607 0.101939 0.054018 0.028743
1 0.154809 0.052139 0.042161 0.049465
18 0.813241 0.260695 0.015152 0.017380
4 0.108696 0.064505 0.013175 0.011364
18 0.776680 0.261364 0.015810 0.020053
24 0.650198 0.348262 0.021080 0.026738
2 0.559289 0.158757 0.014493 0.015374
24 0.090250 0.186163 0.021080 0.022059
2 0.541173 0.122660 0.009881 0.015374
24 0.984190 0.293783 0.021080 0.024733
2 0.682806 0.251337 0.021739 0.012032
3 0.372200 0.117647 0.010540 0.018717
4 0.951910 0.125334 0.015810 0.010027
18 0.812912 0.220588 0.018445 0.020053
2 0.912714 0.151404 0.016469 0.008690
2 0.884717 0.088904 0.010540 0.016043
4 0.727602 0.112634 0.013834 0.015374
2 0.934453 0.336230 0.011199 0.016043
4 0.862319 0.128676 0.014493 0.010027
2 0.407115 0.162433 0.010540 0.016043
2 0.710145 0.367313 0.010540 0.016711
23 0.188076 0.185160 0.015152 0.013369
35 0.339921 0.157754 0.019763 0.020053
0 0.342885 0.099599 0.012516 0.008021
0 0.302701 0.214906 0.013834 0.008690
2 0.728261 0.148061 0.015152 0.008690
4 0.974638 0.125000 0.015152 0.009358
4 0.651515 0.177807 0.011858 0.014706
2 0.128129 0.108957 0.015152 0.009358
4 0.559947 0.186163 0.011858 0.016711
23 0.698946 0.113971 0.011858 0.019385
4 0.454545 0.093249 0.010540 0.014037
2 0.584980 0.200201 0.010540 0.012701
4 0.518775 0.162099 0.011199 0.012701
3 0.515810 0.200869 0.023715 0.010027
0 0.372859 0.099599 0.010540 0.006684
0 0.866601 0.287433 0.011199 0.008021
0 0.416996 0.085896 0.009223 0.006016
4 0.879776 0.128676 0.015152 0.008690
2 0.366601 0.184826 0.013834 0.014037
2 0.697628 0.147727 0.014493 0.009358
0 0.899209 0.274733 0.013175 0.008021
4 0.411726 0.200535 0.013175 0.013369
2 0.366930 0.200869 0.013175 0.012701
3 0.501647 0.118650 0.011199 0.022059
48 0.575428 0.092580 0.020422 0.016711
4 0.551054 0.200535 0.015152 0.012032
4 0.223979 0.185829 0.014493 0.014706
3 0.655468 0.091578 0.022398 0.009358
8 0.898221 0.309158 0.023057 0.019385
41 0.692029 0.316511 0.012516 0.007353
0 0.898221 0.355281 0.011199 0.008690
2 0.865942 0.351604 0.016469 0.012032
2 0.098814 0.043783 0.017128 0.011364
4 0.126812 0.066176 0.019104 0.010695
2 0.178195 0.018048 0.020422 0.012032
3 0.162385 0.144051 0.027009 0.012701
0 0.186100 0.167112 0.012516 0.009358
2 0.187088 0.208556 0.021080 0.010695
2 0.304348 0.131684 0.017128 0.012032
20 0.305007 0.191511 0.013175 0.023396
43 0.336298 0.187834 0.017787 0.018717
35 0.369895 0.158757 0.019104 0.018048
21 0.395257 0.186163 0.030303 0.016711
0 0.500988 0.082219 0.012516 0.008021
8 0.521410 0.093583 0.024374 0.021390
4 0.514493 0.186832 0.011858 0.011364
48 0.574111 0.123329 0.020422 0.018048
6 0.614295 0.091578 0.028327 0.009358
43 0.643281 0.186163 0.017787 0.016711
20 0.682477 0.194184 0.019763 0.023396
0 0.727602 0.080548 0.009881 0.008690
0 0.862978 0.101939 0.021080 0.015374
0 0.975626 0.108289 0.010540 0.009358
3 0.911067 0.336230 0.019763 0.012032
0 0.966403 0.290107 0.010540 0.012032
2 0.964097 0.298797 0.015152 0.010695
0 0.635046 0.318182 0.013175 0.018717
0 0.712121 0.317179 0.010540 0.012701
