2 0.542437 0.363314 0.026050 0.018935
1 0.669328 0.342012 0.081513 0.075740
3 0.773109 0.235503 0.013445 0.035503
2 0.639076 0.497633 0.026050 0.020118
3 0.567647 0.319527 0.029412 0.014201
75 0.568487 0.277515 0.027731 0.017751
2 0.214706 0.230769 0.022689 0.018935
3 0.566387 0.460947 0.030252 0.015385
2 0.752521 0.426627 0.026050 0.020118
4 0.302941 0.400592 0.019328 0.017751
75 0.822269 0.353254 0.026050 0.017751
75 0.822689 0.401183 0.026891 0.016568
3 0.567227 0.483432 0.031933 0.017751
35 0.778992 0.301183 0.028571 0.039053
4 0.770168 0.366272 0.019328 0.020118
35 0.808824 0.298817 0.024370 0.029586
1 0.225210 0.311243 0.126050 0.108876
41 0.773529 0.401775 0.015966 0.015385
