1 0.484505 0.309476 0.137068 0.377016
1 0.057807 0.262097 0.098927 0.290323
4 0.697259 0.441532 0.019070 0.036290
3 0.697855 0.141129 0.032181 0.028226
3 0.697855 0.483871 0.032181 0.024194
3 0.345650 0.857863 0.033373 0.026210
3 0.864720 0.241935 0.032181 0.028226
3 0.346246 0.734879 0.034565 0.026210
4 0.280095 0.602823 0.019070 0.040323
0 0.876639 0.692540 0.020262 0.022177
3 0.661502 0.643145 0.016687 0.052419
3 0.500000 0.904234 0.015495 0.054435
2 0.758045 0.291331 0.014303 0.030242
4 0.696663 0.392137 0.022646 0.038306
2 0.758045 0.142137 0.014303 0.030242
3 0.125149 0.763105 0.016687 0.058468
3 0.620977 0.735887 0.035757 0.028226
4 0.738975 0.763105 0.026222 0.030242
4 0.697259 0.289315 0.021454 0.042339
25 0.082837 0.770161 0.015495 0.048387
3 0.685936 0.686492 0.034565 0.030242
5 0.939809 0.293347 0.025030 0.034274
3 0.621573 0.857863 0.034565 0.026210
4 0.684744 0.603831 0.020262 0.038306
2 0.500596 0.948589 0.021454 0.018145
2 0.961263 0.292339 0.013111 0.032258
4 0.500000 0.723790 0.025030 0.036290
4 0.464839 0.725806 0.026222 0.036290
3 0.464243 0.905242 0.017878 0.056452
2 0.757449 0.342742 0.013111 0.028226
3 0.697855 0.190524 0.032181 0.026210
3 0.281287 0.686492 0.033373 0.030242
2 0.483313 0.525202 0.022646 0.022177
4 0.500596 0.843750 0.023838 0.030242
0 0.386174 0.142137 0.014303 0.026210
2 0.464839 0.948589 0.019070 0.018145
4 0.697259 0.239919 0.021454 0.040323
2 0.758045 0.191532 0.014303 0.028226
2 0.758045 0.240927 0.014303 0.030242
0 0.119785 0.129032 0.015495 0.024194
3 0.864124 0.293347 0.033373 0.026210
3 0.864124 0.341734 0.033373 0.026210
2 0.083433 0.828629 0.021454 0.020161
2 0.119785 0.396169 0.022646 0.022177
25 0.874851 0.754032 0.016687 0.060484
0 0.769368 0.673387 0.022646 0.024194
2 0.739571 0.857863 0.022646 0.022177
2 0.758045 0.391129 0.014303 0.032258
2 0.227056 0.856855 0.022646 0.020161
4 0.697855 0.340726 0.020262 0.040323
3 0.304529 0.643145 0.017878 0.056452
2 0.925507 0.242944 0.013111 0.030242
4 0.465435 0.844758 0.025030 0.032258
2 0.769964 0.857863 0.021454 0.022177
4 0.585816 0.887097 0.025030 0.024194
2 0.758045 0.442540 0.011919 0.030242
2 0.597735 0.382056 0.015495 0.030242
4 0.227056 0.761089 0.025030 0.038306
23 0.196067 0.758065 0.029797 0.032258
23 0.769368 0.764113 0.027414 0.028226
2 0.548868 0.947581 0.022646 0.020161
2 0.548272 0.948589 0.021454 0.022177
0 0.196663 0.672379 0.019070 0.026210
2 0.416567 0.948589 0.022646 0.022177
0 0.083433 0.702621 0.016687 0.022177
2 0.961263 0.341734 0.013111 0.034274
2 0.196663 0.857863 0.021454 0.022177
4 0.380810 0.889113 0.025030 0.024194
2 0.125149 0.818548 0.021454 0.020161
2 0.125149 0.818548 0.021454 0.020161
2 0.876639 0.818548 0.022646 0.020161
41 0.270560 0.103831 0.028605 0.034274
41 0.383194 0.096774 0.025030 0.024194
5 0.936234 0.342742 0.027414 0.036290
0 0.123957 0.711694 0.011919 0.024194
75 0.099523 0.963710 0.036949 0.036290
4 0.380215 0.765121 0.026222 0.038306
8 0.415375 0.737903 0.041716 0.060484
8 0.414184 0.853831 0.039333 0.058468
6 0.479142 0.791331 0.035757 0.026210
8 0.550656 0.736895 0.042908 0.058468
15 0.550656 0.851815 0.047676 0.070565
41 0.340882 0.041331 0.038141 0.022177
41 0.433254 0.037298 0.032181 0.034274
4 0.581645 0.763105 0.033373 0.034274
