1 0.255882 0.297041 0.175630 0.310059
1 0.094958 0.684615 0.045378 0.072189
3 0.134454 0.736686 0.013445 0.036686
2 0.135294 0.775740 0.025210 0.020118
1 0.567227 0.173964 0.040336 0.078107
2 0.294538 0.865089 0.024370 0.018935
4 0.378151 0.157396 0.015126 0.023669
2 0.827311 0.311243 0.022689 0.018935
1 0.260924 0.685207 0.063025 0.066272
2 0.621849 0.645562 0.025210 0.020118
1 0.542437 0.366864 0.041176 0.066272
4 0.492017 0.133136 0.017647 0.029586
4 0.100840 0.230178 0.020168 0.022485
1 0.240336 0.804142 0.055462 0.048521
4 0.652101 0.134320 0.016807 0.024852
4 0.676891 0.134320 0.017647 0.027219
2 0.884874 0.112426 0.013445 0.030769
2 0.073529 0.206509 0.014286 0.027219
0 0.492017 0.086391 0.019328 0.014201
3 0.820168 0.607692 0.011765 0.034320
24 0.873109 0.360947 0.026891 0.087574
2 0.820168 0.646154 0.023529 0.018935
4 0.513025 0.132544 0.017647 0.030769
2 0.513025 0.173373 0.026050 0.020118
2 0.562605 0.686982 0.026050 0.020118
2 0.651681 0.178698 0.024370 0.021302
4 0.294538 0.825444 0.017647 0.024852
2 0.143277 0.084024 0.022689 0.018935
2 0.092017 0.468639 0.022689 0.018935
4 0.563445 0.649112 0.017647 0.027219
3 0.185294 0.702959 0.027731 0.014201
49 0.845378 0.546746 0.033613 0.037870
4 0.112185 0.442604 0.017647 0.023669
2 0.403361 0.132544 0.021849 0.018935
3 0.563445 0.572781 0.014286 0.033136
4 0.130672 0.129586 0.017647 0.027219
2 0.575210 0.320710 0.021008 0.018935
0 0.652101 0.086391 0.018487 0.011834
0 0.130672 0.472189 0.022689 0.016568
49 0.596218 0.588757 0.034454 0.039053
0 0.134454 0.643195 0.021849 0.017751
4 0.155462 0.128994 0.018487 0.021302
0 0.782773 0.113609 0.009244 0.026036
0 0.782773 0.110651 0.009244 0.027219
0 0.358824 0.139645 0.015126 0.014201
0 0.891176 0.543195 0.017647 0.016568
0 0.309244 0.791716 0.011765 0.023669
3 0.810504 0.111243 0.026050 0.016568
0 0.111765 0.160947 0.013445 0.026036
3 0.857143 0.111243 0.025210 0.016568
0 0.089916 0.253254 0.023529 0.037870
0 0.595378 0.326627 0.024370 0.026036
0 0.564286 0.536095 0.029412 0.023669
0 0.851261 0.302367 0.021849 0.015385
