1 0.293697 0.709467 0.049580 0.093491
3 0.067647 0.170414 0.012605 0.035503
1 0.715126 0.359763 0.082353 0.078107
1 0.188235 0.228994 0.072269 0.074556
2 0.068067 0.303550 0.025210 0.020118
24 0.102101 0.673964 0.026050 0.039053
3 0.714706 0.253846 0.014286 0.039053
2 0.306303 0.649112 0.012605 0.024852
2 0.478992 0.372781 0.025210 0.021302
3 0.571849 0.384024 0.012605 0.036686
22 0.244538 0.228402 0.016807 0.030769
24 0.102101 0.744970 0.026050 0.039053
23 0.294538 0.234911 0.017647 0.036686
0 0.344118 0.173373 0.012605 0.010651
2 0.664286 0.502959 0.026050 0.021302
2 0.306723 0.770414 0.011765 0.021302
4 0.066387 0.246746 0.018487 0.020118
4 0.479412 0.321302 0.017647 0.024852
4 0.664286 0.442604 0.017647 0.033136
23 0.100840 0.255030 0.020168 0.029586
2 0.344958 0.302959 0.026050 0.021302
26 0.706723 0.442012 0.018487 0.036686
3 0.310924 0.159763 0.028571 0.011834
2 0.338235 0.123669 0.014286 0.031953
2 0.901261 0.371006 0.012605 0.031953
0 0.714706 0.210059 0.015966 0.013018
2 0.773109 0.333728 0.018487 0.018935
3 0.840756 0.324260 0.012605 0.037870
3 0.865966 0.372189 0.029412 0.015385
0 0.067647 0.126036 0.014286 0.013018
4 0.344958 0.235503 0.017647 0.033136
3 0.538235 0.384024 0.012605 0.036686
21 0.840756 0.442012 0.015966 0.039053
35 0.543697 0.321893 0.026891 0.028402
35 0.576471 0.326036 0.025210 0.034320
2 0.814286 0.346154 0.020168 0.020118
2 0.136134 0.678107 0.013445 0.023669
2 0.136555 0.749112 0.014286 0.026036
3 0.789496 0.360947 0.026050 0.014201
20 0.242857 0.124852 0.033613 0.027219
6 0.266387 0.175740 0.040336 0.017751
0 0.124370 0.657396 0.018487 0.015385
0 0.125210 0.729586 0.016807 0.013018
0 0.282353 0.640828 0.018487 0.017751
0 0.285714 0.771006 0.010084 0.017751
3 0.805042 0.291716 0.026891 0.022485
