1 0.597479 0.188166 0.070588 0.052071
1 0.715126 0.432544 0.073950 0.088757
1 0.147479 0.186982 0.069748 0.052071
1 0.147899 0.449112 0.070588 0.055621
2 0.243697 0.840828 0.025210 0.020118
2 0.944538 0.160355 0.011765 0.031953
2 0.214286 0.522485 0.023529 0.017751
2 0.664286 0.261538 0.024370 0.018935
2 0.214706 0.261538 0.024370 0.018935
3 0.209664 0.136686 0.026050 0.015385
2 0.710084 0.506509 0.025210 0.023669
4 0.639916 0.223669 0.021008 0.016568
2 0.460504 0.160947 0.013445 0.033136
3 0.659244 0.136095 0.026050 0.016568
4 0.664286 0.223669 0.019328 0.014201
4 0.214706 0.223669 0.019328 0.014201
2 0.856723 0.207692 0.014286 0.029586
2 0.460504 0.419527 0.013445 0.031953
4 0.189916 0.223669 0.020168 0.016568
30 0.342857 0.180473 0.042017 0.114793
3 0.434454 0.418935 0.023529 0.016568
4 0.142857 0.655030 0.018487 0.022485
3 0.209244 0.396450 0.026891 0.016568
4 0.194118 0.726036 0.020168 0.020118
3 0.398319 0.136095 0.025210 0.016568
4 0.193697 0.796450 0.021008 0.018935
3 0.399160 0.397041 0.026891 0.015385
3 0.604202 0.454438 0.011765 0.037870
4 0.192857 0.655030 0.017647 0.022485
3 0.655882 0.435503 0.026050 0.014201
2 0.373529 0.466864 0.012605 0.031953
30 0.819748 0.181065 0.041176 0.115976
3 0.084874 0.188757 0.025210 0.015385
3 0.084454 0.450888 0.022689 0.014201
4 0.142017 0.726627 0.018487 0.023669
3 0.882773 0.136686 0.026050 0.015385
4 0.213866 0.484024 0.017647 0.016568
26 0.226050 0.772781 0.021849 0.026036
35 0.622689 0.498225 0.023529 0.035503
2 0.664286 0.191124 0.015966 0.022485
4 0.142437 0.797041 0.019328 0.020118
3 0.432353 0.160355 0.022689 0.015385
3 0.534454 0.188166 0.026891 0.014201
26 0.225630 0.701775 0.021008 0.026036
4 0.189496 0.484024 0.019328 0.016568
3 0.655462 0.426627 0.025210 0.015385
3 0.915966 0.159763 0.025210 0.016568
3 0.201261 0.176331 0.019328 0.016568
2 0.375630 0.207101 0.013445 0.028402
35 0.172689 0.389349 0.022689 0.030769
3 0.201681 0.435503 0.025210 0.016568
2 0.215546 0.194083 0.017647 0.021302
26 0.226471 0.631361 0.022689 0.024852
30 0.339076 0.441420 0.046218 0.120710
35 0.174370 0.130178 0.027731 0.044970
35 0.625210 0.127811 0.023529 0.037870
3 0.651261 0.176923 0.023529 0.017751
22 0.585714 0.414793 0.020168 0.022485
2 0.212605 0.449704 0.015126 0.026036
