3 0.508358 0.136134 0.008955 0.028571
1 0.171642 0.407563 0.072239 0.139496
3 0.307463 0.289496 0.008358 0.027731
1 0.767164 0.454202 0.034627 0.046218
18 0.190448 0.142017 0.016716 0.025210
24 0.763582 0.140756 0.019104 0.027731
1 0.414328 0.122689 0.039403 0.149580
4 0.569552 0.458824 0.011940 0.020168
1 0.627463 0.107143 0.038209 0.054622
1 0.273433 0.122689 0.042985 0.068908
24 0.062985 0.095378 0.025672 0.032773
1 0.627463 0.176891 0.035821 0.056303
2 0.537910 0.486975 0.019104 0.017647
3 0.331045 0.355042 0.007761 0.027731
4 0.729254 0.156723 0.012537 0.017647
4 0.590746 0.085294 0.012537 0.017647
2 0.583881 0.139916 0.010746 0.019328
4 0.602687 0.459244 0.011343 0.019328
2 0.364478 0.205462 0.017313 0.015966
2 0.692836 0.486134 0.017313 0.015966
2 0.811940 0.553782 0.019104 0.016807
4 0.281493 0.354622 0.014925 0.015126
4 0.507463 0.329412 0.011940 0.018487
2 0.277910 0.176471 0.014925 0.015126
3 0.079701 0.451681 0.018507 0.012605
2 0.125672 0.532353 0.018507 0.019328
4 0.692239 0.459664 0.011343 0.016807
23 0.536716 0.455042 0.013134 0.019328
2 0.728060 0.200840 0.018507 0.018487
2 0.364179 0.034454 0.016716 0.016807
4 0.307164 0.353782 0.013731 0.018487
2 0.585373 0.356723 0.017313 0.015966
4 0.811940 0.525210 0.013134 0.026891
54 0.431940 0.388235 0.034030 0.053782
4 0.068955 0.369328 0.012537 0.015966
28 0.701493 0.062605 0.016716 0.027731
4 0.098209 0.490336 0.012537 0.014286
2 0.423582 0.549580 0.018507 0.018487
4 0.125970 0.489916 0.014328 0.015126
6 0.509851 0.441597 0.026269 0.010924
2 0.078209 0.162605 0.017910 0.015966
2 0.033433 0.367647 0.010746 0.021008
4 0.462985 0.329412 0.012537 0.018487
18 0.190746 0.095798 0.016119 0.025210
4 0.251045 0.469328 0.018507 0.017647
4 0.653731 0.413445 0.016716 0.015126
54 0.432239 0.498319 0.034627 0.052101
2 0.110746 0.470168 0.013731 0.015966
2 0.692537 0.508824 0.016716 0.015966
2 0.811642 0.369328 0.016119 0.014286
3 0.654030 0.442437 0.020896 0.012605
2 0.277612 0.073109 0.014328 0.016807
16 0.045075 0.143697 0.030448 0.026891
21 0.330448 0.291176 0.012537 0.034454
23 0.549254 0.326050 0.011940 0.020168
35 0.501791 0.089916 0.023284 0.023529
4 0.655821 0.523109 0.012537 0.019328
2 0.811940 0.369748 0.016716 0.013445
18 0.160896 0.093697 0.017313 0.021008
16 0.045373 0.144118 0.029851 0.027731
18 0.161493 0.139076 0.016119 0.022689
3 0.170149 0.291597 0.021493 0.011765
2 0.224179 0.320168 0.014925 0.018487
35 0.066269 0.495798 0.017910 0.023529
4 0.091642 0.360084 0.010149 0.019328
2 0.308657 0.254202 0.016716 0.017647
3 0.654328 0.555042 0.016716 0.012605
4 0.693134 0.536975 0.021493 0.020168
4 0.812537 0.400000 0.019104 0.016807
