3 0.194627 0.609244 0.008358 0.025210
1 0.281493 0.296639 0.121194 0.223529
3 0.681493 0.517227 0.008955 0.024370
1 0.514328 0.201681 0.030448 0.045378
2 0.680896 0.544958 0.017313 0.014286
1 0.165373 0.571849 0.032239 0.054622
2 0.498507 0.574370 0.016716 0.014286
24 0.718806 0.343277 0.021493 0.068067
2 0.540299 0.544118 0.016716 0.014286
1 0.282985 0.573109 0.045373 0.047059
1 0.483284 0.346218 0.030448 0.048739
2 0.308358 0.701261 0.017313 0.014286
2 0.164478 0.419748 0.016119 0.012605
1 0.269254 0.656723 0.038209 0.039496
0 0.194925 0.543277 0.012537 0.010924
2 0.463284 0.208824 0.016716 0.012605
4 0.208657 0.177731 0.012537 0.014286
2 0.388358 0.221008 0.018507 0.015126
4 0.499403 0.547059 0.013731 0.021849
4 0.170149 0.248739 0.013134 0.015126
2 0.733134 0.165546 0.009552 0.021849
0 0.732537 0.472269 0.013134 0.011765
2 0.561791 0.213445 0.016716 0.013445
4 0.190746 0.176050 0.012537 0.017647
4 0.448060 0.180672 0.011343 0.021849
49 0.522985 0.504202 0.027463 0.030252
49 0.696716 0.476050 0.022687 0.026050
2 0.506866 0.315546 0.013134 0.014286
3 0.498209 0.493277 0.010149 0.026891
4 0.578507 0.181513 0.011940 0.021849
2 0.686269 0.307143 0.016119 0.015966
4 0.192239 0.421429 0.013134 0.012605
2 0.200299 0.144538 0.016119 0.015126
0 0.657612 0.168067 0.006567 0.016807
2 0.194627 0.636975 0.016716 0.013445
4 0.177910 0.400840 0.014328 0.018487
4 0.463582 0.180672 0.011343 0.018487
4 0.307761 0.671429 0.011343 0.018487
4 0.561791 0.180672 0.011940 0.020168
0 0.318806 0.648739 0.009552 0.016807
0 0.657612 0.160924 0.006567 0.015966
0 0.498806 0.470168 0.012537 0.012605
0 0.179403 0.203782 0.017313 0.021008
2 0.151343 0.236134 0.011343 0.016807
0 0.162985 0.269748 0.014328 0.018487
0 0.353134 0.186134 0.018507 0.017647
4 0.368657 0.201681 0.010149 0.018487
3 0.229851 0.588235 0.022687 0.015126
0 0.522388 0.320588 0.015522 0.009244
0 0.449552 0.149160 0.019104 0.014286
0 0.562687 0.150840 0.017313 0.012605
3 0.677015 0.167647 0.020299 0.015966
3 0.708657 0.169328 0.022687 0.012605
