1 0.443582 0.459244 0.083582 0.142017
4 0.091045 0.227731 0.011343 0.028571
3 0.445075 0.304622 0.012537 0.026050
26 0.127463 0.153361 0.025672 0.036134
1 0.377313 0.247899 0.033433 0.042017
4 0.769851 0.140336 0.011343 0.030252
2 0.316716 0.581933 0.018507 0.015966
1 0.314627 0.152101 0.033433 0.043697
1 0.375224 0.149580 0.032836 0.045378
4 0.316418 0.538655 0.013134 0.020168
2 0.490149 0.633193 0.019104 0.014286
4 0.743284 0.140756 0.011940 0.029412
2 0.661791 0.217227 0.018507 0.015966
3 0.315821 0.488235 0.009552 0.028571
2 0.445075 0.347059 0.018507 0.015126
26 0.195821 0.152941 0.025075 0.036975
2 0.089851 0.291597 0.018507 0.016807
4 0.366866 0.383613 0.011343 0.015966
4 0.340000 0.514706 0.012537 0.017647
2 0.089254 0.116807 0.016119 0.015126
3 0.217313 0.475630 0.008358 0.030252
4 0.695522 0.139916 0.010746 0.024370
22 0.408955 0.244538 0.011940 0.023529
4 0.345970 0.383613 0.012537 0.017647
3 0.516418 0.547479 0.008358 0.026050
54 0.570746 0.155042 0.037015 0.047899
3 0.497910 0.546639 0.009552 0.029412
4 0.605970 0.472269 0.013134 0.018487
4 0.296418 0.474370 0.010149 0.017647
0 0.818209 0.084034 0.010149 0.010084
3 0.564478 0.513025 0.020896 0.012605
4 0.539403 0.401261 0.017313 0.019328
54 0.513731 0.234454 0.032836 0.050420
54 0.571045 0.231933 0.035224 0.048739
23 0.063284 0.227311 0.013134 0.029412
4 0.540000 0.484874 0.016119 0.018487
0 0.378209 0.486975 0.012537 0.010924
2 0.524179 0.452941 0.011940 0.018487
0 0.323284 0.361765 0.012537 0.012605
2 0.176418 0.184034 0.017313 0.015126
54 0.513433 0.156303 0.034627 0.050420
23 0.817910 0.139076 0.011940 0.031092
0 0.177015 0.139916 0.008955 0.009244
0 0.089254 0.146639 0.014925 0.010924
0 0.349254 0.080252 0.014328 0.010924
6 0.444179 0.194958 0.031045 0.020168
41 0.462090 0.332773 0.011940 0.010084
22 0.602985 0.159244 0.015522 0.017647
3 0.663284 0.115546 0.011940 0.024370
3 0.662388 0.175210 0.008955 0.024370
3 0.251940 0.479412 0.013134 0.029412
4 0.274030 0.478151 0.013134 0.011765
2 0.368358 0.415546 0.026269 0.022689
22 0.564478 0.419748 0.010149 0.024370
22 0.563284 0.470168 0.019701 0.022689
4 0.506866 0.523950 0.013134 0.022689
