1 0.265126 0.472189 0.110084 0.172781
1 0.800840 0.166272 0.065546 0.159763
1 0.309244 0.111834 0.048739 0.060355
1 0.529412 0.107101 0.045378 0.060355
2 0.723529 0.292308 0.025210 0.018935
4 0.639076 0.148521 0.015966 0.034320
4 0.382353 0.437278 0.016807 0.027219
2 0.105462 0.699408 0.024370 0.018935
3 0.722689 0.254438 0.013445 0.035503
3 0.076050 0.105325 0.012605 0.033136
4 0.171849 0.130769 0.017647 0.034320
4 0.071429 0.454438 0.018487 0.028402
4 0.403361 0.578107 0.016807 0.036686
2 0.235294 0.260355 0.026891 0.021302
4 0.604622 0.147929 0.017647 0.033136
3 0.235294 0.189349 0.015126 0.040237
4 0.364706 0.578698 0.018487 0.035503
4 0.676471 0.147337 0.015126 0.031953
4 0.201681 0.129586 0.016807 0.031953
3 0.445798 0.101775 0.024370 0.016568
4 0.151261 0.460947 0.020168 0.024852
22 0.108403 0.133728 0.026891 0.018935
3 0.446639 0.124852 0.024370 0.015385
3 0.448739 0.501183 0.013445 0.036686
0 0.571008 0.072781 0.015966 0.013018
0 0.437815 0.423077 0.013445 0.010651
