1 0.646279 0.504237 0.065868 0.085956
4 0.509410 0.138015 0.016253 0.016949
1 0.226262 0.142857 0.074423 0.099274
1 0.491873 0.291162 0.066724 0.163438
1 0.651839 0.172518 0.066724 0.083535
4 0.230539 0.460654 0.019675 0.018160
4 0.492301 0.137409 0.016253 0.015738
3 0.042772 0.598668 0.013687 0.037530
2 0.753636 0.548426 0.025663 0.024213
4 0.136441 0.225182 0.017964 0.019370
2 0.490590 0.173729 0.019675 0.020581
3 0.184346 0.242736 0.012831 0.032688
2 0.505988 0.511501 0.017964 0.023002
1 0.121471 0.155569 0.082121 0.098063
4 0.569290 0.139225 0.017964 0.019370
3 0.043199 0.520581 0.012831 0.033898
4 0.034217 0.206416 0.018820 0.018160
1 0.124038 0.544794 0.073567 0.050847
2 0.523952 0.706416 0.019675 0.020581
51 0.291275 0.199153 0.016253 0.042373
3 0.168092 0.593826 0.012831 0.037530
1 0.486313 0.627119 0.067579 0.174334
2 0.645423 0.567191 0.024808 0.023002
4 0.486741 0.470944 0.013687 0.016949
3 0.035500 0.150121 0.012831 0.033898
2 0.255774 0.556901 0.017109 0.026634
2 0.137297 0.263923 0.023097 0.019370
2 0.487169 0.506659 0.019675 0.020581
2 0.092387 0.629540 0.017109 0.029056
42 0.544055 0.630145 0.030796 0.015738
2 0.650984 0.235472 0.023952 0.020581
4 0.757485 0.176150 0.019675 0.025424
2 0.757485 0.216707 0.024808 0.021792
4 0.564585 0.470944 0.017109 0.019370
42 0.548760 0.274818 0.029940 0.016949
4 0.209581 0.592615 0.017109 0.023002
2 0.211292 0.224576 0.011976 0.027845
4 0.256630 0.460048 0.018820 0.014528
4 0.124465 0.495763 0.021386 0.023002
2 0.035928 0.257264 0.023952 0.020581
6 0.536784 0.112591 0.036784 0.016949
42 0.702737 0.527845 0.029940 0.019370
4 0.505133 0.470339 0.017964 0.015738
3 0.034645 0.098063 0.012831 0.033898
0 0.042772 0.469734 0.013687 0.012107
6 0.204021 0.495763 0.035073 0.013317
3 0.547476 0.472155 0.011976 0.033898
42 0.590248 0.510291 0.030796 0.020581
2 0.448246 0.209443 0.018820 0.021792
4 0.753208 0.507869 0.021386 0.025424
42 0.707442 0.194915 0.027374 0.016949
2 0.183918 0.383777 0.020530 0.019370
2 0.444397 0.541768 0.017964 0.020581
0 0.752780 0.420702 0.013687 0.013317
42 0.590248 0.535714 0.032506 0.023002
0 0.757485 0.088378 0.012831 0.012107
42 0.701027 0.513923 0.033362 0.015738
3 0.552181 0.141041 0.012831 0.032688
4 0.240376 0.225182 0.015398 0.024213
42 0.544482 0.618644 0.029940 0.016949
42 0.591531 0.180993 0.028229 0.020581
4 0.753208 0.461864 0.021386 0.020581
2 0.443114 0.674334 0.018820 0.021792
2 0.535500 0.527845 0.015398 0.024213
42 0.549187 0.345642 0.027374 0.018160
2 0.541488 0.193705 0.015398 0.024213
0 0.239093 0.069007 0.012831 0.009685
2 0.509410 0.178571 0.019675 0.023002
42 0.466210 0.450969 0.027374 0.018160
2 0.212575 0.424939 0.017964 0.026634
0 0.136869 0.046610 0.015398 0.013317
42 0.549187 0.296005 0.030796 0.015738
4 0.234816 0.593220 0.017964 0.024213
4 0.552609 0.177361 0.018820 0.018160
42 0.550470 0.285714 0.029940 0.016949
7 0.723695 0.098063 0.027374 0.016949
42 0.543627 0.677361 0.028229 0.018160
2 0.525235 0.372881 0.018820 0.019370
42 0.548760 0.311743 0.029940 0.015738
42 0.545766 0.643462 0.030796 0.015738
42 0.546621 0.657990 0.030796 0.015738
4 0.757057 0.128329 0.022241 0.021792
42 0.547049 0.248184 0.028229 0.016949
42 0.546621 0.604116 0.030796 0.014528
51 0.171942 0.122881 0.011976 0.035109
42 0.545338 0.581719 0.028229 0.015738
2 0.447391 0.342615 0.018820 0.021792
4 0.547904 0.509685 0.017964 0.019370
35 0.030796 0.334746 0.023952 0.027845
42 0.545338 0.566586 0.026518 0.016949
42 0.708725 0.180993 0.026518 0.018160
0 0.272455 0.497579 0.011121 0.016949
42 0.548760 0.238499 0.028229 0.016949
4 0.547904 0.509080 0.019675 0.018160
20 0.287853 0.144673 0.021386 0.039952
3 0.185629 0.280266 0.029085 0.015738
35 0.052181 0.334746 0.023952 0.027845
35 0.072712 0.334746 0.023952 0.027845
35 0.093242 0.333535 0.023952 0.027845
35 0.116339 0.332324 0.023952 0.027845
35 0.136869 0.332324 0.023952 0.027845
35 0.164243 0.335956 0.023952 0.027845
35 0.186484 0.333535 0.023952 0.027845
0 0.251069 0.616828 0.017964 0.015738
0 0.167665 0.661017 0.018820 0.019370
42 0.469632 0.113196 0.032506 0.020581
42 0.593242 0.195521 0.028229 0.020581
42 0.547904 0.323850 0.038494 0.018160
6 0.530796 0.444310 0.036784 0.014528
7 0.719418 0.434019 0.030796 0.023002
