1 0.751261 0.142012 0.077311 0.085207
4 0.433613 0.228994 0.016807 0.020118
1 0.312605 0.217751 0.072269 0.073373
3 0.273529 0.295858 0.012605 0.037870
2 0.805882 0.142012 0.018487 0.028402
2 0.348739 0.345562 0.025210 0.021302
3 0.492017 0.181065 0.010924 0.035503
2 0.156303 0.165089 0.016807 0.029586
2 0.157983 0.265680 0.015126 0.029586
4 0.349580 0.308284 0.016807 0.022485
2 0.273950 0.351479 0.026891 0.026036
3 0.693697 0.136095 0.024370 0.021302
3 0.366807 0.230178 0.024370 0.015385
2 0.353361 0.149704 0.022689 0.022485
2 0.383193 0.246154 0.018487 0.018935
2 0.366387 0.418935 0.016807 0.026036
3 0.366807 0.282840 0.026050 0.014201
4 0.396639 0.365680 0.021849 0.023669
4 0.463025 0.230178 0.015126 0.027219
3 0.185294 0.265680 0.027731 0.015385
2 0.614286 0.142012 0.013445 0.026036
3 0.416387 0.440828 0.014286 0.034320
2 0.528571 0.269231 0.021849 0.020118
2 0.665546 0.142012 0.011765 0.026036
3 0.253361 0.164497 0.024370 0.016568
4 0.509664 0.159763 0.014286 0.023669
6 0.419328 0.259763 0.010084 0.036686
3 0.184874 0.164497 0.026891 0.016568
3 0.694538 0.146746 0.024370 0.021302
35 0.217647 0.171598 0.020168 0.040237
35 0.218487 0.271006 0.020168 0.040237
3 0.184034 0.217751 0.025210 0.026036
75 0.546218 0.256213 0.025210 0.022485
75 0.546218 0.208876 0.025210 0.022485
0 0.527731 0.192308 0.020168 0.015385
