1 0.500855 0.271795 0.083761 0.071795
1 0.125214 0.159615 0.062393 0.096154
1 0.650427 0.638462 0.068376 0.079487
3 0.303419 0.169872 0.013675 0.037179
4 0.303419 0.093590 0.020513 0.025641
1 0.125641 0.591026 0.051282 0.066667
2 0.344872 0.061538 0.012821 0.030769
6 0.589316 0.265385 0.036752 0.012821
3 0.146581 0.843590 0.028205 0.017949
2 0.500000 0.448718 0.027350 0.020513
1 0.917094 0.221795 0.030769 0.074359
4 0.573077 0.175641 0.019658 0.028205
2 0.080342 0.187821 0.020513 0.019231
4 0.568376 0.669872 0.020513 0.034615
1 0.126068 0.693590 0.052137 0.069231
2 0.782051 0.525641 0.023932 0.020513
3 0.623504 0.298718 0.012821 0.038462
2 0.885043 0.339103 0.026496 0.024359
4 0.334188 0.169872 0.018803 0.026923
2 0.716239 0.625641 0.013675 0.030769
24 0.940598 0.555769 0.024786 0.047436
2 0.625214 0.416026 0.028205 0.024359
4 0.623504 0.362821 0.021368 0.028205
3 0.542308 0.624359 0.031624 0.015385
4 0.612393 0.175641 0.016239 0.033333
4 0.650000 0.708974 0.028205 0.023077
2 0.087607 0.446795 0.014530 0.032051
3 0.171795 0.446795 0.027350 0.016667
2 0.173932 0.690385 0.012821 0.032051
2 0.594017 0.127564 0.023932 0.019231
4 0.689316 0.176282 0.016239 0.029487
2 0.500427 0.179487 0.028205 0.023077
3 0.756838 0.451282 0.014530 0.046154
1 0.127350 0.794872 0.052991 0.064103
4 0.650855 0.175641 0.016239 0.030769
3 0.555983 0.336538 0.014530 0.044872
2 0.921795 0.655128 0.021368 0.020513
3 0.811966 0.452564 0.013675 0.043590
2 0.921795 0.732051 0.023077 0.020513
3 0.833333 0.240385 0.013675 0.037179
2 0.921795 0.578205 0.019658 0.017949
4 0.667521 0.302564 0.020513 0.043590
2 0.168376 0.127564 0.018803 0.019231
10 0.786752 0.278846 0.019658 0.050000
26 0.444017 0.658333 0.036752 0.101282
3 0.756410 0.349359 0.013675 0.042308
3 0.811966 0.349359 0.013675 0.039744
10 0.786752 0.279487 0.019658 0.048718
24 0.938889 0.632692 0.024786 0.047436
24 0.941453 0.710897 0.024786 0.047436
35 0.123504 0.456410 0.028205 0.058974
35 0.348291 0.333333 0.035043 0.038462
35 0.373932 0.312821 0.029915 0.035897
35 0.410684 0.350641 0.031624 0.037179
35 0.426923 0.325641 0.035043 0.041026
7 0.238462 0.201282 0.044444 0.023077
27 0.539316 0.422436 0.041026 0.024359
