1 0.552521 0.626036 0.064706 0.087574
1 0.143277 0.381657 0.079832 0.107692
4 0.196639 0.810059 0.020168 0.022485
1 0.200840 0.854438 0.097479 0.054438
1 0.189076 0.625444 0.063866 0.053254
6 0.236975 0.364497 0.033613 0.014201
1 0.586134 0.169231 0.083193 0.120710
4 0.071429 0.660355 0.020168 0.016568
2 0.564286 0.876923 0.021008 0.016568
2 0.513025 0.877515 0.021008 0.017751
3 0.504202 0.135503 0.023529 0.015385
2 0.652521 0.877515 0.021008 0.015385
2 0.702941 0.877515 0.021008 0.015385
18 0.651261 0.845562 0.013445 0.022485
2 0.097899 0.699408 0.022689 0.018935
3 0.281933 0.389349 0.010924 0.030769
2 0.071429 0.698817 0.021849 0.020118
2 0.433613 0.256213 0.023529 0.017751
2 0.126050 0.907692 0.023529 0.018935
2 0.526050 0.279882 0.025210 0.020118
2 0.285714 0.698225 0.025210 0.021302
2 0.508824 0.582249 0.019328 0.021302
2 0.907983 0.862722 0.012605 0.030769
4 0.874370 0.613018 0.017647 0.014201
2 0.470588 0.876331 0.021849 0.015385
2 0.638655 0.279882 0.025210 0.020118
4 0.444958 0.118343 0.019328 0.016568
4 0.898739 0.613609 0.019328 0.013018
4 0.071429 0.365680 0.018487 0.014201
2 0.425210 0.876923 0.021849 0.016568
4 0.310924 0.390533 0.016807 0.018935
18 0.702101 0.844379 0.014286 0.020118
0 0.533193 0.066272 0.012605 0.011834
4 0.248319 0.637278 0.021008 0.017751
24 0.879412 0.863314 0.031092 0.060355
2 0.635294 0.108284 0.018487 0.017751
6 0.467647 0.192308 0.031092 0.010651
4 0.096639 0.873964 0.020168 0.015385
3 0.268487 0.856213 0.024370 0.013018
2 0.444958 0.078698 0.022689 0.017751
2 0.248319 0.698225 0.024370 0.021302
24 0.087395 0.112426 0.030252 0.047337
2 0.512605 0.669822 0.021849 0.016568
2 0.277731 0.221893 0.022689 0.017751
4 0.331933 0.388166 0.018487 0.014201
0 0.046639 0.331953 0.012605 0.010651
0 0.664706 0.101775 0.011765 0.011834
2 0.874370 0.653254 0.022689 0.016568
4 0.126050 0.873373 0.016807 0.014201
4 0.045798 0.365089 0.019328 0.015385
2 0.189496 0.493491 0.024370 0.018935
4 0.285294 0.631361 0.019328 0.015385
4 0.638655 0.241420 0.018487 0.016568
2 0.676471 0.658580 0.021849 0.017751
0 0.873950 0.581065 0.013445 0.009467
2 0.080252 0.156213 0.021008 0.018935
2 0.608824 0.876331 0.021008 0.015385
18 0.513025 0.844970 0.014286 0.021302
4 0.525210 0.241420 0.020168 0.018935
18 0.563445 0.844970 0.014286 0.021302
3 0.534034 0.100000 0.012605 0.031953
2 0.597899 0.634320 0.021008 0.018935
0 0.718067 0.665089 0.010924 0.014201
3 0.654202 0.160355 0.026050 0.013018
4 0.310924 0.145562 0.018487 0.023669
3 0.214706 0.181657 0.012605 0.031953
4 0.255882 0.389349 0.017647 0.016568
2 0.080252 0.066864 0.021008 0.017751
2 0.132353 0.626036 0.012605 0.023669
3 0.482353 0.633728 0.023529 0.013018
2 0.761765 0.658580 0.021008 0.017751
4 0.096639 0.655030 0.018487 0.015385
2 0.531092 0.170414 0.010084 0.023669
18 0.542017 0.845562 0.013445 0.022485
18 0.403361 0.844970 0.015126 0.021302
3 0.481933 0.618935 0.024370 0.014201
3 0.247899 0.127811 0.011765 0.033136
4 0.202101 0.342012 0.012605 0.026036
3 0.648319 0.135503 0.022689 0.017751
3 0.660084 0.195266 0.022689 0.014201
0 0.097059 0.830178 0.014286 0.013018
3 0.281092 0.453846 0.012605 0.034320
3 0.478151 0.100592 0.013445 0.035503
2 0.478992 0.061538 0.021849 0.018935
0 0.285294 0.829586 0.014286 0.011834
2 0.438655 0.626627 0.013445 0.029586
3 0.277731 0.133136 0.010924 0.029586
2 0.252941 0.885207 0.020168 0.016568
18 0.424790 0.844970 0.014286 0.018935
18 0.680672 0.845562 0.013445 0.020118
2 0.677311 0.132544 0.018487 0.021302
18 0.630252 0.845562 0.013445 0.020118
18 0.588235 0.844970 0.013445 0.021302
18 0.491597 0.846154 0.013445 0.021302
0 0.125630 0.829586 0.014286 0.011834
0 0.492017 0.665680 0.012605 0.010651
3 0.849580 0.613609 0.013445 0.034320
0 0.743697 0.156805 0.011765 0.010651
4 0.176891 0.128994 0.017647 0.016568
3 0.655042 0.170414 0.024370 0.014201
30 0.719328 0.613609 0.048739 0.036686
18 0.610084 0.846154 0.013445 0.021302
18 0.471008 0.844970 0.014286 0.016568
4 0.126891 0.128402 0.020168 0.017751
6 0.467227 0.193491 0.035294 0.013018
18 0.449580 0.844970 0.015126 0.018935
2 0.691176 0.190533 0.012605 0.035503
4 0.419748 0.216568 0.019328 0.018935
15 0.215126 0.105917 0.033613 0.043787
0 0.312605 0.091716 0.023529 0.022485
35 0.274790 0.187574 0.023529 0.031953
0 0.331513 0.350888 0.019328 0.022485
0 0.071008 0.599408 0.017647 0.020118
0 0.303782 0.600000 0.032773 0.018935
0 0.488655 0.579882 0.026050 0.026036
0 0.821849 0.831361 0.018487 0.020118
0 0.844538 0.831953 0.016807 0.018935
0 0.861765 0.828994 0.014286 0.020118
4 0.659664 0.184024 0.010084 0.027219
4 0.512185 0.157988 0.007563 0.027219
0 0.420168 0.178698 0.021849 0.021302
4 0.443697 0.218935 0.018487 0.018935
35 0.714706 0.150296 0.027731 0.028402
35 0.715126 0.168639 0.025210 0.031953
0 0.664286 0.218343 0.021008 0.020118
2 0.849580 0.883432 0.015126 0.024852
0 0.678992 0.873964 0.013445 0.013018
0 0.586975 0.875148 0.014286 0.010651
0 0.629832 0.873373 0.010924 0.009467
0 0.541597 0.873964 0.014286 0.015385
0 0.490336 0.875148 0.010924 0.013018
0 0.448739 0.873373 0.008403 0.009467
0 0.401681 0.875740 0.015126 0.011834
