1 0.496639 0.400592 0.082353 0.076923
2 0.633613 0.518343 0.013445 0.028402
4 0.604622 0.519527 0.019328 0.023669
2 0.330672 0.439645 0.022689 0.020118
2 0.538235 0.310651 0.026050 0.022485
2 0.279832 0.389941 0.015126 0.029586
3 0.382353 0.425444 0.023529 0.015385
2 0.763445 0.483432 0.012605 0.027219
3 0.347899 0.425444 0.026891 0.015385
3 0.679832 0.424852 0.025210 0.016568
6 0.619748 0.423669 0.027731 0.011834
2 0.469328 0.561538 0.015966 0.029586
4 0.326471 0.389941 0.021008 0.024852
3 0.563445 0.413018 0.024370 0.016568
5 0.734454 0.483432 0.021849 0.024852
42 0.399580 0.459763 0.019328 0.046154
42 0.457983 0.520118 0.047059 0.022485
42 0.580672 0.554438 0.021849 0.050888
42 0.663025 0.389349 0.040336 0.030769
51 0.719748 0.426036 0.036134 0.026036
35 0.575210 0.434320 0.029412 0.030769
