1 0.825373 0.091176 0.060299 0.089916
2 0.259701 0.138235 0.015522 0.012605
1 0.114328 0.100000 0.056716 0.117647
3 0.928358 0.323529 0.009552 0.023529
1 0.228060 0.312605 0.063284 0.107563
1 0.208955 0.539916 0.051343 0.079832
2 0.722090 0.108824 0.016119 0.014286
1 0.838507 0.426050 0.050746 0.047059
3 0.833134 0.323109 0.008955 0.022689
2 0.235522 0.139076 0.016119 0.014286
2 0.877910 0.162605 0.018507 0.014286
2 0.114030 0.172689 0.014328 0.014286
3 0.908358 0.387815 0.019701 0.012605
2 0.793731 0.476471 0.017313 0.013445
3 0.904478 0.323109 0.009552 0.024370
2 0.868657 0.389916 0.014328 0.015126
3 0.805970 0.322689 0.009552 0.025210
2 0.318806 0.385294 0.009552 0.019328
3 0.209851 0.384454 0.017313 0.012605
1 0.471045 0.090756 0.060896 0.035294
2 0.080000 0.155882 0.013134 0.012605
2 0.319403 0.413866 0.009552 0.021008
42 0.617910 0.157983 0.022687 0.013445
42 0.093433 0.252521 0.014925 0.034454
2 0.147463 0.154622 0.014328 0.013445
3 0.259403 0.110084 0.008955 0.023529
2 0.229254 0.460084 0.009552 0.021008
2 0.757612 0.097899 0.009552 0.021008
2 0.865373 0.081092 0.010149 0.021008
2 0.171642 0.497059 0.008955 0.021008
2 0.145970 0.536134 0.008955 0.020168
2 0.097910 0.338235 0.009552 0.019328
3 0.209254 0.457983 0.018507 0.015126
3 0.856716 0.323109 0.008358 0.024370
4 0.428060 0.118908 0.014328 0.014286
3 0.208955 0.439076 0.019104 0.012605
2 0.919403 0.052941 0.014328 0.013445
2 0.514328 0.049160 0.012537 0.015966
1 0.069254 0.395798 0.039403 0.077311
2 0.097612 0.367227 0.008955 0.021849
2 0.334030 0.347899 0.008955 0.016807
2 0.322388 0.082773 0.014328 0.012605
3 0.916716 0.131933 0.011343 0.030252
1 0.069254 0.411345 0.038209 0.052941
3 0.776716 0.098739 0.019104 0.014286
2 0.097910 0.278992 0.009552 0.018487
4 0.919701 0.080252 0.012537 0.017647
2 0.824478 0.151261 0.016716 0.013445
3 0.235224 0.110504 0.009552 0.024370
3 0.275821 0.505462 0.015522 0.010924
2 0.938209 0.052521 0.014925 0.012605
2 0.097910 0.426471 0.009552 0.019328
4 0.737910 0.081092 0.013134 0.015966
2 0.097612 0.309244 0.008955 0.016807
4 0.775821 0.439076 0.012537 0.012605
0 0.041493 0.246639 0.010149 0.010924
3 0.951940 0.322689 0.011343 0.021849
3 0.274627 0.559244 0.016716 0.015966
2 0.098209 0.397479 0.010149 0.016807
3 0.209254 0.413445 0.018507 0.015126
3 0.881194 0.321849 0.009552 0.025210
4 0.877612 0.131513 0.014328 0.015966
23 0.721791 0.080252 0.013134 0.015966
0 0.228060 0.384874 0.004776 0.016807
42 0.602388 0.036134 0.020299 0.015126
2 0.098209 0.430672 0.011343 0.019328
3 0.785970 0.414706 0.018507 0.012605
3 0.633731 0.141176 0.007761 0.016807
0 0.407463 0.363025 0.008955 0.011765
2 0.501194 0.049160 0.014925 0.015966
4 0.958209 0.080252 0.010746 0.015966
11 0.931045 0.382353 0.012537 0.025210
4 0.158209 0.313866 0.010746 0.014286
2 0.435522 0.072269 0.012537 0.011765
2 0.152537 0.337815 0.011343 0.020168
0 0.320597 0.339076 0.008358 0.017647
1 0.068060 0.291597 0.037015 0.067227
42 0.068657 0.078571 0.025075 0.015966
42 0.066567 0.122689 0.020896 0.011765
42 0.159104 0.079412 0.020896 0.017647
42 0.160896 0.120588 0.025672 0.015966
27 0.293433 0.384034 0.035224 0.021849
27 0.291940 0.413866 0.038209 0.022689
10 0.294328 0.507983 0.019104 0.031092
10 0.295821 0.559664 0.014925 0.026891
24 0.357313 0.320588 0.025672 0.103361
24 0.393134 0.319748 0.025672 0.103361
0 0.342985 0.368067 0.011343 0.013445
0 0.404776 0.368908 0.013134 0.018487
2 0.415821 0.347059 0.013731 0.033613
0 0.432537 0.342437 0.010149 0.019328
0 0.314925 0.129832 0.011343 0.022689
24 0.335821 0.113445 0.026866 0.036975
0 0.365373 0.110504 0.009552 0.026050
0 0.394627 0.117227 0.015522 0.029412
41 0.378209 0.112605 0.012537 0.018487
4 0.437015 0.121008 0.011940 0.020168
0 0.413433 0.104202 0.011343 0.026891
0 0.525970 0.099580 0.014328 0.024370
4 0.499701 0.078151 0.015522 0.021849
4 0.514627 0.080672 0.016716 0.030252
2 0.426866 0.154622 0.013134 0.021849
2 0.438209 0.154622 0.014328 0.025210
7 0.659701 0.078151 0.016716 0.015126
0 0.682985 0.079832 0.010746 0.025210
0 0.598806 0.078992 0.015522 0.021849
22 0.630746 0.039076 0.017313 0.024370
22 0.632836 0.081933 0.021493 0.027731
15 0.632537 0.109664 0.014925 0.027731
3 0.632836 0.176471 0.010746 0.016807
2 0.631940 0.205882 0.020896 0.031933
22 0.759701 0.051261 0.018507 0.023529
0 0.711045 0.067227 0.009552 0.015126
6 0.887761 0.084454 0.009552 0.037815
4 0.861194 0.133613 0.016119 0.016807
35 0.899403 0.183193 0.018507 0.021849
35 0.933433 0.181933 0.018507 0.022689
3 0.941791 0.114706 0.018507 0.017647
0 0.962388 0.119328 0.010746 0.021849
0 0.974328 0.098739 0.010746 0.022689
0 0.878806 0.247479 0.017910 0.017647
0 0.903284 0.433193 0.011940 0.021008
2 0.933134 0.417227 0.015522 0.024370
75 0.904776 0.463866 0.019701 0.028571
35 0.803881 0.295798 0.016119 0.028571
35 0.830149 0.297899 0.017313 0.026050
35 0.854328 0.299580 0.017910 0.027731
35 0.877313 0.295798 0.017313 0.028571
35 0.902388 0.295798 0.017313 0.026891
35 0.925075 0.297479 0.016119 0.026891
35 0.948060 0.297479 0.017910 0.028571
4 0.166866 0.538235 0.011343 0.021008
0 0.245672 0.499580 0.010149 0.015966
0 0.153731 0.298739 0.007761 0.012605
2 0.077612 0.042857 0.016716 0.018487
2 0.150746 0.046218 0.019701 0.021849
4 0.938209 0.083193 0.014925 0.016807
4 0.799403 0.450000 0.016716 0.012605
