1 0.832537 0.707983 0.050746 0.047899
1 0.810448 0.143697 0.056716 0.047059
2 0.259701 0.137815 0.015522 0.013445
1 0.114030 0.100000 0.058507 0.115966
1 0.905672 0.102941 0.046567 0.041176
2 0.235821 0.138655 0.015522 0.013445
3 0.902388 0.665126 0.019701 0.010924
2 0.788657 0.755462 0.017910 0.013445
1 0.477612 0.269748 0.044179 0.038655
2 0.113731 0.171429 0.014925 0.013445
2 0.734925 0.098319 0.009552 0.020168
4 0.847761 0.173950 0.014328 0.018487
2 0.080597 0.157983 0.015522 0.018487
2 0.147463 0.157563 0.014328 0.021008
4 0.502388 0.294958 0.012537 0.013445
4 0.508358 0.245798 0.011343 0.014286
3 0.827164 0.604622 0.010149 0.024370
2 0.779104 0.203782 0.017910 0.014286
1 0.470746 0.090756 0.061493 0.036975
4 0.946866 0.084454 0.011940 0.014286
3 0.259403 0.110084 0.008955 0.025210
3 0.922388 0.603782 0.009552 0.026050
4 0.778507 0.176471 0.011940 0.015126
3 0.779104 0.696218 0.019104 0.012605
4 0.770149 0.721849 0.013134 0.011765
4 0.428358 0.118487 0.014925 0.015126
2 0.514328 0.049160 0.012537 0.015966
3 0.947463 0.604202 0.009552 0.025210
2 0.111045 0.249580 0.010746 0.020168
3 0.235224 0.110504 0.009552 0.026050
2 0.445373 0.271429 0.008358 0.021849
21 0.760896 0.119748 0.022090 0.015966
0 0.517015 0.261345 0.007164 0.015126
3 0.765970 0.143277 0.016716 0.014286
3 0.898209 0.604622 0.010149 0.024370
2 0.735224 0.148739 0.010149 0.020168
2 0.862388 0.672269 0.013731 0.015126
2 0.044478 0.222689 0.013731 0.015126
3 0.633731 0.140756 0.007761 0.017647
2 0.501194 0.049160 0.014925 0.015966
0 0.435522 0.072269 0.012537 0.011765
2 0.044478 0.285714 0.016119 0.015126
0 0.453433 0.222269 0.012537 0.010924
2 0.507761 0.219748 0.017313 0.014286
4 0.793433 0.725210 0.013134 0.021849
35 0.804478 0.050840 0.018507 0.019328
3 0.868060 0.095378 0.011940 0.012605
2 0.848358 0.208824 0.017910 0.022689
35 0.804776 0.088235 0.017910 0.023529
3 0.774030 0.050420 0.013731 0.011765
3 0.773433 0.067647 0.012537 0.010924
3 0.767164 0.089916 0.015522 0.008403
3 0.767761 0.100000 0.014328 0.010084
22 0.629851 0.078992 0.014328 0.020168
22 0.631940 0.038235 0.014925 0.017647
15 0.632836 0.109244 0.017910 0.028571
3 0.634030 0.176471 0.009552 0.018487
2 0.632836 0.207563 0.019104 0.021849
7 0.659403 0.079412 0.017313 0.015966
0 0.680597 0.081092 0.013134 0.022689
0 0.599403 0.077311 0.017910 0.030252
42 0.617612 0.159664 0.024478 0.011765
42 0.604776 0.038235 0.026269 0.015966
4 0.501493 0.078151 0.013134 0.013445
4 0.512239 0.077731 0.010746 0.015966
0 0.527463 0.096639 0.013731 0.016807
4 0.436119 0.243697 0.008955 0.018487
2 0.423284 0.257563 0.015522 0.015966
2 0.501791 0.329832 0.018507 0.015966
4 0.439403 0.121429 0.013134 0.015966
2 0.425970 0.150420 0.014925 0.016807
2 0.440896 0.150000 0.014925 0.019328
0 0.413731 0.104622 0.011940 0.021008
0 0.366866 0.113445 0.008955 0.018487
0 0.391343 0.113445 0.013731 0.020168
41 0.379403 0.113445 0.008955 0.013445
24 0.336716 0.112605 0.023881 0.035294
0 0.314030 0.096639 0.010746 0.016807
0 0.313134 0.130252 0.012537 0.016807
2 0.148955 0.042017 0.013731 0.013445
2 0.078209 0.042437 0.011940 0.012605
42 0.159403 0.079412 0.022687 0.015966
42 0.157612 0.121429 0.023881 0.014286
42 0.065672 0.079412 0.021493 0.014286
42 0.067463 0.120588 0.022687 0.015966
46 0.074925 0.255882 0.047164 0.069748
0 0.028060 0.234874 0.008358 0.012605
0 0.028358 0.273529 0.012537 0.019328
35 0.797313 0.581092 0.022090 0.029412
35 0.824776 0.580672 0.018507 0.028571
35 0.848657 0.579832 0.018507 0.025210
35 0.871642 0.580252 0.017910 0.024370
35 0.895821 0.578992 0.018507 0.023529
35 0.917910 0.576891 0.017313 0.026050
35 0.942687 0.578571 0.019104 0.024370
3 0.800000 0.608824 0.009552 0.024370
3 0.850448 0.608824 0.011343 0.031092
3 0.874925 0.608824 0.012537 0.026050
0 0.874030 0.530252 0.015522 0.015126
11 0.925970 0.669328 0.015522 0.024370
71 0.897910 0.747059 0.016716 0.030252
0 0.896716 0.713445 0.016716 0.020168
2 0.847463 0.094538 0.012537 0.022689
