3 0.789496 0.295266 0.010924 0.034320
18 0.731092 0.730178 0.021849 0.035503
1 0.535294 0.543787 0.080672 0.069822
1 0.119328 0.111834 0.063866 0.086391
1 0.820168 0.543787 0.080672 0.069822
2 0.634874 0.486391 0.021008 0.018935
18 0.781513 0.728402 0.020168 0.031953
1 0.543277 0.169231 0.084874 0.068639
4 0.361345 0.184024 0.015126 0.029586
3 0.823109 0.295266 0.012605 0.034320
3 0.608824 0.219527 0.010924 0.036686
4 0.693697 0.246746 0.015966 0.022485
3 0.058824 0.839053 0.023529 0.016568
1 0.087395 0.349112 0.068908 0.087574
1 0.926471 0.124852 0.064706 0.114793
4 0.344538 0.738462 0.023529 0.021302
1 0.195798 0.880473 0.070588 0.063905
3 0.277731 0.585207 0.010924 0.031953
3 0.692857 0.194083 0.010924 0.035503
2 0.920168 0.486391 0.021849 0.018935
3 0.154622 0.331361 0.026891 0.014201
2 0.377731 0.758580 0.022689 0.018935
2 0.542437 0.104142 0.026050 0.021302
3 0.092437 0.814201 0.013445 0.030769
4 0.727311 0.104734 0.014286 0.020118
3 0.336134 0.180473 0.011765 0.036686
3 0.789496 0.353846 0.010924 0.035503
1 0.265126 0.737870 0.069748 0.050888
4 0.697059 0.105917 0.014286 0.022485
4 0.667647 0.106509 0.015966 0.021302
4 0.756723 0.104734 0.014286 0.020118
4 0.726891 0.192899 0.015126 0.021302
2 0.092437 0.937870 0.021849 0.017751
4 0.168487 0.767456 0.015966 0.024852
2 0.807143 0.402367 0.022689 0.016568
4 0.302521 0.878107 0.018487 0.016568
2 0.147059 0.805917 0.023529 0.018935
2 0.354622 0.613018 0.020168 0.016568
2 0.121849 0.630178 0.023529 0.020118
4 0.277731 0.878698 0.017647 0.015385
3 0.823109 0.354438 0.010924 0.034320
3 0.260504 0.584024 0.011765 0.036686
4 0.427731 0.548521 0.018487 0.027219
3 0.050420 0.608284 0.025210 0.016568
4 0.257143 0.352663 0.016807 0.028402
3 0.050840 0.501775 0.022689 0.016568
2 0.336975 0.278107 0.021849 0.016568
4 0.625630 0.526036 0.017647 0.017751
3 0.676471 0.276331 0.013445 0.034320
18 0.684454 0.731361 0.022689 0.035503
4 0.643277 0.524852 0.015966 0.017751
2 0.609664 0.342604 0.022689 0.017751
4 0.911345 0.525444 0.015966 0.016568
4 0.929412 0.524260 0.016807 0.016568
4 0.130672 0.761538 0.017647 0.022485
2 0.210504 0.162722 0.022689 0.017751
2 0.173109 0.303550 0.020168 0.020118
2 0.257983 0.880473 0.013445 0.028402
3 0.639076 0.217751 0.010924 0.037870
3 0.050840 0.572781 0.021008 0.016568
0 0.335714 0.139645 0.012605 0.011834
3 0.050840 0.537278 0.021008 0.016568
4 0.336134 0.236095 0.016807 0.029586
2 0.864706 0.117751 0.015126 0.020118
4 0.715126 0.549704 0.018487 0.027219
30 0.264706 0.281065 0.070588 0.046154
2 0.731092 0.623077 0.026891 0.020118
29 0.092017 0.494675 0.031092 0.028402
2 0.694538 0.289941 0.019328 0.016568
0 0.633613 0.559763 0.015126 0.011834
2 0.445378 0.621893 0.025210 0.020118
3 0.190336 0.117751 0.024370 0.015385
2 0.874370 0.523077 0.017647 0.021302
0 0.092437 0.775740 0.013445 0.013018
18 0.827731 0.729586 0.020168 0.034320
3 0.464286 0.550296 0.027731 0.016568
4 0.445378 0.586391 0.018487 0.022485
3 0.752101 0.551479 0.028571 0.016568
0 0.491597 0.486391 0.013445 0.011834
0 0.776891 0.486391 0.014286 0.011834
0 0.919328 0.559763 0.015126 0.011834
2 0.877311 0.179882 0.018487 0.016568
29 0.093277 0.602959 0.028571 0.022485
0 0.836975 0.068639 0.013445 0.011834
4 0.731092 0.585799 0.018487 0.023669
3 0.759664 0.200000 0.013445 0.040237
3 0.190756 0.106509 0.023529 0.016568
2 0.203782 0.725444 0.012605 0.023669
2 0.589076 0.523077 0.018487 0.021302
2 0.769748 0.130178 0.015126 0.021302
2 0.231933 0.393491 0.023529 0.017751
0 0.033613 0.829586 0.015126 0.016568
0 0.277311 0.618935 0.013445 0.014201
0 0.261765 0.802959 0.014286 0.013018
4 0.751681 0.496450 0.017647 0.024852
4 0.465546 0.496450 0.018487 0.024852
0 0.726891 0.150296 0.013445 0.014201
4 0.465966 0.495858 0.021008 0.028402
0 0.368908 0.566272 0.013445 0.015385
10 0.784874 0.236095 0.018487 0.036686
2 0.730252 0.481657 0.020168 0.021302
10 0.784874 0.235503 0.020168 0.037870
29 0.092857 0.531361 0.027731 0.023669
3 0.466807 0.562130 0.027731 0.016568
42 0.131933 0.289349 0.018487 0.050888
42 0.150000 0.367456 0.032773 0.017751
42 0.151261 0.378698 0.033613 0.021302
23 0.213866 0.348521 0.021008 0.027219
0 0.284034 0.327219 0.023529 0.017751
42 0.033613 0.473964 0.018487 0.046154
42 0.228151 0.587574 0.015966 0.043787
42 0.052101 0.872189 0.028571 0.021302
42 0.052521 0.886391 0.034454 0.018935
42 0.118908 0.844379 0.014286 0.048521
42 0.116807 0.914793 0.011765 0.042604
42 0.151261 0.928402 0.015126 0.043787
24 0.093697 0.878698 0.027731 0.069822
24 0.357143 0.879882 0.026891 0.048521
30 0.250000 0.520710 0.071429 0.061538
30 0.351681 0.514793 0.071429 0.061538
24 0.332773 0.591124 0.028571 0.050888
42 0.412185 0.518343 0.015966 0.047337
2 0.447059 0.477515 0.028571 0.027219
24 0.681933 0.539645 0.029412 0.056805
42 0.697899 0.519527 0.021008 0.049704
3 0.752101 0.560947 0.028571 0.016568
24 0.965546 0.540237 0.028571 0.055621
42 0.775210 0.326627 0.027731 0.023669
42 0.837395 0.325444 0.022689 0.021302
42 0.862605 0.140237 0.021008 0.017751
42 0.865966 0.154438 0.024370 0.022485
35 0.673109 0.342604 0.026891 0.036686
35 0.635294 0.288757 0.026891 0.030769
29 0.602521 0.272189 0.018487 0.042604
6 0.666807 0.162722 0.037815 0.020118
35 0.385714 0.227811 0.026891 0.034320
35 0.413445 0.220710 0.028571 0.034320
35 0.439076 0.229586 0.022689 0.033136
35 0.459664 0.218343 0.031933 0.041420
0 0.166387 0.093491 0.015126 0.016568
0 0.167227 0.132544 0.013445 0.023669
0 0.215966 0.769822 0.018487 0.015385
