1 0.209117 0.548739 0.059259 0.062185
1 0.209117 0.789496 0.058120 0.056303
1 0.209117 0.303782 0.059259 0.057983
1 0.208262 0.425210 0.057550 0.058824
1 0.639031 0.328151 0.127066 0.084874
1 0.273219 0.923950 0.041595 0.044538
1 0.273219 0.801681 0.041595 0.047059
1 0.942165 0.103361 0.045014 0.112605
1 0.639601 0.454202 0.129345 0.086555
1 0.272650 0.558403 0.042735 0.047899
1 0.207977 0.667227 0.058120 0.055462
2 0.416239 0.530672 0.015385 0.012605
1 0.452991 0.481513 0.049003 0.047059
1 0.210541 0.911765 0.060969 0.055462
2 0.880342 0.160924 0.014815 0.012605
1 0.272934 0.682773 0.041026 0.049580
1 0.273504 0.436555 0.041026 0.047899
2 0.877493 0.691597 0.015954 0.013445
2 0.176638 0.971429 0.014815 0.013445
3 0.840456 0.247059 0.009117 0.025210
1 0.272080 0.313866 0.043875 0.047899
1 0.909117 0.268487 0.041595 0.037815
2 0.792308 0.308824 0.016524 0.012605
2 0.320228 0.805882 0.013675 0.011765
2 0.572365 0.375630 0.016524 0.013445
2 0.176923 0.729412 0.015385 0.013445
2 0.877778 0.528992 0.014245 0.014286
2 0.176923 0.363025 0.016524 0.013445
3 0.097151 0.902521 0.008547 0.025210
2 0.320513 0.560924 0.014245 0.012605
3 0.097151 0.577311 0.008547 0.025210
0 0.703704 0.289496 0.007977 0.009244
3 0.097436 0.779832 0.009117 0.023529
2 0.744444 0.135714 0.016524 0.014286
3 0.307407 0.305882 0.016524 0.010084
3 0.096866 0.822269 0.007977 0.026050
3 0.097436 0.334454 0.009117 0.023529
4 0.713960 0.108403 0.012536 0.015126
2 0.011111 0.177731 0.014245 0.012605
2 0.320228 0.439916 0.012536 0.012605
3 0.895157 0.067647 0.007977 0.024370
4 0.155556 0.457563 0.013675 0.014286
3 0.096581 0.536975 0.007407 0.025210
23 0.125926 0.437815 0.012536 0.016807
0 0.744729 0.084454 0.009117 0.007563
2 0.939031 0.296218 0.011396 0.021008
16 0.775214 0.266807 0.031339 0.031092
3 0.308547 0.550420 0.016524 0.011765
0 0.703704 0.415546 0.009117 0.010924
3 0.097151 0.457563 0.008547 0.024370
23 0.125926 0.804622 0.012536 0.017647
3 0.306838 0.672269 0.016524 0.010084
0 0.881197 0.218487 0.009687 0.010084
3 0.096866 0.292857 0.009117 0.026050
3 0.096866 0.700420 0.007977 0.024370
3 0.097436 0.415126 0.009117 0.025210
2 0.177493 0.606723 0.017664 0.013445
3 0.877778 0.100000 0.017664 0.013445
2 0.880912 0.294118 0.017094 0.015126
2 0.176923 0.484454 0.015385 0.014286
3 0.306553 0.915126 0.015954 0.010084
4 0.154986 0.336555 0.013675 0.014286
1 0.270655 0.808403 0.035328 0.033613
2 0.319943 0.927731 0.011966 0.013445
4 0.021937 0.164286 0.010826 0.019328
20 0.391738 0.857143 0.009687 0.016807
2 0.430199 0.330252 0.014815 0.013445
4 0.155556 0.823109 0.014815 0.012605
3 0.097436 0.943697 0.009117 0.023529
0 0.880627 0.136975 0.010826 0.010084
14 0.034473 0.150840 0.009687 0.019328
2 0.176068 0.891597 0.013675 0.016807
4 0.156410 0.578992 0.014245 0.016807
22 0.880912 0.241176 0.011396 0.018487
0 0.245584 0.415546 0.010256 0.010924
3 0.097151 0.658403 0.008547 0.024370
23 0.125641 0.560084 0.011966 0.019328
4 0.021937 0.132773 0.011966 0.016807
1 0.368661 0.118908 0.525356 0.200840
2 0.877208 0.614286 0.015385 0.020168
29 0.854986 0.484454 0.041595 0.051261
29 0.854701 0.568067 0.039886 0.055462
29 0.855556 0.645798 0.037037 0.057983
42 0.816524 0.458403 0.025071 0.019328
42 0.816809 0.536555 0.019943 0.014286
42 0.817949 0.616807 0.025641 0.013445
0 0.790883 0.217647 0.015954 0.021849
3 0.813390 0.247059 0.011966 0.021849
3 0.812536 0.280672 0.010256 0.023529
35 0.844444 0.283613 0.017094 0.021008
35 0.948148 0.280672 0.015954 0.033613
3 0.960114 0.259664 0.010256 0.020168
0 0.960684 0.236975 0.012536 0.006723
22 0.949573 0.242857 0.016524 0.021849
42 0.826211 0.264706 0.021652 0.013445
0 0.881766 0.055882 0.014245 0.014286
3 0.876353 0.091597 0.019373 0.015126
3 0.895157 0.150840 0.010256 0.027731
4 0.724786 0.107983 0.010256 0.021008
4 0.735613 0.107143 0.010256 0.021008
4 0.744444 0.109664 0.010826 0.021008
4 0.753276 0.108824 0.010256 0.019328
4 0.760399 0.111765 0.010826 0.021849
4 0.772365 0.109244 0.015385 0.018487
42 0.846724 0.091597 0.019373 0.011765
42 0.847293 0.099160 0.020513 0.015126
42 0.716524 0.305882 0.022222 0.011765
42 0.716524 0.305882 0.022222 0.011765
42 0.719658 0.321849 0.019373 0.015126
42 0.718519 0.331092 0.019373 0.015126
42 0.719088 0.339496 0.019373 0.015126
42 0.719658 0.347899 0.019373 0.015126
42 0.718519 0.356303 0.019373 0.015126
42 0.718519 0.431092 0.019373 0.015126
42 0.719658 0.439496 0.019373 0.015126
42 0.718519 0.448739 0.019373 0.015126
42 0.718519 0.457143 0.019373 0.015126
42 0.719088 0.464706 0.019373 0.015126
42 0.719088 0.472269 0.019373 0.015126
42 0.718519 0.481513 0.019373 0.015126
42 0.558405 0.296639 0.019373 0.015126
42 0.557265 0.304202 0.019373 0.015126
42 0.557835 0.321849 0.019373 0.015126
42 0.557835 0.329412 0.019373 0.015126
42 0.557265 0.339496 0.019373 0.015126
42 0.557835 0.421008 0.019373 0.015126
42 0.558405 0.431092 0.019373 0.015126
42 0.557835 0.440336 0.019373 0.015126
42 0.556695 0.447899 0.019373 0.015126
42 0.557265 0.458824 0.019373 0.015126
42 0.556695 0.464706 0.019373 0.015126
42 0.505413 0.399160 0.019373 0.015126
3 0.470655 0.318908 0.017094 0.017647
3 0.441026 0.318067 0.018234 0.017647
4 0.483476 0.486555 0.010826 0.010084
4 0.457265 0.522689 0.009687 0.025210
4 0.423932 0.486555 0.013675 0.013445
36 0.454986 0.398739 0.045014 0.069748
0 0.456125 0.354622 0.011966 0.013445
0 0.478632 0.459664 0.014815 0.015126
2 0.572080 0.505882 0.017094 0.023529
42 0.641880 0.050840 0.019943 0.014286
42 0.641311 0.057563 0.019943 0.014286
42 0.641311 0.067647 0.019943 0.014286
42 0.641311 0.090336 0.019943 0.014286
42 0.641311 0.099580 0.019943 0.014286
42 0.641311 0.108824 0.019943 0.014286
42 0.641311 0.116387 0.019943 0.014286
42 0.641880 0.175210 0.019943 0.014286
42 0.640741 0.192857 0.019943 0.014286
42 0.640741 0.199580 0.019943 0.014286
42 0.640741 0.209664 0.019943 0.014286
42 0.092023 0.057983 0.019943 0.013445
42 0.092877 0.065966 0.020513 0.014286
42 0.091738 0.082773 0.020513 0.014286
42 0.092308 0.091176 0.020513 0.014286
42 0.092308 0.099580 0.020513 0.014286
42 0.092877 0.107983 0.020513 0.014286
42 0.092308 0.124790 0.020513 0.014286
42 0.092308 0.133193 0.020513 0.014286
42 0.092308 0.175210 0.020513 0.014286
42 0.092877 0.192437 0.020513 0.010084
42 0.092877 0.192437 0.020513 0.010084
42 0.092877 0.192437 0.020513 0.010084
42 0.092877 0.192437 0.020513 0.010084
2 0.098575 0.158824 0.012536 0.020168
42 0.082051 0.314706 0.020513 0.014286
42 0.080342 0.437395 0.020513 0.014286
42 0.080912 0.556723 0.020513 0.014286
42 0.081481 0.679412 0.020513 0.014286
42 0.080912 0.802101 0.020513 0.014286
42 0.078632 0.924790 0.020513 0.014286
42 0.311111 0.950840 0.020513 0.014286
42 0.311681 0.832353 0.020513 0.014286
42 0.310541 0.708824 0.020513 0.014286
42 0.310541 0.586134 0.020513 0.014286
42 0.309972 0.460924 0.020513 0.014286
42 0.310541 0.344958 0.020513 0.014286
23 0.125926 0.318487 0.012536 0.018487
23 0.124786 0.684874 0.011396 0.021849
23 0.124501 0.926891 0.014245 0.020168
23 0.245584 0.928571 0.014815 0.026891
23 0.245584 0.806303 0.013675 0.022689
23 0.244729 0.682773 0.015385 0.019328
23 0.245299 0.562605 0.014245 0.017647
23 0.246154 0.442857 0.013675 0.021849
23 0.245584 0.319748 0.014815 0.022689
6 0.150997 0.294538 0.026211 0.019328
6 0.148718 0.418908 0.028490 0.022689
6 0.149573 0.544958 0.022222 0.015966
6 0.150997 0.666387 0.028490 0.018487
6 0.152422 0.788655 0.030199 0.017647
6 0.150712 0.906303 0.023362 0.019328
35 0.181481 0.824370 0.021083 0.021849
35 0.180057 0.946639 0.021652 0.026050
35 0.181766 0.702941 0.019373 0.021008
35 0.178632 0.578992 0.019943 0.025210
35 0.180627 0.461345 0.023932 0.025210
35 0.181481 0.338655 0.024501 0.026891
2 0.320228 0.321008 0.015954 0.023529
2 0.175783 0.284034 0.017664 0.020168
2 0.174644 0.409244 0.017664 0.018487
2 0.176638 0.532353 0.014815 0.022689
2 0.178063 0.654622 0.018803 0.018487
2 0.319088 0.686555 0.012536 0.021849
2 0.176638 0.772689 0.013675 0.019328
4 0.153561 0.944538 0.006268 0.018487
4 0.153561 0.701261 0.008547 0.019328
3 0.308547 0.426891 0.013105 0.021849
3 0.408547 0.829832 0.018234 0.017647
3 0.408262 0.841597 0.017664 0.012605
2 0.429060 0.886555 0.014815 0.023529
42 0.447009 0.895798 0.011966 0.031933
42 0.452137 0.895798 0.011966 0.031933
42 0.457835 0.894958 0.011966 0.031933
42 0.463533 0.894118 0.011966 0.031933
42 0.470370 0.894958 0.011966 0.031933
42 0.474929 0.894118 0.011966 0.031933
42 0.481197 0.894958 0.011966 0.031933
42 0.486895 0.895798 0.011966 0.031933
42 0.492593 0.894958 0.011966 0.031933
42 0.497151 0.893277 0.011966 0.031933
42 0.503989 0.894958 0.011966 0.031933
42 0.520513 0.894958 0.011966 0.031933
4 0.139031 0.318487 0.014815 0.015126
3 0.163248 0.321429 0.014245 0.026050
4 0.140741 0.441176 0.011396 0.011765
3 0.161823 0.441176 0.006838 0.021849
4 0.140171 0.562185 0.013675 0.010084
3 0.163248 0.564286 0.008547 0.015966
4 0.174359 0.557563 0.011396 0.010924
4 0.139886 0.685714 0.014245 0.011765
3 0.162678 0.684034 0.008547 0.020168
4 0.140741 0.806303 0.012536 0.009244
3 0.162393 0.805042 0.006838 0.020168
4 0.139886 0.928992 0.013105 0.009244
3 0.161254 0.927731 0.010256 0.023529
3 0.307977 0.793697 0.017664 0.010924
49 0.482906 0.710084 0.138462 0.299160
