1 0.684454 0.273964 0.081513 0.169231
3 0.466387 0.295266 0.011765 0.034320
3 0.194118 0.619527 0.015126 0.034320
3 0.440336 0.294675 0.011765 0.035503
2 0.505042 0.314793 0.023529 0.018935
4 0.542437 0.269231 0.015966 0.027219
1 0.373529 0.263314 0.101681 0.074556
2 0.542017 0.314793 0.023529 0.018935
2 0.579832 0.315385 0.025210 0.017751
4 0.226891 0.347929 0.018487 0.028402
2 0.467647 0.387574 0.022689 0.017751
1 0.273109 0.557396 0.048739 0.068639
2 0.460084 0.200592 0.012605 0.031953
4 0.264706 0.353846 0.016807 0.030769
2 0.227311 0.391716 0.024370 0.021302
2 0.644118 0.144970 0.024370 0.020118
2 0.726891 0.397041 0.026891 0.020118
4 0.580252 0.271006 0.017647 0.030769
2 0.306723 0.308284 0.023529 0.020118
2 0.639496 0.397041 0.026891 0.020118
2 0.194118 0.659172 0.023529 0.018935
4 0.503782 0.269822 0.017647 0.026036
3 0.357143 0.484615 0.026891 0.015385
3 0.223109 0.481657 0.012605 0.040237
6 0.195378 0.284024 0.012605 0.047337
2 0.264706 0.392308 0.021849 0.020118
2 0.726891 0.143787 0.023529 0.020118
4 0.488235 0.201183 0.015126 0.026036
3 0.520168 0.198817 0.020168 0.018935
0 0.579412 0.223669 0.017647 0.018935
42 0.438235 0.368639 0.017647 0.048521
42 0.440756 0.448521 0.029412 0.023669
42 0.442437 0.517160 0.032773 0.021302
26 0.415546 0.486391 0.029412 0.042604
35 0.463866 0.361538 0.021849 0.041420
15 0.194958 0.523077 0.033613 0.047337
35 0.307563 0.481657 0.026891 0.040237
