18 0.879021 0.632520 0.019580 0.027642
1 0.629371 0.426829 0.134266 0.151220
18 0.844056 0.631707 0.020979 0.024390
24 0.418531 0.073577 0.021678 0.028455
1 0.890559 0.402846 0.044056 0.036585
18 0.910490 0.632114 0.018182 0.023577
1 0.406643 0.159350 0.077622 0.121951
1 0.680070 0.153252 0.052448 0.036585
2 0.641608 0.217073 0.020280 0.013008
1 0.127273 0.149593 0.062937 0.058537
2 0.344406 0.459756 0.020280 0.013821
2 0.420979 0.459756 0.020979 0.013821
18 0.809441 0.630894 0.017483 0.022764
3 0.417483 0.678049 0.023776 0.011382
2 0.103147 0.663821 0.020280 0.013821
3 0.333916 0.079675 0.011888 0.024390
3 0.106993 0.406098 0.009790 0.021951
2 0.124476 0.216260 0.020979 0.013008
2 0.183566 0.481301 0.021678 0.014634
1 0.597552 0.630081 0.046853 0.115447
3 0.183916 0.406098 0.011189 0.021951
24 0.866783 0.166667 0.023077 0.045528
2 0.106993 0.473577 0.019580 0.012195
2 0.466084 0.707724 0.021678 0.013821
3 0.334266 0.157724 0.011189 0.024390
2 0.466783 0.241463 0.021678 0.013008
4 0.344406 0.433333 0.016084 0.011382
4 0.473776 0.116667 0.016084 0.015447
3 0.106643 0.444715 0.010490 0.021138
2 0.563986 0.695935 0.021678 0.013008
2 0.956643 0.391463 0.016783 0.013821
2 0.484266 0.419512 0.018881 0.013008
2 0.909441 0.171951 0.011888 0.020325
4 0.715035 0.185366 0.016084 0.013008
2 0.441259 0.086992 0.015385 0.013008
3 0.466434 0.206098 0.011189 0.025203
2 0.729021 0.099593 0.018881 0.013821
4 0.497552 0.388211 0.016084 0.017073
4 0.420629 0.433740 0.016084 0.012195
30 0.563636 0.112602 0.046154 0.038211
3 0.666783 0.109350 0.020280 0.012195
4 0.183217 0.445935 0.016783 0.012195
0 0.333916 0.056911 0.011888 0.008130
3 0.438811 0.629675 0.011888 0.028455
3 0.830070 0.434146 0.011189 0.021138
4 0.131119 0.445528 0.016084 0.009756
2 0.288811 0.163821 0.019580 0.013821
4 0.609091 0.186179 0.015385 0.013008
4 0.732867 0.185772 0.016783 0.010569
3 0.190210 0.146341 0.022378 0.011382
4 0.627622 0.185772 0.014685 0.010569
3 0.494406 0.661382 0.022378 0.012195
2 0.536713 0.239431 0.018881 0.013821
2 0.592657 0.073984 0.018881 0.013008
0 0.232517 0.110569 0.010490 0.009756
0 0.529720 0.186992 0.009091 0.013008
2 0.508741 0.602439 0.018881 0.013008
11 0.462587 0.676829 0.016084 0.028455
4 0.510140 0.628862 0.014685 0.017073
2 0.487413 0.180488 0.020979 0.014634
3 0.536364 0.213821 0.012587 0.024390
3 0.190559 0.154065 0.024476 0.010569
4 0.288811 0.137805 0.015385 0.013821
0 0.652448 0.104878 0.012587 0.011382
2 0.222378 0.132520 0.016783 0.019512
3 0.313287 0.139024 0.013986 0.024390
35 0.319231 0.171138 0.021678 0.026829
35 0.338462 0.188618 0.020979 0.021138
15 0.534615 0.160976 0.025874 0.034146
22 0.577273 0.163415 0.025874 0.035772
35 0.695105 0.102846 0.020979 0.030081
0 0.733217 0.133740 0.014685 0.013821
3 0.811888 0.419106 0.011189 0.025203
4 0.940909 0.411789 0.010490 0.020325
2 0.532867 0.623171 0.018182 0.020325
14 0.384965 0.421138 0.023077 0.026016
4 0.490559 0.629268 0.016084 0.011382
27 0.141958 0.641463 0.037762 0.019512
0 0.106294 0.378455 0.016783 0.013821
0 0.183217 0.375203 0.012587 0.017073
