1 0.257143 0.174138 0.126050 0.205747
3 0.042437 0.183333 0.012605 0.033333
1 0.530672 0.475287 0.074790 0.104598
1 0.342017 0.475287 0.075630 0.104598
70 0.131513 0.663218 0.120168 0.174713
1 0.849580 0.653448 0.078992 0.065517
1 0.140336 0.475287 0.077311 0.106897
2 0.571429 0.703448 0.021849 0.020690
4 0.946639 0.717241 0.017647 0.020690
2 0.080672 0.164368 0.023529 0.020690
4 0.080252 0.126437 0.021008 0.025287
4 0.244538 0.905747 0.018487 0.018391
1 0.319328 0.872414 0.060504 0.050575
2 0.116387 0.821264 0.015966 0.026437
2 0.668487 0.502874 0.024370 0.021839
2 0.705882 0.503448 0.025210 0.022989
2 0.231092 0.945977 0.023529 0.018391
2 0.488235 0.750575 0.023529 0.020690
4 0.567647 0.144828 0.019328 0.025287
4 0.218487 0.906322 0.018487 0.017241
2 0.134874 0.152874 0.021008 0.025287
2 0.761345 0.502874 0.025210 0.021839
1 0.052101 0.931034 0.035294 0.062069
24 0.686975 0.183908 0.027731 0.064368
4 0.529832 0.712069 0.017647 0.021839
4 0.252521 0.848851 0.017647 0.017241
0 0.221429 0.505172 0.009244 0.017241
2 0.642857 0.589080 0.023529 0.021839
2 0.887815 0.202874 0.026050 0.024138
1 0.660084 0.670115 0.069748 0.082759
4 0.950840 0.614943 0.015966 0.018391
2 0.567647 0.181609 0.026050 0.022989
2 0.505042 0.181609 0.025210 0.022989
2 0.043277 0.284483 0.024370 0.021839
2 0.452101 0.516667 0.016807 0.026437
4 0.230252 0.848851 0.018487 0.017241
24 0.043697 0.816092 0.028571 0.062069
0 0.080672 0.048851 0.015126 0.012644
4 0.043277 0.245977 0.019328 0.022989
2 0.934454 0.741954 0.016807 0.024138
2 0.060504 0.517816 0.020168 0.021839
4 0.801681 0.613218 0.015126 0.021839
4 0.768487 0.613218 0.015966 0.019540
4 0.898739 0.613793 0.017647 0.020690
2 0.427311 0.470115 0.015966 0.020690
70 0.327731 0.660920 0.114286 0.174713
0 0.095378 0.831609 0.009244 0.017241
4 0.918908 0.615517 0.019328 0.021839
0 0.722689 0.255747 0.016807 0.012644
4 0.504202 0.144253 0.020168 0.021839
2 0.225630 0.470115 0.014286 0.022989
3 0.722689 0.120690 0.011765 0.032184
2 0.831933 0.739655 0.021849 0.019540
3 0.488235 0.712644 0.013445 0.032184
3 0.488235 0.636782 0.013445 0.036782
2 0.262605 0.518391 0.017647 0.022989
3 0.886555 0.475862 0.028571 0.013793
0 0.739496 0.628161 0.013445 0.012644
3 0.899580 0.695402 0.012605 0.034483
3 0.722269 0.224138 0.010924 0.034483
2 0.869748 0.610345 0.020168 0.018391
0 0.036975 0.064943 0.013445 0.012644
2 0.113866 0.921839 0.021008 0.020690
2 0.770168 0.174138 0.012605 0.028736
2 0.297479 0.825862 0.011765 0.021839
0 0.420588 0.435632 0.012605 0.013793
0 0.218067 0.436207 0.012605 0.014943
6 0.059244 0.084483 0.027731 0.012644
0 0.571008 0.606322 0.015966 0.012644
0 0.613445 0.427011 0.013445 0.010345
4 0.760504 0.464368 0.020168 0.018391
4 0.929412 0.617816 0.023529 0.024138
4 0.668067 0.464368 0.018487 0.018391
2 0.616807 0.471264 0.013445 0.022989
0 0.118067 0.958621 0.014286 0.013793
4 0.957983 0.670115 0.015126 0.020690
0 0.423529 0.504598 0.011765 0.013793
0 0.969328 0.648851 0.009244 0.014943
0 0.138655 0.110920 0.013445 0.012644
4 0.705042 0.466092 0.018487 0.017241
0 0.196218 0.856322 0.010924 0.013793
0 0.610924 0.506322 0.011765 0.017241
3 0.885714 0.431609 0.028571 0.017241
14 0.538235 0.118391 0.027731 0.041379
27 0.885294 0.156322 0.022689 0.057471
35 0.920588 0.420690 0.024370 0.045977
35 0.923950 0.470690 0.027731 0.047126
0 0.760924 0.424138 0.024370 0.032184
0 0.705882 0.422414 0.016807 0.026437
0 0.663025 0.422414 0.026891 0.028736
0 0.857563 0.430460 0.022689 0.044828
0 0.855882 0.479885 0.024370 0.035632
6 0.921849 0.644253 0.038655 0.024138
26 0.574370 0.651149 0.026050 0.044828
0 0.487395 0.598276 0.021849 0.028736
0 0.197479 0.898276 0.025210 0.028736
0 0.041176 0.132184 0.025210 0.025287
0 0.723109 0.075862 0.024370 0.022989
35 0.731513 0.694828 0.024370 0.033333
35 0.749160 0.692529 0.024370 0.033333
35 0.776891 0.694828 0.024370 0.033333
35 0.793697 0.694828 0.024370 0.033333
27 0.863445 0.720690 0.046218 0.020690
3 0.944118 0.671839 0.014286 0.028736
0 0.780672 0.187931 0.011765 0.021839
