1 0.128060 0.072269 0.065075 0.062185
1 0.293731 0.117227 0.051343 0.135294
1 0.574627 0.076471 0.075821 0.089076
1 0.560597 0.371008 0.097910 0.247899
1 0.845075 0.092437 0.056716 0.055462
1 0.840000 0.276050 0.051343 0.086555
1 0.772239 0.710504 0.045970 0.052941
1 0.320000 0.550420 0.039403 0.052101
1 0.195821 0.750000 0.038209 0.036134
1 0.251045 0.750420 0.034030 0.036975
1 0.307761 0.750420 0.036418 0.040336
42 0.079701 0.063445 0.020896 0.015966
42 0.080896 0.071849 0.024478 0.012605
42 0.079403 0.087395 0.021493 0.010084
42 0.177015 0.058403 0.019701 0.012605
42 0.175224 0.076050 0.019701 0.010924
42 0.068955 0.171429 0.012537 0.031933
42 0.090149 0.170168 0.013134 0.032773
42 0.112836 0.171849 0.011940 0.032773
42 0.137612 0.170588 0.012537 0.035294
42 0.158209 0.171429 0.011940 0.028571
42 0.484179 0.077731 0.025075 0.014286
42 0.517612 0.050840 0.023881 0.017647
42 0.628358 0.051261 0.020896 0.015126
42 0.627761 0.068067 0.019701 0.011765
42 0.595224 0.141597 0.020299 0.010924
42 0.656119 0.141597 0.020299 0.014286
42 0.911045 0.218908 0.013134 0.031092
42 0.966269 0.639496 0.020896 0.020168
42 0.862687 0.717227 0.028657 0.024370
42 0.825672 0.710084 0.015522 0.020168
42 0.703582 0.702941 0.018507 0.010924
42 0.728657 0.723109 0.026866 0.017647
42 0.653433 0.485294 0.032836 0.024370
42 0.485970 0.357143 0.021493 0.013445
42 0.486567 0.366387 0.022687 0.011765
42 0.485970 0.371429 0.016716 0.011765
42 0.484179 0.381092 0.021493 0.017647
42 0.485672 0.390336 0.020896 0.012605
42 0.483881 0.396639 0.023284 0.011765
42 0.485970 0.405882 0.020299 0.011765
42 0.484478 0.413866 0.022090 0.010924
42 0.484478 0.422689 0.018507 0.010084
42 0.484478 0.431513 0.020896 0.010924
42 0.624478 0.354622 0.020299 0.011765
42 0.624776 0.416387 0.019701 0.010924
42 0.626269 0.449160 0.019104 0.014286
42 0.588358 0.516807 0.010149 0.026891
42 0.582090 0.518487 0.009552 0.028571
42 0.576119 0.515966 0.008358 0.025210
42 0.570149 0.519328 0.007164 0.028571
42 0.564179 0.518487 0.005970 0.031933
42 0.558209 0.516387 0.010746 0.027731
42 0.552836 0.518067 0.010746 0.031092
42 0.546269 0.517227 0.009552 0.027731
42 0.538806 0.518908 0.011343 0.031092
42 0.139701 0.880672 0.026269 0.018487
42 0.041493 0.558403 0.025672 0.015966
42 0.056119 0.400840 0.009552 0.028571
42 0.082687 0.402101 0.012537 0.027731
42 0.111940 0.378992 0.011343 0.031933
42 0.181194 0.378151 0.011343 0.030252
42 0.275522 0.378151 0.013731 0.030252
42 0.330746 0.378571 0.011940 0.036134
2 0.124776 0.119748 0.020299 0.021008
2 0.160299 0.117647 0.016119 0.021849
3 0.067761 0.209664 0.014925 0.024370
3 0.088657 0.209244 0.013731 0.026891
3 0.114627 0.208403 0.014328 0.023529
3 0.137612 0.209244 0.014925 0.025210
3 0.158507 0.210084 0.013731 0.025210
0 0.039701 0.079832 0.014925 0.021849
0 0.114328 0.245378 0.020896 0.020168
2 0.291343 0.207143 0.016716 0.021008
2 0.333731 0.243697 0.023881 0.018487
2 0.354030 0.205042 0.020299 0.023529
2 0.390149 0.205882 0.020896 0.026891
2 0.443582 0.065126 0.016716 0.024370
2 0.626269 0.195378 0.023881 0.027731
2 0.692239 0.059244 0.020896 0.027731
2 0.760299 0.270168 0.013731 0.026050
2 0.791343 0.360924 0.014925 0.024370
2 0.840299 0.336134 0.017313 0.030252
2 0.891642 0.360924 0.023284 0.026050
2 0.828955 0.542857 0.014925 0.018487
2 0.897910 0.531933 0.019104 0.016807
2 0.810149 0.760504 0.022687 0.025210
2 0.897612 0.777311 0.017313 0.025210
2 0.917015 0.778151 0.014328 0.018487
2 0.584179 0.730672 0.018507 0.015966
2 0.682985 0.538655 0.017910 0.016807
2 0.622090 0.314706 0.016716 0.024370
2 0.685970 0.400840 0.016716 0.025210
2 0.494328 0.286975 0.021493 0.032773
2 0.080597 0.605882 0.020299 0.023529
2 0.098507 0.605462 0.017910 0.024370
2 0.121194 0.602521 0.016716 0.021849
2 0.194925 0.632773 0.018507 0.030252
2 0.188060 0.506303 0.019104 0.022689
2 0.253134 0.575630 0.020299 0.030252
2 0.114925 0.467647 0.025672 0.036134
2 0.148657 0.696218 0.022687 0.017647
2 0.216418 0.773109 0.016119 0.020168
2 0.272537 0.774790 0.012537 0.020168
2 0.327164 0.773529 0.015522 0.024370
2 0.340597 0.891597 0.020896 0.025210
2 0.399104 0.910084 0.016119 0.023529
2 0.224478 0.882773 0.019104 0.026050
52 0.334627 0.078571 0.019701 0.014286
52 0.337612 0.088235 0.026866 0.015126
52 0.335821 0.128992 0.019701 0.010924
52 0.336119 0.139496 0.025075 0.011765
3 0.326567 0.213445 0.015522 0.028571
3 0.339403 0.212185 0.013731 0.029412
4 0.354328 0.170168 0.014925 0.014286
0 0.367463 0.155462 0.012537 0.016807
0 0.362985 0.104622 0.013134 0.017647
52 0.462985 0.105882 0.024478 0.015126
3 0.512537 0.086975 0.016119 0.017647
6 0.610448 0.124790 0.010149 0.031092
6 0.640896 0.119748 0.012537 0.034454
4 0.611940 0.163445 0.015522 0.010924
4 0.642090 0.164706 0.016119 0.010084
52 0.757015 0.088655 0.019104 0.017647
3 0.792836 0.069328 0.017910 0.017647
4 0.777313 0.103782 0.013134 0.014286
4 0.790746 0.103782 0.012537 0.015966
4 0.881194 0.095798 0.013134 0.011765
4 0.909851 0.096218 0.016716 0.014286
4 0.933731 0.095798 0.015522 0.011765
4 0.950746 0.097059 0.012537 0.014286
4 0.966567 0.098319 0.015522 0.015126
0 0.880597 0.068487 0.013134 0.015966
0 0.896418 0.223950 0.016119 0.021008
3 0.790149 0.273109 0.019701 0.016807
3 0.891940 0.269748 0.022687 0.013445
3 0.890746 0.288655 0.022687 0.017647
0 0.748657 0.293277 0.013134 0.013445
4 0.731045 0.324790 0.017313 0.021008
4 0.747463 0.322689 0.013134 0.020168
4 0.760299 0.323109 0.012537 0.017647
4 0.782985 0.325630 0.014925 0.015966
4 0.795522 0.324790 0.012537 0.014286
4 0.874925 0.325210 0.016119 0.020168
4 0.890746 0.325210 0.016716 0.021849
3 0.910448 0.256723 0.011940 0.021008
35 0.924776 0.264706 0.016716 0.033613
35 0.926567 0.286975 0.017910 0.029412
0 0.947164 0.281933 0.014925 0.022689
0 0.790746 0.429832 0.022090 0.021008
0 0.791045 0.448319 0.021493 0.015966
0 0.778806 0.474370 0.020896 0.019328
0 0.885373 0.622689 0.023881 0.023529
22 0.833433 0.440336 0.025075 0.036975
22 0.801194 0.490336 0.016716 0.026050
3 0.828657 0.513445 0.014328 0.030252
3 0.841791 0.486555 0.019104 0.021849
4 0.877910 0.490336 0.014925 0.015966
4 0.896418 0.490336 0.013731 0.015966
15 0.855224 0.461765 0.019701 0.029412
51 0.922985 0.461765 0.026269 0.015966
15 0.917910 0.635294 0.019701 0.035294
3 0.919403 0.685714 0.013134 0.030252
3 0.935821 0.665126 0.024478 0.021008
3 0.887164 0.715126 0.016716 0.016807
3 0.898806 0.751681 0.011343 0.029412
11 0.912836 0.718067 0.016716 0.029412
4 0.808955 0.732353 0.020299 0.009244
2 0.704478 0.727311 0.019104 0.024370
18 0.568657 0.700840 0.019701 0.030252
18 0.603582 0.699160 0.022687 0.030252
3 0.684776 0.460084 0.014328 0.029412
3 0.682985 0.506723 0.015522 0.025210
3 0.684478 0.316387 0.008955 0.024370
3 0.686567 0.362185 0.013134 0.023529
0 0.682388 0.286134 0.016716 0.019328
0 0.682985 0.430252 0.013134 0.018487
42 0.670149 0.321008 0.012537 0.031933
4 0.668955 0.362605 0.011343 0.009244
3 0.651940 0.347059 0.020299 0.021849
52 0.623881 0.364706 0.022687 0.011765
52 0.623881 0.374790 0.022687 0.013445
52 0.623881 0.389496 0.017910 0.010924
52 0.624776 0.399160 0.020896 0.010084
52 0.623582 0.407563 0.022090 0.013445
52 0.486567 0.441176 0.019104 0.011765
52 0.486269 0.452101 0.022090 0.015126
4 0.458507 0.330252 0.020299 0.018487
4 0.477910 0.329412 0.017313 0.016807
3 0.398209 0.807143 0.008358 0.027731
4 0.379104 0.868067 0.014328 0.013445
0 0.399104 0.776471 0.013731 0.015126
27 0.399403 0.862605 0.014328 0.032773
3 0.173731 0.881513 0.019104 0.016807
35 0.195821 0.886555 0.016716 0.026891
4 0.146567 0.725630 0.019701 0.021008
4 0.165672 0.726891 0.018507 0.023529
0 0.137910 0.750000 0.010746 0.017647
0 0.232836 0.736975 0.015522 0.018487
0 0.285672 0.739496 0.016119 0.020168
3 0.351045 0.542437 0.019104 0.021008
3 0.353134 0.563025 0.020896 0.020168
3 0.286866 0.542017 0.017313 0.025210
52 0.380896 0.544118 0.020299 0.015966
52 0.380597 0.560084 0.019701 0.015966
52 0.257910 0.541597 0.025075 0.015966
0 0.396716 0.535714 0.016119 0.019328
0 0.139701 0.537395 0.011940 0.015966
0 0.048955 0.519328 0.014328 0.016807
41 0.143881 0.581933 0.015522 0.012605
46 0.171940 0.572269 0.028657 0.122689
46 0.068358 0.529832 0.017313 0.015966
46 0.068358 0.557563 0.016119 0.022689
46 0.081194 0.574790 0.015522 0.025210
46 0.096716 0.560504 0.017910 0.031933
3 0.071343 0.380252 0.022090 0.021008
29 0.142687 0.399160 0.034627 0.042017
29 0.203284 0.399160 0.040000 0.040336
29 0.254925 0.400840 0.037015 0.038655
29 0.309851 0.401261 0.037015 0.037815
27 0.326866 0.865126 0.024478 0.015966
0 0.442687 0.314286 0.013731 0.011765
43 0.507463 0.357143 0.015522 0.020168
43 0.506866 0.365546 0.015522 0.020168
43 0.506269 0.373109 0.015522 0.020168
43 0.506866 0.384034 0.015522 0.020168
