1 0.089559 0.141927 0.058506 0.111979
1 0.392889 0.125651 0.067507 0.071615
3 0.140414 0.144531 0.023402 0.013021
1 0.584158 0.125651 0.030603 0.045573
2 0.242574 0.157552 0.009901 0.018229
3 0.140414 0.129557 0.027003 0.016927
2 0.243924 0.097005 0.009001 0.016927
35 0.270027 0.117839 0.021602 0.014323
4 0.459946 0.162109 0.018002 0.019531
2 0.548605 0.136719 0.011701 0.020833
3 0.075158 0.220052 0.024302 0.018229
2 0.459946 0.189453 0.018002 0.014323
3 0.302430 0.138021 0.023402 0.018229
3 0.301980 0.157552 0.020702 0.015625
2 0.171467 0.177083 0.015302 0.015625
35 0.269577 0.137370 0.020702 0.016927
0 0.483798 0.143880 0.009901 0.019531
15 0.255626 0.287109 0.028803 0.042969
0 0.173267 0.088542 0.031503 0.033854
2 0.238974 0.115885 0.015302 0.018229
2 0.239874 0.138021 0.018902 0.018229
3 0.300630 0.118490 0.023402 0.018229
4 0.301980 0.097656 0.017102 0.036458
0 0.338434 0.082682 0.018002 0.029948
2 0.390639 0.182943 0.023402 0.027344
2 0.490999 0.095703 0.020702 0.027344
2 0.444644 0.129557 0.021602 0.016927
0 0.544554 0.106120 0.019802 0.024740
4 0.448695 0.096354 0.020702 0.036458
6 0.450045 0.117839 0.028803 0.016927
