1 0.652941 0.328994 0.077311 0.087574
4 0.597479 0.263905 0.018487 0.035503
24 0.874370 0.195858 0.039496 0.055621
4 0.546639 0.262722 0.019328 0.028402
16 0.706303 0.194083 0.052941 0.037870
3 0.495798 0.241420 0.013445 0.033136
2 0.890756 0.421302 0.026891 0.018935
2 0.789916 0.243787 0.026891 0.021302
4 0.565966 0.265089 0.022689 0.033136
4 0.865546 0.359172 0.018487 0.031953
4 0.891597 0.360355 0.013445 0.031953
3 0.748319 0.359172 0.029412 0.017751
2 0.571008 0.375148 0.024370 0.018935
0 0.494958 0.208876 0.013445 0.010651
4 0.528992 0.263905 0.021008 0.026036
6 0.781092 0.312426 0.032773 0.014201
4 0.580672 0.265680 0.021849 0.036686
3 0.823109 0.302959 0.029412 0.014201
3 0.821429 0.313609 0.027731 0.011834
4 0.917227 0.359763 0.015966 0.035503
3 0.462185 0.241420 0.013445 0.035503
0 0.789916 0.150888 0.015126 0.013018
4 0.558403 0.264497 0.026050 0.029586
21 0.745798 0.395858 0.036134 0.022485
0 0.891597 0.301775 0.011765 0.011834
35 0.466807 0.304142 0.032773 0.030769
35 0.500000 0.301183 0.033613 0.039053
74 0.939496 0.306509 0.033613 0.049704
74 0.940336 0.404734 0.033613 0.049704
