1 0.215224 0.496639 0.142687 0.123578
1 0.173731 0.226732 0.038209 0.035677
1 0.391940 0.450103 0.048358 0.029473
1 0.391940 0.526887 0.041194 0.028956
1 0.158209 0.729059 0.068060 0.046536
1 0.236119 0.881075 0.125970 0.074457
1 0.418507 0.956050 0.053731 0.025853
1 0.678806 0.512151 0.041791 0.034643
1 0.676418 0.572906 0.042985 0.032058
1 0.866269 0.578335 0.066866 0.072906
1 0.865672 0.454757 0.064478 0.074974
1 0.621791 0.240176 0.080597 0.070838
1 0.879104 0.195967 0.035224 0.038263
1 0.880000 0.241468 0.041791 0.040331
1 0.881493 0.285419 0.038806 0.040331
1 0.876418 0.342296 0.035821 0.039297
24 0.409254 0.839710 0.023284 0.041365
24 0.410448 0.900465 0.024478 0.048087
24 0.342687 0.355222 0.021493 0.029990
24 0.063582 0.243795 0.038806 0.035677
16 0.077015 0.195708 0.040597 0.029473
7 0.191343 0.191313 0.029254 0.010341
3 0.203284 0.239659 0.014925 0.023268
3 0.233731 0.209669 0.017313 0.018097
4 0.233731 0.238366 0.014925 0.011375
22 0.264776 0.237332 0.024478 0.013444
2 0.262985 0.262151 0.013731 0.015512
2 0.313731 0.249224 0.018507 0.015512
2 0.374328 0.192347 0.017910 0.014478
2 0.376418 0.225181 0.022090 0.019131
2 0.376418 0.259049 0.017313 0.015512
2 0.371343 0.295502 0.016716 0.013961
23 0.317313 0.218201 0.017313 0.012410
74 0.349851 0.192606 0.015522 0.017063
74 0.348358 0.223371 0.019701 0.018614
74 0.349254 0.256205 0.019104 0.020165
74 0.346269 0.291107 0.016716 0.017580
2 0.477612 0.186143 0.014328 0.015512
2 0.760299 0.184592 0.018507 0.015512
2 0.857910 0.202172 0.017910 0.015512
2 0.857313 0.247932 0.019104 0.014995
2 0.858806 0.292916 0.018507 0.014995
2 0.850746 0.351086 0.019104 0.013444
2 0.903582 0.212513 0.016119 0.014478
2 0.905672 0.259824 0.016716 0.011892
2 0.903881 0.303516 0.015522 0.014478
2 0.899104 0.361169 0.017910 0.012927
2 0.867463 0.400207 0.022687 0.019648
2 0.865075 0.508014 0.019104 0.016029
2 0.865672 0.524302 0.022687 0.017580
2 0.867164 0.636505 0.017313 0.014478
2 0.762687 0.560755 0.020896 0.014995
2 0.710149 0.667011 0.023284 0.018614
2 0.454030 0.443899 0.016119 0.016029
2 0.430149 0.439504 0.024478 0.016546
2 0.525373 0.459411 0.021493 0.014995
2 0.453731 0.542141 0.017910 0.017063
2 0.376119 0.572906 0.019104 0.016546
2 0.396418 0.380041 0.027463 0.017580
2 0.227761 0.624871 0.022090 0.017063
2 0.205075 0.764478 0.018507 0.013961
2 0.103881 0.707084 0.023881 0.020165
2 0.029851 0.463547 0.022687 0.014995
2 0.165373 0.402275 0.019104 0.017580
2 0.155224 0.337384 0.023881 0.019131
2 0.215821 0.333764 0.019701 0.014995
2 0.249851 0.337901 0.019701 0.016029
4 0.477015 0.205791 0.019104 0.010341
4 0.499403 0.206308 0.013731 0.009307
4 0.520000 0.206050 0.016716 0.011892
4 0.758806 0.204757 0.016716 0.007239
4 0.668657 0.198035 0.014328 0.010341
23 0.554925 0.207342 0.017313 0.014478
22 0.687761 0.203723 0.019104 0.016546
23 0.729552 0.204240 0.017910 0.013444
3 0.735522 0.227249 0.020299 0.013961
6 0.707463 0.216132 0.021493 0.007239
3 0.726866 0.253619 0.012537 0.018097
2 0.728358 0.277921 0.017910 0.016029
4 0.928060 0.198294 0.018507 0.007756
4 0.931343 0.246122 0.016716 0.010341
4 0.931940 0.288780 0.017910 0.010858
4 0.926567 0.346174 0.019104 0.008790
4 0.764776 0.543175 0.017910 0.008790
4 0.689254 0.655895 0.023284 0.006722
3 0.607164 0.553257 0.025075 0.014478
3 0.608358 0.496639 0.028657 0.018097
4 0.452537 0.511375 0.020299 0.008273
4 0.488955 0.511634 0.016716 0.009824
4 0.453731 0.418304 0.016716 0.009307
4 0.489552 0.418563 0.016716 0.007756
23 0.525075 0.418046 0.011343 0.011892
23 0.525672 0.511634 0.018507 0.014995
23 0.525672 0.483195 0.013731 0.012927
6 0.427761 0.495605 0.032836 0.007756
8 0.436418 0.473113 0.031045 0.021717
4 0.327463 0.510858 0.018507 0.007239
3 0.357612 0.378490 0.028657 0.007239
4 0.178806 0.605222 0.014925 0.011892
4 0.226567 0.601603 0.013731 0.011892
4 0.250448 0.601603 0.018507 0.011892
4 0.215821 0.371251 0.014925 0.007239
4 0.154328 0.358066 0.018507 0.008790
4 0.196418 0.358842 0.014328 0.011375
3 0.216119 0.357032 0.013134 0.013961
21 0.250448 0.364012 0.016119 0.019648
3 0.113731 0.423475 0.028060 0.012410
35 0.144179 0.425543 0.026866 0.023785
4 0.074030 0.463289 0.014328 0.012410
4 0.074627 0.476474 0.017910 0.011892
4 0.074627 0.506463 0.019104 0.020165
4 0.102090 0.527146 0.019104 0.014995
3 0.053433 0.719235 0.014925 0.014478
3 0.074627 0.719752 0.011940 0.016546
3 0.212239 0.689762 0.019701 0.011375
4 0.212836 0.705791 0.012537 0.014478
4 0.208657 0.739400 0.023284 0.011375
14 0.072537 0.866081 0.036418 0.033092
2 0.075224 0.819286 0.022687 0.016029
2 0.065373 0.891675 0.020896 0.017063
2 0.104179 0.809979 0.020896 0.016029
2 0.101194 0.926319 0.016119 0.013961
2 0.147164 0.908997 0.018507 0.016546
4 0.102687 0.902275 0.017910 0.008273
4 0.144478 0.888314 0.015522 0.008273
4 0.160896 0.889607 0.010149 0.009824
4 0.103881 0.826267 0.017910 0.008273
2 0.322388 0.884695 0.019104 0.018614
2 0.373134 0.942347 0.020299 0.017063
2 0.377015 0.988108 0.022090 0.014478
2 0.450448 0.986556 0.022090 0.015512
4 0.376418 0.968976 0.014925 0.007239
4 0.450149 0.966649 0.015522 0.008790
2 0.396716 0.860134 0.028060 0.014995
2 0.397015 0.920631 0.019104 0.012927
