1 0.090009 0.142578 0.057606 0.110677
1 0.369937 0.151042 0.068407 0.072917
2 0.234473 0.203125 0.015302 0.013021
3 0.140414 0.144531 0.023402 0.013021
2 0.513501 0.202474 0.015302 0.011719
2 0.369487 0.204427 0.015302 0.013021
2 0.536454 0.203125 0.014401 0.013021
3 0.140414 0.129557 0.025203 0.014323
4 0.433843 0.110026 0.016202 0.022135
4 0.306481 0.124349 0.018902 0.016927
4 0.414941 0.110026 0.014401 0.019531
4 0.367237 0.085286 0.012601 0.024740
4 0.512601 0.169271 0.015302 0.020833
2 0.261476 0.204427 0.013501 0.013021
0 0.234923 0.097005 0.012601 0.014323
2 0.184968 0.349609 0.018902 0.024740
3 0.328983 0.085286 0.024302 0.016927
3 0.307381 0.169922 0.022502 0.016927
2 0.184968 0.177734 0.013501 0.014323
3 0.185869 0.259766 0.011701 0.037760
3 0.185869 0.134766 0.013501 0.032552
0 0.184518 0.089844 0.027003 0.023438
0 0.185419 0.218750 0.023402 0.031250
4 0.237624 0.156250 0.027003 0.023438
3 0.261026 0.134766 0.014401 0.037760
4 0.264176 0.176432 0.024302 0.024740
5 0.310531 0.195312 0.025203 0.020833
5 0.186319 0.316406 0.025203 0.031250
2 0.423492 0.076823 0.018902 0.031250
2 0.414941 0.234375 0.018002 0.028646
2 0.428443 0.233073 0.018002 0.023438
2 0.467597 0.235026 0.017102 0.027344
2 0.483798 0.236328 0.018902 0.032552
4 0.414041 0.201172 0.023402 0.019531
4 0.467147 0.202474 0.021602 0.022135
3 0.427093 0.201172 0.013501 0.032552
3 0.480648 0.201172 0.016202 0.040365
49 0.553105 0.166016 0.033303 0.071615
2 0.388389 0.080078 0.022502 0.029948
6 0.284878 0.102865 0.029703 0.018229
