1 0.230672 0.178107 0.071429 0.053254
4 0.290756 0.211243 0.016807 0.017751
4 0.323529 0.212426 0.018487 0.017751
4 0.173109 0.211834 0.015126 0.018935
4 0.139916 0.211834 0.021008 0.021302
4 0.305462 0.210651 0.021008 0.016568
4 0.154202 0.212426 0.021008 0.020118
22 0.273529 0.211243 0.015966 0.024852
51 0.139916 0.159763 0.015966 0.054438
42 0.344118 0.106509 0.036134 0.018935
42 0.231933 0.268639 0.016807 0.042604
35 0.185294 0.140828 0.024370 0.033136
3 0.206723 0.106509 0.028571 0.018935
3 0.270168 0.139645 0.012605 0.030769
3 0.280672 0.140237 0.013445 0.034320
21 0.294118 0.153846 0.016807 0.035503
