24 0.428955 0.405462 0.017313 0.031092
1 0.343582 0.200000 0.051940 0.055462
1 0.128657 0.224790 0.040000 0.073109
4 0.626866 0.185714 0.014328 0.016807
2 0.277910 0.506303 0.019701 0.015966
2 0.229851 0.506303 0.019104 0.015966
2 0.131940 0.510924 0.017910 0.016807
2 0.433433 0.313445 0.017910 0.015126
2 0.254328 0.346639 0.019104 0.015966
3 0.433134 0.223950 0.008955 0.029412
2 0.179403 0.510924 0.018507 0.015126
2 0.632537 0.333613 0.019701 0.016807
1 0.713433 0.234034 0.040597 0.037815
3 0.142985 0.333193 0.020896 0.012605
2 0.368955 0.401261 0.010746 0.022689
4 0.433433 0.278151 0.014328 0.020168
2 0.227761 0.242017 0.018507 0.015126
2 0.516716 0.309244 0.018507 0.015126
2 0.178806 0.343277 0.019701 0.015966
2 0.167164 0.259244 0.016716 0.014286
3 0.328657 0.316387 0.020896 0.012605
3 0.632537 0.290336 0.011343 0.027731
2 0.528358 0.448319 0.017910 0.015966
0 0.381493 0.479412 0.010746 0.009244
2 0.471940 0.448319 0.017313 0.015966
4 0.495821 0.219748 0.013731 0.019328
3 0.516119 0.231092 0.010149 0.028571
3 0.329254 0.292017 0.020896 0.012605
0 0.829552 0.158824 0.008955 0.011765
3 0.143582 0.308403 0.018507 0.015126
2 0.180000 0.199160 0.008955 0.020168
2 0.495821 0.272269 0.016119 0.015126
2 0.626866 0.225630 0.015522 0.014286
0 0.226866 0.191597 0.010746 0.010084
4 0.516716 0.269328 0.014925 0.019328
2 0.382388 0.571008 0.017313 0.015966
30 0.500299 0.396218 0.040597 0.049580
3 0.271045 0.200840 0.020299 0.013445
3 0.271940 0.216807 0.020896 0.015126
35 0.282985 0.288235 0.021493 0.031933
35 0.284478 0.317647 0.020896 0.028571
46 0.129552 0.444118 0.051343 0.064706
46 0.178209 0.444958 0.045970 0.064706
46 0.225970 0.441176 0.048358 0.068908
46 0.278209 0.443277 0.045373 0.068067
23 0.362687 0.523529 0.017313 0.026891
23 0.381194 0.523950 0.019701 0.022689
0 0.542687 0.178151 0.014328 0.021849
2 0.415821 0.185294 0.024478 0.022689
6 0.394627 0.200000 0.032239 0.015126
2 0.659403 0.235294 0.016119 0.031933
22 0.655522 0.167647 0.015522 0.026050
6 0.729254 0.164706 0.030448 0.023529
35 0.631343 0.413866 0.028060 0.039496
35 0.631642 0.456303 0.028657 0.036975
35 0.670448 0.411765 0.022687 0.031933
35 0.670448 0.458403 0.025075 0.036134
35 0.710448 0.410084 0.027463 0.038655
35 0.711343 0.454202 0.023284 0.034454
35 0.749851 0.407983 0.028657 0.042857
35 0.749254 0.454622 0.025075 0.033613
35 0.790149 0.409664 0.026866 0.037815
35 0.791642 0.455882 0.028657 0.037815
35 0.830149 0.409664 0.026866 0.039496
35 0.832537 0.458403 0.025672 0.037815
35 0.874030 0.409664 0.027463 0.041176
35 0.873731 0.456303 0.026866 0.038655
35 0.915224 0.412605 0.026269 0.038655
35 0.916119 0.455882 0.030448 0.036134
0 0.172537 0.235294 0.007164 0.013445
0 0.177612 0.217647 0.008955 0.011765
0 0.470149 0.193277 0.010149 0.008403
