4 0.634454 0.319527 0.018487 0.023669
1 0.842857 0.211834 0.053782 0.061538
3 0.559244 0.453846 0.026050 0.017751
4 0.601261 0.364497 0.019328 0.018935
1 0.492437 0.311243 0.078992 0.066272
1 0.157563 0.331953 0.064706 0.157396
2 0.635294 0.405325 0.023529 0.024852
1 0.731092 0.461538 0.067227 0.054438
2 0.558824 0.191124 0.023529 0.022485
1 0.714706 0.342604 0.051261 0.041420
2 0.194538 0.435503 0.022689 0.018935
2 0.683613 0.363314 0.017647 0.018935
3 0.559664 0.418935 0.025210 0.018935
51 0.619748 0.260355 0.032773 0.016568
2 0.204622 0.242604 0.014286 0.028402
2 0.681933 0.448521 0.014286 0.026036
3 0.415966 0.365680 0.026891 0.016568
3 0.415966 0.401183 0.026891 0.016568
2 0.874370 0.258580 0.019328 0.017751
2 0.621849 0.482840 0.021849 0.021302
2 0.491597 0.246746 0.021849 0.024852
3 0.415546 0.330769 0.026050 0.017751
3 0.210504 0.366864 0.022689 0.016568
2 0.442857 0.233136 0.018487 0.023669
2 0.227731 0.344970 0.020168 0.017751
6 0.576471 0.293491 0.031933 0.014201
4 0.541176 0.236095 0.018487 0.020118
3 0.600840 0.318343 0.015126 0.033136
2 0.423529 0.232544 0.018487 0.024852
0 0.243697 0.266864 0.013445 0.013018
4 0.559244 0.233728 0.014286 0.020118
4 0.760504 0.324260 0.016807 0.018935
4 0.426471 0.269822 0.022689 0.023669
3 0.211765 0.289941 0.025210 0.016568
4 0.441176 0.267456 0.016807 0.021302
4 0.579832 0.232544 0.016807 0.020118
35 0.312185 0.383432 0.026050 0.033136
35 0.328992 0.377515 0.022689 0.033136
35 0.355882 0.382840 0.022689 0.029586
35 0.371008 0.373964 0.029412 0.035503
35 0.596218 0.410651 0.031092 0.042604
42 0.397899 0.295266 0.032773 0.020118
42 0.671429 0.472781 0.038655 0.024852
29 0.592857 0.457988 0.034454 0.030769
42 0.779832 0.301775 0.036975 0.023669
42 0.789076 0.194675 0.035294 0.020118
51 0.663025 0.294083 0.036975 0.022485
51 0.786555 0.459172 0.036975 0.023669
3 0.773950 0.360355 0.023529 0.020118
52 0.809664 0.359172 0.031092 0.029586
