1 0.339496 0.313018 0.065546 0.072189
1 0.454622 0.575148 0.080672 0.078107
1 0.342857 0.083432 0.065546 0.072189
2 0.155462 0.404734 0.023529 0.018935
3 0.900420 0.365680 0.026050 0.016568
3 0.572269 0.597633 0.025210 0.016568
1 0.134874 0.574556 0.081513 0.079290
1 0.781933 0.344970 0.081513 0.079290
1 0.105042 0.330769 0.073950 0.086391
2 0.390756 0.404142 0.025210 0.017751
3 0.899580 0.142604 0.024370 0.015385
1 0.782353 0.119527 0.080672 0.078107
2 0.689496 0.149704 0.022689 0.020118
2 0.395378 0.173964 0.024370 0.018935
2 0.869328 0.665680 0.021008 0.015385
2 0.760504 0.663905 0.023529 0.018935
4 0.832353 0.171006 0.015966 0.015385
2 0.143277 0.120710 0.022689 0.018935
3 0.252101 0.597041 0.023529 0.015385
3 0.898739 0.118935 0.024370 0.015385
3 0.571008 0.573964 0.024370 0.014201
4 0.513445 0.536686 0.016807 0.022485
2 0.139076 0.930178 0.024370 0.018935
2 0.392437 0.057396 0.011765 0.022485
2 0.689496 0.374556 0.022689 0.020118
2 0.392857 0.286982 0.012605 0.022485
18 0.328151 0.892899 0.021008 0.031953
4 0.193697 0.536095 0.017647 0.021302
18 0.328151 0.797633 0.022689 0.030769
4 0.841176 0.082249 0.016807 0.020118
2 0.822269 0.200000 0.014286 0.021302
3 0.709664 0.117160 0.024370 0.014201
2 0.821849 0.424852 0.015126 0.023669
18 0.273109 0.845562 0.020168 0.031953
4 0.184874 0.618935 0.016807 0.018935
3 0.252101 0.572781 0.023529 0.014201
4 0.840756 0.306509 0.017647 0.018935
2 0.042017 0.605917 0.023529 0.018935
2 0.181092 0.497633 0.022689 0.017751
18 0.272689 0.797633 0.021008 0.030769
4 0.503782 0.624260 0.017647 0.017751
2 0.362185 0.605325 0.023529 0.017751
2 0.500000 0.498225 0.021849 0.018935
4 0.831513 0.395858 0.017647 0.015385
2 0.494118 0.653254 0.015126 0.028402
3 0.168067 0.334911 0.026891 0.014201
3 0.897899 0.342012 0.026050 0.018935
3 0.063025 0.573964 0.026891 0.014201
18 0.328151 0.844379 0.021008 0.031953
3 0.169748 0.336686 0.025210 0.013018
3 0.709244 0.343195 0.025210 0.014201
6 0.515126 0.091716 0.031933 0.013018
18 0.273529 0.892308 0.019328 0.030769
3 0.381513 0.573373 0.026891 0.013018
3 0.167227 0.330178 0.025210 0.016568
2 0.174790 0.649704 0.015126 0.026036
2 0.828151 0.043787 0.017647 0.016568
2 0.827731 0.268639 0.016807 0.018935
16 0.094958 0.087574 0.050420 0.047337
42 0.157143 0.083432 0.033613 0.027219
42 0.210504 0.312426 0.034454 0.021302
42 0.210924 0.350296 0.031933 0.021302
42 0.422269 0.337870 0.041176 0.024852
42 0.568908 0.282840 0.040336 0.026036
42 0.570168 0.052663 0.029412 0.022485
51 0.311765 0.563905 0.043697 0.020118
51 0.226050 0.623077 0.033613 0.024852
51 0.062185 0.763314 0.033613 0.026036
51 0.063025 0.815385 0.036975 0.021302
51 0.063025 0.870414 0.030252 0.022485
51 0.064286 0.917160 0.034454 0.026036
51 0.548739 0.629586 0.033613 0.023669
51 0.634454 0.564497 0.030252 0.023669
51 0.639076 0.327811 0.041176 0.026036
51 0.423950 0.105325 0.036134 0.021302
51 0.640336 0.093491 0.035294 0.021302
51 0.958824 0.105325 0.040336 0.026036
51 0.878151 0.173373 0.040336 0.027219
51 0.955462 0.330769 0.033613 0.022485
51 0.874790 0.395858 0.033613 0.027219
51 0.730672 0.528994 0.032773 0.028402
51 0.844538 0.530769 0.040336 0.024852
51 0.732353 0.636095 0.031092 0.027219
51 0.837815 0.636686 0.035294 0.021302
24 0.790336 0.542604 0.031092 0.065089
24 0.894538 0.534320 0.027731 0.055621
24 0.791597 0.640828 0.030252 0.055621
24 0.894538 0.640828 0.031092 0.055621
35 0.857563 0.338462 0.026050 0.037870
35 0.861765 0.364497 0.026050 0.037870
35 0.860504 0.110651 0.025210 0.036686
35 0.863025 0.139053 0.028571 0.039053
6 0.513025 0.323077 0.036134 0.018935
22 0.487815 0.117160 0.027731 0.028402
22 0.589076 0.095266 0.018487 0.031953
22 0.585294 0.324260 0.022689 0.035503
22 0.484034 0.350296 0.021849 0.028402
35 0.210084 0.568047 0.023529 0.037870
35 0.211345 0.594083 0.029412 0.037870
23 0.390756 0.358580 0.020168 0.033136
23 0.544538 0.349112 0.021849 0.033136
23 0.393697 0.130769 0.022689 0.029586
23 0.550000 0.118935 0.019328 0.024852
26 0.107983 0.758580 0.032773 0.033136
26 0.107563 0.811243 0.038655 0.039053
26 0.105882 0.865089 0.031933 0.042604
26 0.107143 0.912426 0.034454 0.042604
35 0.531092 0.566272 0.026891 0.031953
35 0.531092 0.592899 0.030252 0.035503
41 0.601681 0.284615 0.016807 0.015385
2 0.213025 0.330769 0.014286 0.027219
2 0.392857 0.313609 0.014286 0.023669
