1 0.456303 0.259763 0.092437 0.202367
1 0.155042 0.239053 0.078151 0.165680
4 0.580252 0.649112 0.015966 0.034320
2 0.516807 0.110059 0.020168 0.021302
4 0.486975 0.615976 0.017647 0.036686
2 0.929412 0.379882 0.021849 0.018935
2 0.159244 0.373373 0.022689 0.020118
2 0.193277 0.800000 0.021849 0.021302
4 0.117647 0.726627 0.016807 0.033136
4 0.516387 0.147337 0.019328 0.024852
2 0.155882 0.800000 0.022689 0.021302
4 0.805462 0.229586 0.014286 0.026036
2 0.236134 0.799408 0.020168 0.020118
2 0.410504 0.686391 0.015966 0.023669
2 0.677731 0.379882 0.022689 0.018935
4 0.807983 0.181657 0.015966 0.022485
4 0.083613 0.725444 0.017647 0.028402
2 0.160084 0.087574 0.019328 0.018935
2 0.808403 0.544970 0.020168 0.020118
2 0.736555 0.544379 0.021008 0.018935
3 0.807143 0.494675 0.014286 0.037870
2 0.389496 0.175740 0.014286 0.024852
4 0.806723 0.323669 0.015126 0.022485
3 0.928151 0.343195 0.014286 0.037870
3 0.457563 0.616568 0.014286 0.044970
4 0.155462 0.726036 0.016807 0.031953
4 0.806303 0.134911 0.017647 0.026036
4 0.432773 0.537278 0.020168 0.028402
4 0.735714 0.494675 0.015966 0.030769
2 0.893697 0.418935 0.026050 0.021302
2 0.277731 0.798817 0.021008 0.018935
4 0.807143 0.276331 0.019328 0.022485
2 0.084874 0.797041 0.025210 0.020118
3 0.546218 0.580473 0.013445 0.041420
3 0.193697 0.726627 0.014286 0.040237
42 0.807563 0.355621 0.021849 0.020118
3 0.545798 0.650296 0.014286 0.041420
3 0.234874 0.760947 0.012605 0.033136
6 0.745378 0.274556 0.035294 0.016568
3 0.276050 0.756805 0.014286 0.039053
3 0.928151 0.165680 0.014286 0.044970
42 0.060924 0.204142 0.027731 0.024852
42 0.277731 0.206509 0.031092 0.029586
42 0.102521 0.216568 0.025210 0.021302
42 0.102521 0.228994 0.023529 0.017751
42 0.105882 0.242012 0.026891 0.024852
42 0.204622 0.227219 0.022689 0.016568
42 0.205882 0.240237 0.026891 0.021302
42 0.204202 0.253254 0.028571 0.023669
42 0.385294 0.202367 0.027731 0.023669
42 0.384034 0.224260 0.030252 0.020118
42 0.386134 0.249112 0.029412 0.020118
42 0.385714 0.269822 0.023529 0.021302
42 0.386555 0.295858 0.025210 0.018935
42 0.385714 0.320118 0.025210 0.017751
42 0.386555 0.342604 0.021849 0.017751
42 0.532773 0.177515 0.020168 0.018935
42 0.534034 0.201183 0.022689 0.021302
42 0.534034 0.225444 0.027731 0.020118
42 0.533613 0.247929 0.026891 0.017751
42 0.534874 0.271598 0.029412 0.017751
42 0.532353 0.295858 0.026050 0.016568
42 0.533193 0.320118 0.026050 0.015385
42 0.532353 0.341420 0.027731 0.015385
42 0.650000 0.094083 0.026050 0.022485
42 0.650840 0.242604 0.029412 0.018935
42 0.650840 0.313018 0.026050 0.022485
42 0.949160 0.242012 0.027731 0.022485
42 0.948319 0.313018 0.026050 0.024852
42 0.699580 0.461538 0.027731 0.018935
42 0.617647 0.536095 0.028571 0.026036
42 0.618067 0.615976 0.029412 0.022485
42 0.399580 0.539053 0.027731 0.022485
42 0.278571 0.656805 0.022689 0.030769
42 0.192857 0.650888 0.022689 0.037870
42 0.155882 0.653254 0.015966 0.033136
42 0.083613 0.654438 0.017647 0.030769
22 0.210084 0.297633 0.025210 0.027219
23 0.255882 0.299408 0.024370 0.028402
35 0.237395 0.704734 0.032773 0.031953
35 0.279412 0.708284 0.034454 0.034320
74 0.320588 0.679882 0.027731 0.043787
3 0.518067 0.538462 0.036134 0.021302
22 0.577731 0.536095 0.029412 0.044970
3 0.678151 0.168047 0.030252 0.047337
8 0.706723 0.240828 0.040336 0.050888
15 0.894958 0.243195 0.038655 0.053254
8 0.708403 0.313609 0.040336 0.049704
15 0.894118 0.313018 0.035294 0.050888
3 0.768067 0.463314 0.033613 0.024852
