3 0.457246 0.609756 0.024638 0.055749
1 0.656522 0.410279 0.226087 0.252613
3 0.703623 0.636760 0.018841 0.050523
3 0.500000 0.357143 0.043478 0.024390
2 0.457246 0.744774 0.042029 0.029617
24 0.762319 0.864983 0.069565 0.050523
4 0.399275 0.593206 0.027536 0.033101
0 0.746377 0.819686 0.020290 0.015679
2 0.760870 0.258711 0.040580 0.026132
2 0.646377 0.692509 0.040580 0.026132
2 0.195652 0.143728 0.040580 0.029617
3 0.457246 0.681185 0.021739 0.052265
4 0.254348 0.435540 0.030435 0.024390
4 0.326812 0.593206 0.027536 0.029617
4 0.645652 0.628049 0.030435 0.029617
3 0.500725 0.271777 0.047826 0.024390
3 0.428261 0.306620 0.024638 0.052265
2 0.178261 0.297038 0.023188 0.040070
4 0.826087 0.548780 0.031884 0.038328
4 0.398551 0.435540 0.028986 0.027875
4 0.254348 0.594077 0.030435 0.034843
0 0.673913 0.170732 0.026087 0.017422
2 0.644203 0.247387 0.036232 0.027875
2 0.777536 0.796167 0.030435 0.027875
2 0.704348 0.247387 0.037681 0.027875
4 0.326812 0.436411 0.030435 0.026132
3 0.457246 0.500000 0.024638 0.055749
4 0.760870 0.209930 0.034783 0.033101
23 0.195652 0.600174 0.031884 0.040070
4 0.826812 0.374564 0.030435 0.034843
2 0.777536 0.796167 0.030435 0.027875
3 0.428261 0.306620 0.024638 0.052265
0 0.138406 0.553136 0.021739 0.019164
23 0.182609 0.443380 0.031884 0.040070
2 0.117391 0.153310 0.049275 0.045296
2 0.119565 0.477352 0.044928 0.052265
2 0.120290 0.636760 0.049275 0.050523
0 0.148551 0.381533 0.039130 0.041812
2 0.428261 0.388502 0.053623 0.055749
6 0.902899 0.426829 0.031884 0.069686
2 0.523913 0.423345 0.044928 0.052265
74 0.117391 0.296167 0.057971 0.052265
74 0.113043 0.409408 0.057971 0.052265
74 0.100000 0.564460 0.057971 0.052265
74 0.382609 0.209059 0.057971 0.052265
