3 0.307143 0.571598 0.012605 0.035503
1 0.333613 0.431361 0.156303 0.209467
3 0.222689 0.437278 0.025210 0.020118
4 0.450000 0.331361 0.019328 0.021302
3 0.331933 0.585207 0.013445 0.036686
3 0.339496 0.584024 0.013445 0.034320
2 0.341176 0.670414 0.025210 0.020118
2 0.475630 0.369822 0.025210 0.017751
4 0.475630 0.328994 0.016807 0.023669
4 0.563866 0.460355 0.018487 0.018935
6 0.473950 0.434911 0.033613 0.013018
24 0.604202 0.442604 0.035294 0.042604
23 0.538235 0.455030 0.021008 0.020118
4 0.441176 0.460355 0.021849 0.023669
3 0.415966 0.595858 0.013445 0.036686
3 0.416387 0.515976 0.014286 0.037870
23 0.310924 0.271598 0.016807 0.022485
3 0.222269 0.413609 0.026050 0.015385
2 0.516807 0.499408 0.023529 0.018935
4 0.505042 0.462130 0.018487 0.027219
2 0.173950 0.412426 0.013445 0.027219
3 0.203361 0.307101 0.025210 0.015385
4 0.307563 0.236095 0.018487 0.031953
0 0.290336 0.297633 0.014286 0.013018
3 0.264706 0.307101 0.023529 0.017751
35 0.312185 0.630769 0.036134 0.033136
