1 0.821493 0.629412 0.060896 0.115966
3 0.453731 0.716807 0.019104 0.011765
2 0.692239 0.242857 0.016119 0.015126
1 0.521791 0.200000 0.044179 0.055462
2 0.632836 0.314706 0.015522 0.014286
1 0.686567 0.294538 0.026269 0.061345
2 0.533731 0.716387 0.009552 0.022689
2 0.783582 0.582353 0.008955 0.021849
4 0.465672 0.228992 0.013134 0.014286
24 0.434328 0.202101 0.018507 0.054622
3 0.370448 0.716387 0.018507 0.012605
1 0.686269 0.185294 0.028060 0.061345
2 0.633134 0.205042 0.016119 0.013445
24 0.823582 0.440336 0.018507 0.055462
24 0.820000 0.264286 0.038806 0.024370
2 0.820597 0.702101 0.017313 0.012605
4 0.633134 0.292017 0.013731 0.014286
2 0.859403 0.581933 0.008955 0.021008
24 0.499701 0.606723 0.019104 0.053782
24 0.864179 0.439076 0.018507 0.056303
3 0.360597 0.594538 0.016716 0.010924
24 0.826567 0.147479 0.041194 0.022689
2 0.428657 0.593697 0.008358 0.019328
2 0.782388 0.673529 0.008955 0.022689
2 0.558209 0.183613 0.009552 0.019328
3 0.409254 0.594538 0.014925 0.010924
2 0.692239 0.133613 0.014925 0.015126
2 0.495224 0.172269 0.013731 0.013445
2 0.660299 0.313866 0.011940 0.017647
4 0.594627 0.572689 0.013134 0.012605
2 0.859701 0.675210 0.009552 0.019328
2 0.465970 0.250420 0.017313 0.015126
3 0.360000 0.636134 0.016716 0.013445
2 0.422985 0.231513 0.016119 0.012605
2 0.326866 0.716807 0.010149 0.020168
2 0.811343 0.467647 0.015522 0.012605
4 0.632836 0.183613 0.013134 0.017647
29 0.501493 0.710504 0.034627 0.034454
35 0.345373 0.715966 0.022090 0.031933
35 0.387164 0.597479 0.023284 0.026891
35 0.385373 0.615546 0.019701 0.026050
35 0.385970 0.639076 0.019701 0.024370
35 0.386567 0.655882 0.022090 0.029412
2 0.594925 0.548739 0.023284 0.021849
2 0.808955 0.292437 0.019104 0.025210
2 0.833134 0.294958 0.016119 0.023529
2 0.657612 0.207983 0.017313 0.026050
