1 0.469851 0.391176 0.112239 0.158824
4 0.630448 0.367647 0.014328 0.014286
24 0.744776 0.532353 0.018507 0.054622
24 0.395522 0.543697 0.018507 0.055462
24 0.704179 0.532353 0.018507 0.054622
2 0.379701 0.444118 0.009552 0.021008
1 0.836716 0.417227 0.040000 0.046218
4 0.884179 0.438655 0.011940 0.018487
24 0.731045 0.229832 0.038806 0.024370
24 0.724179 0.111765 0.037015 0.025210
2 0.806866 0.405462 0.008955 0.021008
2 0.660000 0.453361 0.016119 0.012605
24 0.350448 0.163866 0.019104 0.053782
2 0.692239 0.560504 0.014925 0.010084
3 0.640597 0.399160 0.013134 0.021849
4 0.641493 0.370588 0.012537 0.011765
3 0.399701 0.427731 0.020896 0.011765
21 0.399104 0.443277 0.014925 0.015966
15 0.431045 0.172689 0.037015 0.041176
3 0.904776 0.421849 0.019701 0.011765
2 0.533731 0.444538 0.009552 0.016807
2 0.557313 0.427311 0.008955 0.015966
2 0.341493 0.194538 0.016716 0.009244
2 0.745075 0.254622 0.014328 0.015126
8 0.605970 0.129412 0.019104 0.028571
8 0.605970 0.238655 0.021493 0.030252
8 0.605672 0.239496 0.020896 0.030252
15 0.558806 0.546218 0.033433 0.047059
4 0.606269 0.431933 0.011343 0.013445
4 0.554925 0.366807 0.007761 0.010924
6 0.470149 0.520168 0.010149 0.036975
2 0.489254 0.535294 0.014925 0.023529
3 0.407761 0.158403 0.013134 0.026050
2 0.574627 0.359244 0.010149 0.021008
2 0.575224 0.370588 0.010149 0.013445
2 0.575821 0.378571 0.011343 0.017647
2 0.629254 0.339496 0.016716 0.018487
4 0.586567 0.431513 0.016119 0.010924
4 0.623881 0.431092 0.011940 0.013445
4 0.642090 0.433613 0.016119 0.011765
4 0.659104 0.434034 0.015522 0.014286
3 0.533134 0.531092 0.010746 0.020168
4 0.480597 0.548319 0.009552 0.021008
4 0.481493 0.567647 0.008955 0.019328
4 0.481791 0.584454 0.009552 0.019328
4 0.479403 0.601261 0.010746 0.017647
2 0.718507 0.259664 0.012537 0.021849
3 0.537313 0.428571 0.016716 0.011765
4 0.554328 0.378571 0.006567 0.010924
4 0.490149 0.486975 0.011940 0.009244
