1 0.127761 0.073529 0.065672 0.056303
1 0.294925 0.118908 0.057313 0.121849
1 0.176119 0.583193 0.044179 0.104202
1 0.233731 0.739916 0.057910 0.039496
1 0.557910 0.373529 0.104478 0.257983
1 0.574030 0.077311 0.081791 0.090756
1 0.839403 0.278151 0.058507 0.082353
1 0.845672 0.096639 0.059104 0.058824
1 0.772537 0.711345 0.053731 0.047899
1 0.324478 0.548319 0.041194 0.044538
42 0.177612 0.058403 0.024478 0.019328
42 0.178507 0.076471 0.027463 0.018487
42 0.078507 0.061765 0.025672 0.015966
42 0.079104 0.070588 0.023284 0.016807
42 0.080000 0.089076 0.023881 0.016807
42 0.069851 0.169748 0.014328 0.033613
42 0.088657 0.171849 0.018507 0.039496
42 0.113433 0.171429 0.019104 0.033613
42 0.138209 0.171429 0.014925 0.042017
42 0.158209 0.169748 0.013134 0.033613
42 0.057313 0.404202 0.015522 0.028571
42 0.082687 0.402101 0.016119 0.031092
42 0.113433 0.377731 0.015522 0.036134
42 0.180299 0.376891 0.014328 0.032773
42 0.275821 0.381933 0.015522 0.041176
42 0.331343 0.378992 0.019104 0.036975
42 0.171642 0.742857 0.023284 0.016807
42 0.137612 0.879412 0.031642 0.019328
42 0.518507 0.051681 0.024478 0.019328
42 0.484179 0.075210 0.023881 0.015966
42 0.626866 0.050000 0.023881 0.014286
42 0.625672 0.068067 0.022687 0.011765
42 0.595821 0.142017 0.020299 0.015126
42 0.657612 0.142437 0.023284 0.021008
42 0.485970 0.356723 0.022687 0.012605
42 0.484478 0.364286 0.020896 0.015966
42 0.486866 0.374370 0.019701 0.012605
42 0.485373 0.381933 0.020299 0.014286
42 0.485373 0.390336 0.021493 0.014286
42 0.485970 0.399580 0.020299 0.014286
42 0.485373 0.409664 0.025075 0.015966
42 0.486567 0.416387 0.025075 0.012605
42 0.486567 0.421849 0.029851 0.011765
42 0.485373 0.432353 0.025075 0.012605
42 0.622687 0.356303 0.023881 0.011765
42 0.623881 0.416807 0.023881 0.011765
42 0.539701 0.517227 0.008358 0.031092
42 0.539701 0.517227 0.008358 0.031092
42 0.554030 0.515126 0.013134 0.036975
42 0.558507 0.517227 0.011343 0.039496
42 0.565672 0.514706 0.008955 0.037815
42 0.569552 0.514286 0.008358 0.035294
42 0.576119 0.516387 0.010746 0.039496
42 0.581791 0.515126 0.010149 0.035294
42 0.588657 0.517647 0.014328 0.038655
42 0.628060 0.449160 0.025075 0.019328
42 0.651045 0.485294 0.026866 0.022689
42 0.669254 0.321008 0.015522 0.028571
42 0.911045 0.215966 0.014328 0.035294
42 0.965672 0.639496 0.025672 0.023529
42 0.702687 0.702101 0.020299 0.015966
42 0.725373 0.720588 0.022687 0.015966
42 0.862985 0.718908 0.028060 0.021008
42 0.827164 0.711345 0.026866 0.017647
2 0.125373 0.118487 0.016716 0.020168
2 0.161791 0.118487 0.016716 0.026891
3 0.068060 0.209244 0.011940 0.021849
3 0.088955 0.209244 0.011940 0.020168
3 0.113433 0.209664 0.014328 0.026050
3 0.138209 0.210084 0.014925 0.026891
3 0.158806 0.209664 0.014328 0.026050
3 0.328060 0.215126 0.012537 0.023529
3 0.339403 0.215126 0.008955 0.026891
2 0.293433 0.210504 0.017313 0.022689
2 0.332836 0.243697 0.020896 0.015126
2 0.354030 0.202941 0.017910 0.015966
2 0.389851 0.203782 0.019104 0.015966
0 0.112537 0.247479 0.013731 0.014286
0 0.039701 0.079832 0.016119 0.018487
0 0.372537 0.155042 0.020299 0.012605
0 0.368657 0.104622 0.023284 0.012605
4 0.354925 0.171429 0.018507 0.016807
52 0.333433 0.080252 0.022090 0.014286
52 0.334925 0.086975 0.020299 0.010924
52 0.334030 0.128571 0.019701 0.010084
52 0.334328 0.138655 0.019104 0.010084
52 0.265075 0.539496 0.021493 0.013445
52 0.383582 0.539916 0.022090 0.014286
52 0.384179 0.555462 0.020896 0.013445
52 0.460896 0.104202 0.022687 0.015126
52 0.757612 0.087395 0.022687 0.016807
52 0.485672 0.439916 0.022090 0.012605
52 0.486269 0.450000 0.024478 0.010924
42 0.622687 0.356303 0.023881 0.011765
52 0.623881 0.372689 0.020299 0.010924
52 0.624179 0.390336 0.020896 0.012605
52 0.622985 0.399160 0.020896 0.010084
52 0.625373 0.406723 0.026866 0.011765
29 0.142687 0.397899 0.038209 0.029412
29 0.200299 0.398319 0.034030 0.030252
29 0.255821 0.400000 0.035224 0.026891
29 0.309552 0.401681 0.036418 0.028571
3 0.068955 0.379832 0.020896 0.011765
2 0.112537 0.461345 0.017313 0.013445
2 0.148060 0.510504 0.015522 0.015966
0 0.108358 0.536975 0.017313 0.018487
2 0.256716 0.570168 0.020299 0.024370
2 0.279104 0.699160 0.020896 0.018487
2 0.200000 0.723109 0.019104 0.019328
23 0.280597 0.728571 0.020299 0.018487
3 0.172239 0.881513 0.016119 0.010084
2 0.224776 0.879832 0.020896 0.026891
35 0.197015 0.886134 0.019104 0.034454
2 0.340299 0.889496 0.017910 0.026050
2 0.398806 0.910924 0.019104 0.031933
27 0.326567 0.865546 0.017910 0.015126
0 0.399403 0.775630 0.013134 0.018487
3 0.399104 0.805882 0.012537 0.026891
27 0.398209 0.861345 0.011940 0.026891
4 0.381194 0.868908 0.016119 0.013445
2 0.442388 0.067647 0.013134 0.022689
2 0.626866 0.195378 0.016716 0.019328
4 0.612537 0.163866 0.015522 0.013445
4 0.642090 0.163445 0.012537 0.012605
3 0.510149 0.087815 0.017313 0.015966
2 0.689851 0.057983 0.014925 0.026891
4 0.459701 0.334034 0.015522 0.010924
4 0.477910 0.330672 0.013731 0.009244
2 0.495522 0.290756 0.017910 0.011765
0 0.443284 0.309664 0.012537 0.015966
2 0.620896 0.316807 0.015522 0.018487
4 0.668955 0.362185 0.013731 0.013445
3 0.650746 0.347899 0.020299 0.018487
3 0.685075 0.363025 0.010149 0.023529
3 0.684179 0.318487 0.013134 0.025210
3 0.683284 0.457983 0.011343 0.021849
3 0.682985 0.505042 0.011940 0.025210
0 0.682985 0.431513 0.017910 0.021008
0 0.683582 0.286975 0.016716 0.017647
2 0.684179 0.543277 0.015522 0.021008
2 0.684776 0.398319 0.019104 0.021849
4 0.809254 0.731513 0.011343 0.012605
2 0.809254 0.761765 0.017313 0.019328
3 0.886567 0.715126 0.014328 0.015126
3 0.899104 0.750420 0.011940 0.026891
2 0.899403 0.780672 0.018507 0.020168
2 0.918507 0.780252 0.012537 0.015966
3 0.918209 0.682773 0.010746 0.026050
3 0.935224 0.665546 0.019701 0.015126
15 0.917612 0.637815 0.020299 0.031933
0 0.884478 0.626471 0.014925 0.015966
8 0.853731 0.465546 0.020299 0.030252
51 0.922687 0.461765 0.024478 0.022689
4 0.877313 0.492017 0.012537 0.012605
4 0.897015 0.493697 0.014925 0.014286
0 0.792239 0.452101 0.013134 0.015126
0 0.780000 0.477731 0.019701 0.015966
0 0.791045 0.430252 0.017910 0.015126
22 0.829851 0.438655 0.016716 0.028571
22 0.800597 0.489916 0.020299 0.020168
3 0.841493 0.487395 0.017313 0.015126
3 0.829254 0.514286 0.011940 0.025210
2 0.828955 0.540336 0.018507 0.023529
2 0.895821 0.531933 0.018507 0.025210
2 0.790149 0.359244 0.019701 0.017647
2 0.839104 0.336975 0.018507 0.016807
2 0.889254 0.360924 0.019701 0.022689
2 0.758209 0.271008 0.015522 0.019328
2 0.881493 0.135294 0.014925 0.016807
3 0.789254 0.269748 0.011940 0.011765
3 0.888955 0.269748 0.015522 0.011765
3 0.891045 0.289916 0.017313 0.013445
3 0.909851 0.255882 0.010746 0.022689
0 0.748657 0.295798 0.015522 0.008403
0 0.895522 0.228151 0.011940 0.010924
35 0.924776 0.265966 0.023881 0.029412
35 0.924776 0.293277 0.020299 0.025210
4 0.732537 0.324790 0.013134 0.014286
4 0.748657 0.324790 0.009552 0.012605
4 0.760597 0.325630 0.009552 0.010924
4 0.783284 0.323950 0.010746 0.012605
4 0.794925 0.325210 0.011343 0.015126
4 0.877313 0.327731 0.012537 0.013445
4 0.888358 0.324370 0.011940 0.011765
4 0.777313 0.104622 0.013134 0.009244
4 0.791343 0.105882 0.013731 0.011765
4 0.882985 0.098319 0.015522 0.011765
4 0.911940 0.096218 0.022090 0.014286
4 0.934925 0.095798 0.013134 0.013445
4 0.952836 0.097059 0.014328 0.010924
4 0.965075 0.097899 0.013731 0.010924
0 0.880299 0.072269 0.012537 0.008403
3 0.792836 0.067647 0.016716 0.017647
0 0.942388 0.284454 0.008955 0.017647
11 0.914328 0.717227 0.008955 0.029412
2 0.702687 0.723950 0.019104 0.017647
3 0.358507 0.539916 0.022090 0.015966
3 0.358209 0.557143 0.017910 0.013445
3 0.292537 0.542857 0.019104 0.018487
6 0.611642 0.126891 0.011343 0.031933
6 0.642090 0.121429 0.011343 0.037815
