3 0.302941 0.910059 0.012605 0.030769
1 0.429412 0.330178 0.075630 0.113609
3 0.471008 0.684615 0.012605 0.034320
2 0.205882 0.924852 0.025210 0.022485
3 0.471008 0.615385 0.014286 0.035503
3 0.915966 0.336686 0.011765 0.031953
2 0.193697 0.381065 0.022689 0.021302
3 0.445378 0.648521 0.026891 0.014201
24 0.163866 0.347929 0.036975 0.037870
4 0.335714 0.373373 0.017647 0.022485
2 0.302941 0.386982 0.024370 0.023669
4 0.172269 0.224852 0.016807 0.028402
1 0.592017 0.347929 0.049580 0.063905
2 0.471008 0.724260 0.024370 0.023669
2 0.268908 0.215976 0.023529 0.022485
4 0.374790 0.265089 0.018487 0.028402
1 0.591176 0.189349 0.049580 0.061538
24 0.221849 0.868047 0.026891 0.053254
4 0.701681 0.353846 0.018487 0.023669
4 0.899580 0.384024 0.019328 0.022485
23 0.942017 0.334911 0.016807 0.023669
2 0.173529 0.262722 0.026050 0.026036
2 0.303782 0.948521 0.026050 0.020118
2 0.513025 0.724852 0.024370 0.022485
2 0.563445 0.422485 0.024370 0.021302
24 0.928992 0.448521 0.036134 0.037870
2 0.899160 0.421893 0.023529 0.022485
2 0.218908 0.216568 0.022689 0.023669
24 0.071849 0.146746 0.036134 0.040237
3 0.154622 0.177515 0.010084 0.033136
2 0.831933 0.376331 0.023529 0.021302
3 0.189076 0.177515 0.011765 0.033136
24 0.084034 0.668047 0.035294 0.046154
2 0.942017 0.375148 0.021849 0.021302
2 0.793697 0.375740 0.024370 0.022485
4 0.302521 0.347337 0.018487 0.022485
2 0.134454 0.381657 0.021849 0.022485
3 0.357563 0.489941 0.027731 0.014201
2 0.311345 0.215976 0.024370 0.022485
2 0.757143 0.375148 0.023529 0.021302
3 0.408824 0.490533 0.024370 0.017751
3 0.881933 0.336095 0.010924 0.033136
24 0.920168 0.166272 0.035294 0.039053
2 0.113866 0.215976 0.024370 0.022485
2 0.895798 0.271598 0.015126 0.027219
2 0.336555 0.410059 0.026050 0.024852
2 0.050840 0.600592 0.022689 0.020118
4 0.310924 0.178107 0.016807 0.027219
2 0.957983 0.482249 0.023529 0.020118
2 0.092437 0.712426 0.020168 0.021302
3 0.303361 0.843787 0.013445 0.033136
4 0.269328 0.178107 0.014286 0.024852
3 0.092857 0.832544 0.012605 0.036686
3 0.344958 0.264497 0.012605 0.036686
4 0.794538 0.337278 0.015966 0.026036
4 0.756723 0.336686 0.017647 0.024852
2 0.411345 0.239053 0.019328 0.021302
3 0.513025 0.684615 0.014286 0.036686
4 0.050840 0.637278 0.019328 0.020118
2 0.898739 0.482249 0.022689 0.022485
6 0.651681 0.284024 0.041176 0.018935
4 0.409664 0.460947 0.021008 0.020118
2 0.541597 0.363905 0.017647 0.020118
2 0.061345 0.688757 0.020168 0.018935
2 0.092437 0.622485 0.020168 0.023669
25 0.218487 0.177515 0.013445 0.033136
3 0.924790 0.272189 0.029412 0.018935
3 0.050840 0.833728 0.012605 0.031953
23 0.113445 0.176923 0.015126 0.029586
6 0.651261 0.311243 0.033613 0.014201
3 0.630672 0.218343 0.027731 0.020118
4 0.492017 0.287574 0.014286 0.018935
3 0.373529 0.178698 0.017647 0.035503
2 0.386134 0.213018 0.019328 0.028402
2 0.373529 0.222485 0.024370 0.023669
2 0.450420 0.234320 0.028571 0.026036
2 0.329832 0.488166 0.015966 0.024852
2 0.652101 0.337870 0.020168 0.022485
35 0.053782 0.895266 0.031933 0.034320
35 0.098319 0.897633 0.036975 0.036686
5 0.500000 0.313018 0.023529 0.034320
4 0.522689 0.334320 0.016807 0.031953
41 0.494538 0.359763 0.017647 0.018935
41 0.495378 0.372189 0.026050 0.017751
3 0.700840 0.302367 0.025210 0.020118
3 0.701681 0.314793 0.023529 0.016568
4 0.670588 0.355621 0.023529 0.031953
3 0.630672 0.383432 0.024370 0.018935
5 0.631513 0.401183 0.015966 0.026036
25 0.831513 0.335503 0.015966 0.036686
43 0.197059 0.602959 0.027731 0.036686
43 0.197059 0.630178 0.024370 0.031953
43 0.195798 0.650296 0.025210 0.031953
43 0.197059 0.673373 0.024370 0.035503
43 0.196218 0.697633 0.027731 0.029586
43 0.275630 0.602959 0.030252 0.031953
43 0.272269 0.631361 0.028571 0.034320
43 0.349160 0.603550 0.029412 0.030769
43 0.348739 0.627219 0.035294 0.026036
43 0.348319 0.652071 0.024370 0.028402
43 0.346639 0.675740 0.027731 0.033136
43 0.349580 0.696450 0.030252 0.034320
41 0.426471 0.254438 0.014286 0.016568
5 0.628992 0.237278 0.019328 0.024852
