1 0.199079 0.081566 0.089758 0.104405
3 0.277906 0.592170 0.017261 0.048940
1 0.756041 0.116639 0.103567 0.092985
1 0.210587 0.486949 0.126582 0.243067
3 0.110472 0.495922 0.036824 0.022838
1 0.704258 0.495922 0.089758 0.078303
2 0.737629 0.190049 0.032221 0.024470
3 0.595512 0.569331 0.035673 0.022838
2 0.261220 0.955954 0.032221 0.026101
4 0.698504 0.317292 0.034522 0.030995
4 0.916571 0.347471 0.024166 0.035889
2 0.150748 0.180261 0.034522 0.027732
4 0.559839 0.347471 0.026467 0.032626
4 0.853855 0.349103 0.025316 0.035889
2 0.559839 0.400489 0.033372 0.027732
6 0.617376 0.313214 0.047181 0.016313
2 0.916571 0.401305 0.033372 0.026101
2 0.570771 0.597064 0.029919 0.026101
3 0.663406 0.569331 0.037975 0.022838
3 0.035673 0.446166 0.029919 0.021207
30 0.261220 0.853997 0.062140 0.132137
4 0.289413 0.128874 0.026467 0.029364
2 0.208285 0.678630 0.034522 0.026101
4 0.207710 0.309951 0.035673 0.035889
3 0.673763 0.088907 0.037975 0.021207
3 0.110472 0.544046 0.036824 0.021207
3 0.841772 0.088907 0.037975 0.021207
3 0.346375 0.096248 0.039125 0.019576
2 0.246835 0.306688 0.019563 0.039152
3 0.789988 0.495922 0.035673 0.022838
6 0.762946 0.349918 0.018412 0.060359
35 0.037399 0.481240 0.028769 0.055465
35 0.039125 0.536705 0.029919 0.058728
22 0.813003 0.319739 0.026467 0.035889
