1 0.158721 0.709821 0.077907 0.242857
1 0.066570 0.121875 0.054070 0.070536
2 0.636628 0.681696 0.017442 0.015179
2 0.929070 0.684821 0.010465 0.025000
1 0.339826 0.146875 0.036628 0.043750
2 0.270930 0.373214 0.017442 0.016071
2 0.070349 0.374107 0.017442 0.016071
4 0.252907 0.179464 0.013953 0.016071
2 0.723547 0.678571 0.015698 0.017857
4 0.095930 0.331696 0.012791 0.013393
1 0.204360 0.146429 0.038953 0.044643
2 0.339826 0.187946 0.015698 0.015179
4 0.305233 0.331250 0.012791 0.014286
4 0.270930 0.331696 0.012791 0.011607
2 0.233721 0.600000 0.010465 0.023214
4 0.386337 0.183482 0.014535 0.015179
2 0.386628 0.213393 0.017442 0.016071
4 0.110756 0.331250 0.011047 0.012500
2 0.203488 0.188393 0.015116 0.014286
4 0.125581 0.183929 0.013953 0.012500
4 0.140407 0.331250 0.011047 0.014286
4 0.288081 0.331696 0.013372 0.011607
2 0.125291 0.213839 0.016860 0.015179
2 0.060756 0.774107 0.011047 0.025000
2 0.252907 0.209375 0.017442 0.016964
2 0.222965 0.699554 0.009884 0.020536
21 0.723547 0.635268 0.013372 0.025893
3 0.207849 0.678125 0.016860 0.013393
2 0.077907 0.788393 0.010465 0.019643
3 0.621802 0.634375 0.009884 0.027679
2 0.088953 0.814732 0.010465 0.022321
23 0.070058 0.330357 0.016860 0.017857
3 0.708721 0.633929 0.008140 0.026786
3 0.822965 0.565625 0.009884 0.025893
2 0.059302 0.688393 0.009302 0.019643
2 0.066570 0.053571 0.015698 0.017857
2 0.073837 0.610714 0.009302 0.023214
35 0.078198 0.687054 0.018023 0.031250
3 0.107267 0.691518 0.015698 0.011607
3 0.107849 0.700446 0.015698 0.013393
4 0.102326 0.674554 0.010465 0.016964
6 0.095640 0.626786 0.025000 0.010714
22 0.096512 0.610268 0.009302 0.018750
4 0.084302 0.774554 0.010465 0.024107
4 0.098547 0.790179 0.008721 0.023214
4 0.107849 0.806696 0.007558 0.018750
4 0.110465 0.816518 0.008140 0.018750
3 0.207558 0.682589 0.015116 0.009821
3 0.207267 0.691518 0.014535 0.011607
2 0.238372 0.683036 0.013953 0.021429
35 0.423256 0.599554 0.015116 0.033036
35 0.419767 0.655357 0.019767 0.033929
35 0.422093 0.691071 0.017442 0.030357
35 0.419477 0.745536 0.016860 0.033929
3 0.421221 0.784375 0.015698 0.015179
3 0.422674 0.829464 0.022093 0.016071
21 0.637209 0.638393 0.012791 0.030357
35 0.802326 0.573214 0.022093 0.025000
29 0.821221 0.617411 0.016860 0.045536
2 0.822965 0.654911 0.018023 0.022321
4 0.839535 0.615179 0.016279 0.014286
49 0.893895 0.650446 0.021512 0.029464
49 0.895640 0.683929 0.022674 0.032143
