2 0.447674 0.262054 0.016279 0.015179
1 0.381105 0.188393 0.050581 0.060714
1 0.093605 0.118750 0.036047 0.075000
4 0.491279 0.160714 0.011628 0.014286
2 0.589244 0.265625 0.016860 0.013393
3 0.342151 0.198214 0.016860 0.012500
2 0.321512 0.197768 0.009302 0.020536
2 0.135465 0.117411 0.010465 0.022321
4 0.495930 0.233036 0.011628 0.019643
0 0.206686 0.067411 0.008721 0.008036
3 0.057558 0.158929 0.017442 0.012500
2 0.035174 0.116964 0.009884 0.021429
2 0.316860 0.132143 0.017442 0.016071
4 0.447965 0.233036 0.014535 0.016071
23 0.266860 0.094196 0.015116 0.018750
4 0.471512 0.233036 0.012791 0.017857
23 0.511047 0.159821 0.013953 0.019643
0 0.511337 0.127679 0.011047 0.012500
3 0.059012 0.080357 0.019186 0.010714
0 0.089535 0.062054 0.011628 0.009821
0 0.091570 0.181696 0.011047 0.015179
3 0.225872 0.078125 0.015698 0.015179
3 0.238663 0.099107 0.009884 0.023214
0 0.239244 0.068750 0.013372 0.016071
35 0.230523 0.139286 0.025000 0.028571
35 0.250291 0.137500 0.025000 0.033929
4 0.295058 0.099554 0.016860 0.011607
4 0.318023 0.097768 0.016279 0.013393
2 0.419477 0.173661 0.015698 0.018750
2 0.419477 0.193304 0.015698 0.018750
22 0.448547 0.164286 0.014535 0.019643
6 0.447093 0.201786 0.009302 0.039286
2 0.492442 0.198661 0.017442 0.022321
30 0.527326 0.236161 0.023256 0.052679
2 0.565988 0.228125 0.013372 0.022321
2 0.565988 0.254911 0.014535 0.024107
35 0.590988 0.238393 0.023837 0.026786
3 0.587791 0.201339 0.010465 0.027679
0 0.587209 0.170089 0.012791 0.016964
44 0.741570 0.202232 0.019186 0.027679
44 0.665407 0.200893 0.022674 0.032143
44 0.823837 0.203125 0.020930 0.031250
44 0.902035 0.201786 0.018023 0.026786
0 0.058430 0.496875 0.009884 0.013393
0 0.108430 0.496429 0.009884 0.014286
2 0.058721 0.542857 0.015116 0.021429
43 0.074709 0.499107 0.015698 0.021429
43 0.074128 0.534821 0.014535 0.021429
43 0.125291 0.499107 0.016860 0.023214
