1 0.210504 0.170414 0.057983 0.097041
1 0.213866 0.507692 0.168908 0.253254
2 0.458403 0.522485 0.024370 0.024852
1 0.416807 0.159172 0.078992 0.074556
4 0.869748 0.211243 0.018487 0.022485
1 0.807563 0.170414 0.063866 0.049704
2 0.159664 0.292899 0.025210 0.024852
24 0.927311 0.401183 0.026050 0.037870
24 0.507563 0.467456 0.025210 0.040237
2 0.765546 0.262130 0.025210 0.024852
3 0.092017 0.224260 0.010924 0.034320
24 0.730252 0.413018 0.025210 0.042604
2 0.344958 0.285207 0.026050 0.026036
3 0.116807 0.224260 0.011765 0.034320
0 0.045378 0.369822 0.013445 0.015385
2 0.063445 0.670414 0.026050 0.024852
4 0.898739 0.187574 0.017647 0.020118
2 0.714286 0.605917 0.021849 0.023669
3 0.054202 0.146154 0.012605 0.034320
24 0.574790 0.189349 0.026891 0.040237
4 0.924370 0.185207 0.018487 0.017751
3 0.635294 0.489349 0.030252 0.015385
3 0.343697 0.224260 0.011765 0.034320
4 0.865126 0.540828 0.019328 0.026036
3 0.832353 0.490533 0.029412 0.013018
2 0.911345 0.605325 0.021008 0.024852
0 0.592437 0.072781 0.015126 0.013018
4 0.668067 0.535503 0.020168 0.024852
4 0.688655 0.182840 0.017647 0.027219
0 0.298319 0.091716 0.015126 0.013018
0 0.911345 0.346154 0.015966 0.015385
4 0.663445 0.182840 0.019328 0.022485
8 0.908403 0.491124 0.033613 0.044970
0 0.924370 0.134320 0.015126 0.013018
8 0.711345 0.491716 0.034454 0.043787
0 0.130252 0.097633 0.015126 0.013018
35 0.057983 0.214201 0.026891 0.030769
35 0.509244 0.136686 0.026891 0.029586
35 0.542017 0.135503 0.030252 0.034320
22 0.618067 0.141420 0.021008 0.029586
22 0.617227 0.102959 0.024370 0.037870
3 0.735714 0.181065 0.024370 0.026036
0 0.713866 0.349704 0.026050 0.029586
62 0.126891 0.425444 0.018487 0.029586
62 0.126050 0.494083 0.016807 0.022485
62 0.126050 0.568047 0.018487 0.028402
62 0.300000 0.424852 0.013445 0.016568
62 0.300420 0.451479 0.014286 0.020118
62 0.300000 0.473964 0.013445 0.015385
62 0.301261 0.497041 0.017647 0.021302
62 0.302521 0.520710 0.016807 0.018935
62 0.300420 0.544970 0.015966 0.020118
62 0.305462 0.570414 0.019328 0.021302
62 0.300840 0.590533 0.018487 0.023669
