1 0.463445 0.163905 0.078151 0.062722
2 0.584454 0.511243 0.022689 0.021302
3 0.046639 0.401775 0.012605 0.036686
2 0.613866 0.233136 0.022689 0.023669
2 0.340756 0.280473 0.022689 0.023669
2 0.731513 0.239053 0.022689 0.026036
2 0.584874 0.416568 0.021849 0.018935
3 0.420168 0.224260 0.013445 0.034320
2 0.206303 0.488757 0.024370 0.021302
3 0.827731 0.155030 0.011765 0.035503
1 0.204202 0.115976 0.100840 0.168047
1 0.081933 0.084024 0.063025 0.089941
2 0.702521 0.238462 0.021849 0.024852
2 0.760924 0.239645 0.021008 0.024852
1 0.903782 0.117751 0.061345 0.072189
1 0.270168 0.424852 0.100000 0.071006
2 0.617647 0.511243 0.023529 0.021302
2 0.285714 0.281065 0.023529 0.024852
2 0.420168 0.281657 0.023529 0.021302
3 0.378151 0.199408 0.011765 0.036686
3 0.442017 0.478107 0.011765 0.035503
4 0.315546 0.205325 0.015966 0.022485
2 0.790756 0.238462 0.023529 0.024852
4 0.870588 0.183432 0.018487 0.026036
2 0.672689 0.239053 0.021008 0.023669
3 0.118067 0.401775 0.012605 0.034320
2 0.315126 0.280473 0.021849 0.023669
2 0.442017 0.528994 0.025210 0.023669
2 0.583613 0.233728 0.022689 0.024852
2 0.492437 0.528994 0.025210 0.023669
2 0.828151 0.239053 0.024370 0.023669
4 0.394538 0.171006 0.010924 0.024852
2 0.617647 0.415976 0.021849 0.020118
4 0.286134 0.206509 0.015966 0.027219
2 0.550840 0.233136 0.024370 0.026036
4 0.731513 0.174556 0.015966 0.031953
23 0.584454 0.185799 0.015966 0.026036
2 0.647479 0.239053 0.021008 0.023669
2 0.462185 0.098225 0.021849 0.021302
4 0.828151 0.201775 0.019328 0.024852
2 0.037815 0.315976 0.021849 0.021302
23 0.340756 0.204734 0.014286 0.030769
4 0.760504 0.176923 0.013445 0.029586
4 0.701681 0.174556 0.015126 0.029586
0 0.647479 0.105325 0.014286 0.014201
2 0.050840 0.150888 0.021008 0.020118
3 0.442017 0.429586 0.013445 0.033136
0 0.492017 0.352071 0.012605 0.013018
2 0.138655 0.214793 0.023529 0.022485
4 0.377731 0.247929 0.019328 0.022485
4 0.672689 0.176331 0.012605 0.026036
2 0.264286 0.215385 0.021008 0.021302
3 0.379832 0.117160 0.026891 0.014201
4 0.549580 0.186982 0.016807 0.023669
2 0.971429 0.093491 0.013445 0.026036
0 0.118067 0.363905 0.014286 0.013018
23 0.789916 0.174556 0.013445 0.031953
0 0.440756 0.351479 0.010924 0.011834
3 0.458824 0.371598 0.028571 0.014201
23 0.614286 0.185207 0.015126 0.024852
2 0.202521 0.216568 0.021849 0.018935
3 0.063866 0.400592 0.011765 0.031953
0 0.029412 0.179290 0.011765 0.013018
0 0.063445 0.362130 0.012605 0.014201
0 0.285294 0.068639 0.014286 0.011834
0 0.045798 0.362722 0.012605 0.013018
0 0.118067 0.511834 0.014286 0.013018
0 0.044958 0.510651 0.012605 0.013018
0 0.613866 0.144379 0.014286 0.014201
2 0.063866 0.517751 0.020168 0.022485
22 0.488235 0.465089 0.023529 0.061538
2 0.649160 0.239053 0.021008 0.028402
16 0.153782 0.287574 0.050420 0.040237
23 0.648739 0.178698 0.013445 0.040237
0 0.118067 0.179290 0.014286 0.013018
0 0.025630 0.033136 0.021008 0.018935
7 0.069748 0.189349 0.028571 0.014201
22 0.068067 0.218343 0.016807 0.022485
22 0.065966 0.243195 0.017647 0.024852
22 0.066807 0.266272 0.017647 0.023669
22 0.064706 0.296450 0.018487 0.024852
24 0.105462 0.241420 0.029412 0.040237
24 0.105042 0.281065 0.030252 0.043787
35 0.047479 0.478698 0.022689 0.034320
35 0.066387 0.482249 0.025210 0.039053
35 0.115126 0.479882 0.025210 0.036686
0 0.168908 0.385799 0.016807 0.023669
0 0.189076 0.386391 0.016807 0.024852
0 0.207983 0.385799 0.017647 0.026036
0 0.330252 0.386391 0.021849 0.020118
0 0.348319 0.386982 0.019328 0.023669
0 0.368908 0.389349 0.021849 0.016568
0 0.395798 0.388166 0.023529 0.023669
6 0.355042 0.143787 0.039496 0.015385
0 0.731092 0.096450 0.018487 0.010651
6 0.805462 0.127219 0.031092 0.013018
18 0.584454 0.379882 0.022689 0.035503
18 0.585294 0.475740 0.022689 0.037870
18 0.617227 0.474556 0.022689 0.037870
18 0.617647 0.380473 0.020168 0.039053
4 0.267647 0.473373 0.021008 0.028402
