1 0.174627 0.689916 0.063881 0.121008
1 0.248358 0.367227 0.051343 0.055462
24 0.464776 0.628992 0.017313 0.031092
3 0.175821 0.384874 0.018507 0.013445
2 0.582687 0.696639 0.017910 0.015126
2 0.241791 0.718908 0.019104 0.015966
24 0.462388 0.709244 0.024478 0.050420
3 0.543284 0.483193 0.010746 0.030252
2 0.740597 0.697059 0.018507 0.015966
2 0.376716 0.436555 0.015522 0.012605
2 0.122687 0.634454 0.014925 0.013445
2 0.403881 0.623950 0.010149 0.021008
3 0.423582 0.386975 0.011343 0.029412
2 0.690149 0.697059 0.019104 0.015966
3 0.238507 0.468487 0.019701 0.012605
2 0.165075 0.525210 0.018507 0.015126
0 0.448060 0.350000 0.013731 0.014286
2 0.295821 0.793277 0.017313 0.016807
2 0.424478 0.475630 0.017910 0.015126
2 0.630448 0.697059 0.017910 0.015966
2 0.081194 0.714286 0.016716 0.015126
3 0.331343 0.737395 0.019104 0.014286
2 0.400896 0.440336 0.016119 0.013445
3 0.176418 0.368067 0.018507 0.013445
6 0.298209 0.367227 0.020896 0.013445
2 0.318209 0.350420 0.009552 0.018487
4 0.376418 0.397899 0.014925 0.012605
4 0.361791 0.396218 0.013134 0.017647
0 0.567761 0.421429 0.013134 0.010924
2 0.101791 0.707143 0.016119 0.014286
2 0.337612 0.483613 0.018507 0.015966
4 0.424179 0.435714 0.014925 0.014286
3 0.331045 0.767227 0.019701 0.013445
0 0.062687 0.644538 0.015522 0.013445
4 0.337015 0.447899 0.016119 0.016807
2 0.132239 0.413025 0.017313 0.015966
3 0.237612 0.498739 0.017910 0.010924
0 0.128955 0.355042 0.016716 0.015966
35 0.192836 0.469328 0.021493 0.026050
35 0.194627 0.500840 0.023881 0.028571
3 0.337313 0.399160 0.010746 0.026891
0 0.376418 0.355462 0.013731 0.018487
4 0.399403 0.390756 0.017910 0.011765
2 0.384478 0.696639 0.016716 0.016807
25 0.079104 0.680672 0.014925 0.025210
0 0.542985 0.371429 0.022090 0.020168
2 0.544179 0.520588 0.013731 0.029412
23 0.623284 0.385294 0.016716 0.027731
15 0.623881 0.431513 0.025075 0.036134
0 0.700896 0.368908 0.020299 0.016807
46 0.582388 0.631933 0.043582 0.068908
46 0.629851 0.631092 0.042985 0.075630
46 0.688358 0.627311 0.045373 0.069748
46 0.740299 0.627731 0.044179 0.068908
2 0.360000 0.442017 0.015522 0.020168
