24 0.360597 0.368487 0.022687 0.026050
1 0.474328 0.840336 0.062687 0.127731
1 0.497313 0.628992 0.064478 0.123529
1 0.561194 0.271849 0.090746 0.136975
1 0.847164 0.240336 0.053731 0.117647
1 0.084478 0.616807 0.060299 0.117647
24 0.360896 0.284454 0.022090 0.026050
1 0.085075 0.826471 0.061493 0.116807
2 0.507164 0.932353 0.017313 0.014286
2 0.555821 0.122689 0.013134 0.013445
3 0.540299 0.786975 0.019104 0.010924
1 0.844478 0.362605 0.032836 0.056303
26 0.249851 0.120588 0.025672 0.036134
24 0.208955 0.074790 0.028657 0.025210
1 0.740000 0.331092 0.032836 0.057143
2 0.564776 0.457563 0.016716 0.012605
4 0.149552 0.615126 0.013731 0.015126
2 0.188955 0.858824 0.017313 0.015126
4 0.340896 0.821429 0.014328 0.012605
3 0.420000 0.575630 0.008955 0.023529
2 0.881791 0.247479 0.014328 0.012605
2 0.542985 0.122689 0.014925 0.013445
3 0.566866 0.577311 0.018507 0.013445
7 0.229851 0.152101 0.009552 0.026891
4 0.197313 0.425630 0.011343 0.015966
2 0.528358 0.721849 0.016716 0.013445
2 0.658209 0.225210 0.008955 0.018487
4 0.322687 0.610504 0.012537 0.012605
4 0.646866 0.084874 0.013731 0.015126
4 0.197612 0.286134 0.011940 0.017647
4 0.197313 0.257983 0.010149 0.018487
2 0.188657 0.647899 0.016716 0.015126
3 0.456716 0.694538 0.009552 0.026050
2 0.421194 0.505462 0.014925 0.012605
4 0.480896 0.296218 0.012537 0.015966
4 0.197612 0.392017 0.011940 0.017647
4 0.794627 0.328571 0.010746 0.011765
24 0.354925 0.171008 0.037612 0.029412
4 0.278209 0.822269 0.014328 0.010924
4 0.378507 0.610084 0.013134 0.015126
4 0.399104 0.748739 0.014925 0.018487
4 0.278209 0.610924 0.013134 0.011765
4 0.185373 0.139076 0.013731 0.017647
4 0.145970 0.823950 0.012537 0.017647
4 0.319403 0.821429 0.013134 0.012605
4 0.197313 0.362605 0.010149 0.017647
2 0.615224 0.192017 0.014925 0.010924
2 0.039701 0.872269 0.011343 0.023529
23 0.164776 0.615126 0.013134 0.013445
4 0.349552 0.610504 0.012537 0.014286
3 0.582090 0.396218 0.013134 0.024370
23 0.161791 0.825210 0.013134 0.016807
4 0.362090 0.821008 0.013731 0.015126
4 0.186866 0.825210 0.014328 0.013445
4 0.772836 0.186555 0.011343 0.013445
3 0.605373 0.380252 0.019104 0.012605
2 0.722985 0.135714 0.013134 0.010924
4 0.197313 0.228992 0.010149 0.015966
2 0.040000 0.662605 0.010746 0.022689
2 0.047164 0.498319 0.009552 0.018487
4 0.229254 0.560924 0.015522 0.015966
7 0.209552 0.163866 0.009552 0.025210
3 0.707463 0.311765 0.017910 0.016807
2 0.818209 0.156303 0.010149 0.018487
3 0.156418 0.090336 0.019104 0.012605
4 0.299104 0.610924 0.013134 0.010084
4 0.776119 0.328992 0.013134 0.014286
4 0.540597 0.648319 0.013731 0.015966
3 0.134627 0.155882 0.008955 0.027731
4 0.438507 0.610084 0.013731 0.016807
3 0.540000 0.812605 0.019701 0.013445
2 0.506567 0.776050 0.013731 0.012605
2 0.039701 0.569748 0.011343 0.020168
4 0.539104 0.695378 0.014328 0.014286
4 0.299104 0.821429 0.013134 0.010924
2 0.399403 0.718487 0.014328 0.013445
2 0.039403 0.779832 0.011940 0.021849
23 0.196716 0.316807 0.012537 0.018487
4 0.722687 0.162185 0.012537 0.016807
0 0.218209 0.230252 0.007761 0.018487
3 0.567164 0.600000 0.019104 0.013445
2 0.540299 0.565126 0.013134 0.014286
4 0.536119 0.859664 0.013134 0.013445
4 0.508060 0.906303 0.013134 0.014286
4 0.417313 0.821429 0.015522 0.017647
4 0.229851 0.771008 0.015522 0.017647
22 0.169851 0.157143 0.010149 0.021849
23 0.584478 0.694538 0.015522 0.024370
3 0.647463 0.118067 0.010149 0.024370
2 0.802687 0.380672 0.010149 0.015126
3 0.436119 0.905462 0.011343 0.022689
4 0.677015 0.178571 0.014328 0.017647
4 0.460000 0.256303 0.012537 0.015126
3 0.229851 0.594538 0.020299 0.012605
4 0.790448 0.187395 0.010746 0.011765
4 0.558209 0.648739 0.011940 0.015126
4 0.420299 0.535714 0.014328 0.019328
4 0.708060 0.203782 0.009552 0.014286
3 0.152537 0.155882 0.008955 0.027731
2 0.544179 0.879412 0.010149 0.017647
2 0.707761 0.338235 0.011343 0.019328
23 0.545970 0.904622 0.014925 0.019328
8 0.133731 0.117227 0.017910 0.027731
4 0.803881 0.186555 0.013731 0.011765
2 0.178507 0.228151 0.009552 0.017647
4 0.722985 0.283193 0.011940 0.013445
2 0.797910 0.311765 0.012537 0.015126
6 0.396716 0.592857 0.023284 0.010924
4 0.193134 0.824790 0.017313 0.014286
3 0.229851 0.804202 0.019104 0.015126
4 0.187164 0.613866 0.013731 0.012605
2 0.555224 0.423950 0.014328 0.010924
4 0.129851 0.092857 0.010149 0.017647
2 0.111045 0.115546 0.011940 0.022689
28 0.168060 0.197899 0.025672 0.019328
3 0.068955 0.457983 0.019701 0.015126
3 0.069254 0.498739 0.019104 0.014286
35 0.092836 0.454202 0.017313 0.027731
35 0.093134 0.497899 0.019104 0.031092
42 0.046866 0.457563 0.019701 0.015966
42 0.118507 0.482773 0.016119 0.014286
4 0.197910 0.465966 0.010149 0.019328
23 0.198209 0.503361 0.013134 0.023529
4 0.201493 0.617227 0.013731 0.012605
2 0.279104 0.643697 0.017313 0.018487
23 0.259701 0.615126 0.013134 0.018487
41 0.182985 0.596639 0.013731 0.008403
23 0.260299 0.822269 0.011940 0.015966
2 0.279104 0.857143 0.017313 0.021849
41 0.181493 0.805882 0.013134 0.015126
6 0.381791 0.807143 0.026866 0.012605
3 0.400597 0.788655 0.010746 0.026050
4 0.423284 0.902941 0.020299 0.015966
4 0.519701 0.862185 0.012537 0.010084
4 0.525672 0.907563 0.014925 0.011765
35 0.565075 0.795798 0.014925 0.026891
35 0.565672 0.821008 0.017313 0.028571
35 0.591940 0.584454 0.011343 0.027731
35 0.592239 0.612185 0.013134 0.029412
4 0.443881 0.693277 0.011343 0.011765
2 0.480000 0.325630 0.016716 0.019328
2 0.638507 0.344958 0.018507 0.021008
42 0.452537 0.276050 0.019104 0.017647
42 0.502985 0.255882 0.018507 0.012605
42 0.503582 0.265546 0.020896 0.013445
42 0.502687 0.289076 0.014328 0.011765
42 0.502388 0.299160 0.018507 0.011765
42 0.542985 0.352941 0.008955 0.020168
42 0.549552 0.351681 0.010149 0.019328
42 0.567463 0.355882 0.012537 0.022689
42 0.634925 0.383193 0.017313 0.015126
42 0.642687 0.289076 0.013731 0.010084
42 0.617910 0.299580 0.017910 0.012605
42 0.617612 0.248739 0.017313 0.013445
42 0.618806 0.256303 0.017313 0.011765
42 0.617910 0.265126 0.017910 0.010924
42 0.617910 0.271849 0.016716 0.009244
42 0.617313 0.280672 0.014328 0.013445
42 0.586269 0.201681 0.016716 0.013445
42 0.542388 0.190756 0.008955 0.018487
42 0.548955 0.192437 0.008955 0.018487
42 0.555224 0.190756 0.008358 0.021849
42 0.562090 0.190756 0.007761 0.023529
42 0.566567 0.189916 0.009552 0.026891
42 0.573134 0.191176 0.009552 0.021008
42 0.595224 0.134454 0.017910 0.018487
42 0.595821 0.169328 0.019104 0.017647
42 0.607463 0.150840 0.016119 0.014286
42 0.695522 0.210924 0.010746 0.023529
42 0.695224 0.306303 0.010149 0.024370
42 0.722985 0.217647 0.011940 0.021849
42 0.718806 0.305882 0.008358 0.016807
42 0.764776 0.297059 0.014328 0.022689
42 0.773731 0.213866 0.013134 0.021008
42 0.743284 0.205882 0.008358 0.018487
42 0.802090 0.365126 0.017313 0.012605
42 0.808060 0.337395 0.008955 0.019328
42 0.814030 0.213445 0.014925 0.011765
42 0.813433 0.222269 0.016119 0.012605
42 0.813134 0.230252 0.015522 0.010084
42 0.815224 0.247899 0.018507 0.013445
42 0.814328 0.263445 0.015522 0.012605
42 0.812537 0.273109 0.015522 0.011765
42 0.814030 0.281092 0.014925 0.014286
2 0.722388 0.253361 0.013134 0.009244
8 0.743582 0.181513 0.022090 0.028571
23 0.679701 0.209664 0.011343 0.017647
4 0.677015 0.243697 0.009552 0.018487
4 0.677910 0.263866 0.008955 0.020168
4 0.677910 0.291176 0.007761 0.019328
4 0.677910 0.308824 0.007761 0.017647
4 0.678209 0.330252 0.008358 0.013445
23 0.679701 0.352521 0.011343 0.021008
4 0.611642 0.316387 0.016119 0.009244
4 0.635224 0.306723 0.014328 0.013445
23 0.581791 0.433613 0.012537 0.013445
23 0.562985 0.411765 0.013134 0.008403
3 0.554925 0.400840 0.010149 0.025210
4 0.543284 0.151261 0.015522 0.010084
4 0.556418 0.151261 0.013134 0.010084
8 0.614030 0.131933 0.018507 0.026891
8 0.614328 0.166807 0.020299 0.022689
0 0.614925 0.112185 0.014328 0.007563
6 0.660597 0.148739 0.023284 0.008403
4 0.197612 0.344538 0.011940 0.018487
2 0.567164 0.671429 0.014328 0.020168
2 0.591940 0.344538 0.010149 0.020168
2 0.649254 0.062185 0.016119 0.013445
3 0.708358 0.180672 0.016119 0.010084
3 0.707761 0.188235 0.016119 0.010084
