1 0.463445 0.163905 0.078151 0.062722
2 0.823950 0.239645 0.024370 0.024852
2 0.340756 0.280473 0.022689 0.023669
1 0.082353 0.084615 0.060504 0.088757
2 0.420168 0.281065 0.023529 0.022485
3 0.420168 0.224852 0.013445 0.035503
1 0.204202 0.117160 0.100840 0.165680
2 0.285714 0.280473 0.023529 0.026036
3 0.378151 0.199408 0.011765 0.036686
2 0.752941 0.238462 0.023529 0.024852
2 0.684874 0.239645 0.023529 0.024852
2 0.315126 0.280473 0.021849 0.023669
2 0.785714 0.239645 0.023529 0.024852
4 0.315546 0.204734 0.015966 0.023669
2 0.723109 0.238462 0.021008 0.024852
2 0.613866 0.221893 0.022689 0.020118
1 0.899580 0.117751 0.061345 0.072189
4 0.823529 0.201183 0.018487 0.023669
2 0.652101 0.239053 0.023529 0.023669
2 0.584874 0.222485 0.021849 0.023669
2 0.051261 0.151479 0.021849 0.021302
4 0.286134 0.206509 0.015966 0.027219
4 0.684454 0.176331 0.014286 0.035503
4 0.394538 0.171006 0.010924 0.024852
2 0.462185 0.098225 0.021849 0.021302
2 0.551261 0.221893 0.023529 0.022485
23 0.584454 0.181065 0.015966 0.026036
3 0.823529 0.154438 0.011765 0.034320
23 0.613866 0.179290 0.014286 0.024852
2 0.967647 0.093491 0.014286 0.026036
23 0.651261 0.175148 0.013445 0.030769
23 0.340756 0.204734 0.014286 0.030769
4 0.722269 0.175740 0.014286 0.036686
2 0.264286 0.215976 0.021008 0.022485
3 0.379832 0.117160 0.026891 0.014201
4 0.865966 0.182840 0.017647 0.027219
2 0.039076 0.303550 0.024370 0.024852
4 0.752101 0.174556 0.015126 0.024852
2 0.139496 0.215976 0.023529 0.020118
4 0.377731 0.248521 0.019328 0.023669
4 0.550420 0.182840 0.016807 0.022485
23 0.785294 0.176923 0.014286 0.031953
2 0.202521 0.216568 0.021849 0.018935
0 0.651681 0.103550 0.012605 0.013018
16 0.145798 0.262130 0.049580 0.041420
0 0.613866 0.143787 0.014286 0.013018
0 0.029412 0.186982 0.013445 0.014201
22 0.063866 0.194083 0.021849 0.028402
22 0.065966 0.217751 0.015966 0.023669
22 0.067227 0.239053 0.018487 0.023669
22 0.065966 0.271598 0.021008 0.031953
6 0.357983 0.147929 0.035294 0.014201
6 0.802521 0.123077 0.036975 0.018935
