1 0.120597 0.205042 0.053731 0.112605
3 0.395224 0.423109 0.021493 0.015966
1 0.514030 0.379832 0.134925 0.193277
4 0.593731 0.262185 0.010149 0.020168
3 0.395522 0.405042 0.019701 0.013445
3 0.107761 0.626471 0.010149 0.026050
3 0.432836 0.679412 0.020299 0.012605
3 0.128657 0.841176 0.018507 0.013445
2 0.645373 0.489916 0.017910 0.015126
2 0.246567 0.678571 0.011940 0.021008
2 0.134328 0.664706 0.016716 0.013445
2 0.239701 0.327311 0.017313 0.014286
2 0.108060 0.663866 0.016716 0.013445
3 0.645373 0.450840 0.009552 0.026050
2 0.891343 0.233613 0.010746 0.020168
4 0.594328 0.240336 0.008955 0.016807
2 0.074925 0.326471 0.018507 0.014286
2 0.635224 0.321008 0.011940 0.021849
2 0.691642 0.439076 0.013731 0.012605
2 0.706866 0.439916 0.014328 0.019328
4 0.593731 0.283193 0.010149 0.021849
4 0.722687 0.402101 0.012537 0.015966
2 0.166866 0.326891 0.016119 0.013445
2 0.722090 0.439496 0.013731 0.020168
3 0.462985 0.261765 0.019701 0.010924
4 0.593134 0.219748 0.010149 0.015966
0 0.507463 0.176050 0.013134 0.010924
3 0.286567 0.678571 0.022687 0.014286
4 0.707463 0.401681 0.013134 0.013445
3 0.623881 0.421429 0.021493 0.012605
4 0.605672 0.452101 0.016119 0.015126
21 0.134030 0.627311 0.012537 0.026050
2 0.240000 0.843277 0.011940 0.021008
4 0.441791 0.228992 0.015522 0.014286
4 0.593731 0.198739 0.010149 0.017647
2 0.634925 0.284454 0.012537 0.021008
4 0.692537 0.401681 0.013134 0.011765
2 0.221194 0.327731 0.013731 0.013445
2 0.390149 0.843277 0.011343 0.021008
0 0.173433 0.136555 0.012537 0.010924
0 0.721791 0.336975 0.013134 0.011765
2 0.634925 0.260924 0.011343 0.017647
4 0.604776 0.405462 0.014328 0.017647
2 0.606567 0.489916 0.016716 0.015126
2 0.185373 0.326891 0.013731 0.013445
2 0.203582 0.327731 0.013134 0.011765
6 0.663582 0.370168 0.028060 0.009244
2 0.909254 0.733613 0.011940 0.020168
2 0.634925 0.240336 0.011343 0.016807
25 0.185075 0.261765 0.017910 0.027731
25 0.202985 0.260504 0.014328 0.025210
3 0.221194 0.263025 0.012537 0.031933
3 0.239403 0.260504 0.013134 0.028571
35 0.360000 0.407143 0.016716 0.027731
35 0.358806 0.426891 0.019104 0.030252
2 0.323284 0.404622 0.011343 0.022689
2 0.322090 0.423109 0.014925 0.021008
2 0.424179 0.263866 0.013731 0.020168
3 0.462687 0.201261 0.013134 0.017647
0 0.424776 0.202521 0.013731 0.021849
2 0.637313 0.202941 0.018507 0.022689
2 0.634627 0.223109 0.014328 0.024370
3 0.748955 0.400840 0.007761 0.026891
75 0.926866 0.151261 0.017313 0.021849
75 0.926269 0.170588 0.020896 0.021849
75 0.928060 0.193697 0.016119 0.021008
75 0.927463 0.214706 0.018507 0.021008
75 0.926866 0.235714 0.019701 0.022689
24 0.800000 0.192437 0.020299 0.030252
24 0.838507 0.194118 0.020896 0.026891
0 0.800597 0.152101 0.008358 0.013445
0 0.838806 0.151261 0.008358 0.015126
0 0.801791 0.239496 0.013134 0.011765
0 0.838507 0.239076 0.010149 0.014286
0 0.895522 0.150840 0.010746 0.017647
0 0.896418 0.082353 0.005373 0.011765
0 0.820000 0.081933 0.006567 0.012605
3 0.852537 0.082773 0.017910 0.014286
3 0.851642 0.096218 0.018507 0.015966
22 0.789552 0.647059 0.017313 0.028571
22 0.787761 0.704202 0.016119 0.020168
25 0.850448 0.705882 0.008955 0.020168
25 0.850448 0.645798 0.011343 0.026050
0 0.908060 0.619328 0.005970 0.016807
0 0.907463 0.675210 0.009552 0.019328
2 0.087463 0.842857 0.016119 0.025210
2 0.392836 0.680252 0.016716 0.029412
3 0.282687 0.845798 0.024478 0.015966
3 0.429254 0.842857 0.023881 0.015126
