1 0.401261 0.215385 0.083193 0.068639
18 0.390756 0.516568 0.021849 0.034320
1 0.174370 0.305917 0.054622 0.084024
1 0.173950 0.099408 0.062185 0.085207
18 0.344538 0.516568 0.020168 0.031953
4 0.509244 0.175740 0.016807 0.015385
3 0.340756 0.139645 0.012605 0.035503
3 0.441597 0.289349 0.014286 0.039053
2 0.515546 0.348521 0.019328 0.029586
4 0.533613 0.175148 0.016807 0.016568
4 0.310504 0.139645 0.015966 0.018935
4 0.457983 0.176331 0.018487 0.016568
3 0.542017 0.234911 0.011765 0.031953
2 0.590756 0.305917 0.016807 0.029586
2 0.168487 0.366864 0.014286 0.026036
3 0.327311 0.263905 0.010924 0.035503
4 0.482773 0.175740 0.017647 0.015385
2 0.399580 0.126036 0.024370 0.024852
29 0.475630 0.353254 0.033613 0.022485
2 0.274370 0.212426 0.015966 0.029586
2 0.139076 0.232544 0.021008 0.020118
4 0.541176 0.281065 0.018487 0.022485
2 0.226050 0.094675 0.016807 0.028402
0 0.571849 0.191716 0.012605 0.011834
4 0.341176 0.094675 0.020168 0.023669
2 0.129832 0.146154 0.021008 0.017751
2 0.130252 0.055030 0.016807 0.020118
4 0.579412 0.252663 0.015966 0.027219
0 0.616387 0.213018 0.010924 0.016568
0 0.328151 0.298817 0.015966 0.013018
2 0.311765 0.055030 0.020168 0.020118
35 0.301261 0.205917 0.024370 0.047337
6 0.517647 0.210059 0.028571 0.010651
0 0.119328 0.080473 0.013445 0.018935
0 0.119328 0.115976 0.011765 0.018935
3 0.078571 0.094083 0.022689 0.015385
3 0.080252 0.106509 0.026050 0.014201
0 0.139496 0.346154 0.020168 0.017751
0 0.300420 0.163314 0.014286 0.021302
