1 0.623950 0.327811 0.091597 0.179882
2 0.871849 0.265680 0.015966 0.029586
1 0.236555 0.336095 0.063025 0.087574
3 0.554622 0.372189 0.026891 0.017751
3 0.555042 0.337278 0.026050 0.018935
24 0.823950 0.305917 0.031092 0.039053
2 0.723529 0.700592 0.025210 0.018935
3 0.697899 0.446746 0.012605 0.039053
4 0.500840 0.264497 0.018487 0.022485
24 0.823529 0.234320 0.030252 0.035503
3 0.681092 0.507692 0.012605 0.037870
2 0.689916 0.320710 0.021849 0.021302
2 0.676891 0.214793 0.024370 0.020118
2 0.147059 0.380473 0.025210 0.020118
2 0.500000 0.298225 0.023529 0.018935
3 0.786134 0.501183 0.012605 0.041420
4 0.677731 0.247337 0.019328 0.018935
2 0.286975 0.380473 0.022689 0.020118
3 0.559244 0.217751 0.014286 0.035503
3 0.184874 0.334320 0.026891 0.020118
2 0.621849 0.445562 0.026891 0.017751
3 0.760084 0.446746 0.014286 0.039053
2 0.690336 0.350888 0.021008 0.017751
3 0.731092 0.507692 0.013445 0.040237
30 0.728571 0.649704 0.053782 0.068639
3 0.185294 0.342012 0.026050 0.018935
2 0.689916 0.350888 0.021849 0.017751
51 0.294538 0.306509 0.037815 0.023669
42 0.536555 0.190533 0.032773 0.030769
35 0.513866 0.349112 0.032773 0.035503
35 0.528992 0.317160 0.026050 0.033136
