1 0.252407 0.442324 0.034898 0.027142
1 0.456679 0.442324 0.036101 0.026293
1 0.251805 0.549830 0.034898 0.028414
1 0.456980 0.552163 0.033694 0.027142
1 0.252407 0.320399 0.034898 0.029262
1 0.457732 0.322519 0.033394 0.026718
2 0.434116 0.493427 0.007822 0.008906
2 0.478640 0.493639 0.008424 0.008482
2 0.228791 0.492578 0.008123 0.008906
4 0.229693 0.474979 0.006919 0.011874
0 0.156889 0.212892 0.008123 0.005937
35 0.168923 0.217345 0.008123 0.013995
3 0.183213 0.219678 0.010830 0.010178
2 0.198105 0.226463 0.010529 0.011026
2 0.158845 0.245335 0.010229 0.011450
24 0.157942 0.277990 0.014440 0.023325
0 0.157190 0.256997 0.009326 0.009330
2 0.207280 0.363020 0.008424 0.012723
2 0.219164 0.363232 0.009326 0.011450
2 0.228791 0.375106 0.008724 0.013147
2 0.273917 0.375954 0.010529 0.012299
2 0.285951 0.303435 0.011131 0.012299
0 0.298135 0.306616 0.007822 0.008482
3 0.207130 0.338634 0.006919 0.013995
4 0.228640 0.355598 0.009025 0.007209
0 0.231949 0.338846 0.004813 0.008482
4 0.273165 0.350721 0.009627 0.008482
0 0.276925 0.334606 0.004513 0.010178
3 0.292118 0.338210 0.006619 0.013995
3 0.310018 0.338634 0.005716 0.015691
35 0.289711 0.358779 0.009627 0.012723
35 0.307762 0.357930 0.012034 0.013571
0 0.301444 0.381467 0.007822 0.006361
2 0.207280 0.481340 0.009025 0.010178
2 0.219615 0.481552 0.007220 0.010602
2 0.273466 0.494699 0.009025 0.009754
0 0.300842 0.500636 0.006619 0.006361
2 0.285650 0.418787 0.008123 0.010602
3 0.206980 0.457803 0.006619 0.015691
0 0.231949 0.456107 0.004212 0.005513
0 0.277226 0.452714 0.003911 0.006361
4 0.274218 0.469678 0.006919 0.007209
3 0.291968 0.457591 0.006318 0.016115
3 0.310168 0.456955 0.006017 0.013147
35 0.289711 0.477523 0.012034 0.014419
35 0.308363 0.476887 0.012034 0.013147
0 0.297834 0.425360 0.006619 0.007634
2 0.207581 0.592663 0.008424 0.013147
2 0.219314 0.590331 0.008424 0.012723
2 0.228941 0.603265 0.008424 0.013147
2 0.273616 0.603053 0.008123 0.012723
4 0.228640 0.583969 0.009025 0.006785
3 0.207431 0.566794 0.005114 0.014843
3 0.291366 0.566794 0.006318 0.015691
3 0.310319 0.567218 0.005114 0.013147
4 0.273616 0.579729 0.007521 0.006785
0 0.232702 0.566794 0.005716 0.007209
0 0.277377 0.563401 0.004813 0.011450
35 0.290313 0.587150 0.009627 0.013147
35 0.307461 0.587150 0.010830 0.012299
0 0.300993 0.610687 0.006318 0.006785
0 0.297834 0.536472 0.007220 0.005937
2 0.285650 0.530958 0.008724 0.008482
26 0.338147 0.353053 0.010830 0.019084
26 0.337545 0.469678 0.009627 0.021628
26 0.338297 0.580789 0.011131 0.024173
2 0.348977 0.342451 0.008424 0.012299
2 0.348676 0.461408 0.008424 0.013571
2 0.348827 0.572095 0.006919 0.012723
0 0.349278 0.360475 0.008424 0.007634
0 0.349729 0.479644 0.009326 0.008482
0 0.349428 0.589907 0.009928 0.007634
2 0.412605 0.363656 0.007521 0.011450
2 0.423736 0.362807 0.008724 0.009754
2 0.432762 0.375742 0.010529 0.010178
2 0.478490 0.374894 0.009326 0.013571
2 0.412605 0.482188 0.009928 0.011026
2 0.423887 0.481552 0.009025 0.012299
2 0.412605 0.592027 0.008724 0.013571
2 0.423887 0.591391 0.010229 0.013995
2 0.432912 0.605386 0.009627 0.016539
2 0.477888 0.604326 0.010529 0.014419
2 0.491276 0.529474 0.009025 0.013147
2 0.490674 0.418787 0.008424 0.012299
2 0.490373 0.301315 0.009627 0.013995
3 0.412605 0.339483 0.005114 0.013995
4 0.433965 0.354538 0.009326 0.008482
4 0.478490 0.351145 0.006919 0.007634
3 0.496691 0.339271 0.006017 0.012723
3 0.514290 0.337998 0.005716 0.011874
0 0.502106 0.307252 0.008424 0.007209
35 0.495036 0.357930 0.011733 0.009330
35 0.511883 0.357718 0.010529 0.009754
0 0.504964 0.381679 0.005716 0.005937
0 0.502106 0.426209 0.007220 0.005937
35 0.495487 0.477311 0.012034 0.010602
35 0.513087 0.476675 0.010529 0.011026
3 0.412154 0.456743 0.005415 0.015267
3 0.496540 0.456955 0.006318 0.015691
3 0.514290 0.456319 0.005114 0.013571
4 0.432912 0.474343 0.007220 0.006361
4 0.478039 0.469678 0.007220 0.007209
0 0.436673 0.458015 0.006919 0.006785
0 0.481649 0.453774 0.005415 0.008482
3 0.412004 0.568278 0.005716 0.014419
0 0.436522 0.568066 0.004212 0.007209
0 0.481649 0.563613 0.005415 0.009330
4 0.432762 0.585878 0.008724 0.008906
4 0.478490 0.579729 0.009326 0.007634
3 0.495939 0.567430 0.007521 0.015267
3 0.514440 0.567006 0.006017 0.014419
35 0.495187 0.587574 0.009627 0.012299
35 0.512485 0.587150 0.012335 0.012299
0 0.505716 0.611323 0.010830 0.007209
0 0.502106 0.535199 0.007822 0.008482
0 0.505866 0.500212 0.009326 0.007209
26 0.543171 0.350085 0.010529 0.022477
26 0.542569 0.469890 0.009928 0.022901
26 0.543472 0.580365 0.011131 0.021628
2 0.553400 0.341603 0.008724 0.010602
2 0.553700 0.461408 0.010529 0.012723
2 0.554001 0.572731 0.008724 0.010602
0 0.553400 0.360475 0.006318 0.007634
0 0.554001 0.480068 0.007521 0.005937
0 0.553700 0.589907 0.008123 0.009330
0 0.436071 0.339059 0.008123 0.010602
0 0.479994 0.334394 0.005114 0.005513
