1 0.922090 0.565546 0.056716 0.085714
1 0.216418 0.592017 0.190448 0.246218
1 0.922090 0.250420 0.056716 0.085714
1 0.152537 0.165126 0.068657 0.138655
3 0.793731 0.753361 0.008955 0.026050
1 0.922090 0.410084 0.056716 0.085714
1 0.922388 0.095378 0.056119 0.089916
3 0.656418 0.265966 0.008955 0.026050
2 0.659701 0.137815 0.016716 0.013445
1 0.400597 0.163445 0.109851 0.150420
3 0.659701 0.105042 0.009552 0.026891
2 0.310746 0.276471 0.017313 0.015126
2 0.863582 0.788235 0.017313 0.015126
2 0.657313 0.296218 0.017910 0.014286
4 0.794627 0.084454 0.013134 0.015966
3 0.334627 0.647899 0.020896 0.013445
1 0.689851 0.233193 0.038806 0.037815
2 0.657313 0.452521 0.016716 0.014286
2 0.842090 0.788655 0.017313 0.014286
2 0.794627 0.788655 0.019104 0.015966
2 0.752537 0.296639 0.017313 0.013445
2 0.752537 0.452941 0.017313 0.013445
1 0.689851 0.389076 0.038806 0.036975
3 0.794627 0.712185 0.009552 0.024370
3 0.280896 0.240336 0.010149 0.026891
2 0.281194 0.276050 0.017910 0.014286
14 0.901493 0.720168 0.033433 0.036975
4 0.794627 0.399580 0.013134 0.014286
2 0.958806 0.788655 0.016716 0.014286
1 0.686567 0.542857 0.038209 0.036975
1 0.691940 0.071849 0.037015 0.037815
4 0.794925 0.239496 0.013731 0.013445
3 0.656716 0.421429 0.008358 0.024370
2 0.827164 0.297059 0.017313 0.014286
4 0.710448 0.748319 0.013134 0.021008
3 0.728060 0.105462 0.008955 0.027731
2 0.752836 0.609244 0.016716 0.013445
2 0.654030 0.608824 0.017313 0.014286
2 0.827164 0.615546 0.016119 0.012605
2 0.710448 0.788655 0.019104 0.015966
2 0.826866 0.457563 0.017910 0.014286
3 0.683582 0.748319 0.010746 0.026050
2 0.937612 0.788655 0.017313 0.015966
3 0.653433 0.576050 0.008955 0.026050
4 0.542687 0.143277 0.014328 0.022689
2 0.194328 0.954202 0.019701 0.017647
3 0.504179 0.152521 0.019701 0.012605
4 0.814925 0.084874 0.013134 0.015126
2 0.827164 0.143277 0.016119 0.012605
3 0.309552 0.241176 0.011343 0.026891
4 0.031940 0.900840 0.012537 0.018487
3 0.722090 0.576471 0.008955 0.028571
4 0.257015 0.899160 0.012537 0.011765
0 0.069254 0.176471 0.011940 0.010084
4 0.814328 0.241176 0.011940 0.016807
0 0.793731 0.681092 0.010149 0.010924
2 0.131343 0.431933 0.016716 0.015126
2 0.752239 0.139076 0.015522 0.012605
2 0.432836 0.636134 0.016716 0.015126
4 0.096119 0.899580 0.011940 0.014286
0 0.721791 0.613866 0.009552 0.010924
0 0.240597 0.386975 0.010746 0.012605
4 0.814925 0.400000 0.014328 0.013445
2 0.543582 0.178992 0.018507 0.015126
4 0.235224 0.899160 0.011940 0.011765
4 0.151940 0.899160 0.012537 0.011765
4 0.115522 0.900000 0.011343 0.015126
4 0.319403 0.899580 0.011940 0.014286
3 0.504478 0.136555 0.019104 0.012605
4 0.194627 0.899160 0.011940 0.011765
0 0.182090 0.810924 0.010746 0.011765
0 0.047164 0.539076 0.008358 0.012605
2 0.400299 0.066387 0.016119 0.013445
4 0.172836 0.899160 0.012537 0.013445
4 0.214627 0.904202 0.011343 0.020168
4 0.277910 0.898739 0.012537 0.010924
4 0.340000 0.899160 0.012537 0.011765
0 0.277313 0.861345 0.011343 0.010084
4 0.053433 0.899580 0.012537 0.012605
0 0.235522 0.134454 0.012537 0.011765
3 0.170448 0.433193 0.010149 0.029412
4 0.794925 0.557563 0.013731 0.019328
0 0.644478 0.205882 0.010149 0.010084
4 0.814627 0.555042 0.012537 0.017647
4 0.361791 0.899160 0.013134 0.013445
0 0.728657 0.137815 0.008955 0.011765
0 0.709254 0.681092 0.010746 0.009244
4 0.298507 0.899160 0.011940 0.013445
2 0.194627 0.080252 0.017910 0.015966
3 0.710448 0.707563 0.009552 0.025210
0 0.751940 0.206723 0.011343 0.008403
0 0.542687 0.108403 0.009552 0.011765
25 0.776119 0.413025 0.011940 0.024370
4 0.863582 0.749580 0.013731 0.016807
0 0.794328 0.046218 0.010149 0.011765
4 0.381194 0.899580 0.011343 0.015966
0 0.235224 0.176050 0.010746 0.012605
2 0.110746 0.080672 0.016119 0.015126
0 0.725970 0.458403 0.011940 0.012605
0 0.751940 0.363025 0.011343 0.010084
0 0.752836 0.046218 0.010746 0.011765
2 0.110448 0.237395 0.016716 0.015966
0 0.074328 0.861345 0.012537 0.010084
0 0.076119 0.861765 0.012537 0.010924
0 0.176716 0.386134 0.011940 0.010924
25 0.032836 0.181513 0.013134 0.028571
0 0.047463 0.642437 0.011343 0.014286
0 0.032537 0.130252 0.019701 0.018487
2 0.197612 0.241176 0.020299 0.018487
3 0.503881 0.147059 0.022687 0.013445
2 0.516716 0.228151 0.022090 0.026050
3 0.218507 0.436975 0.009552 0.021849
3 0.223582 0.436555 0.011343 0.026050
0 0.211343 0.384874 0.016716 0.020168
0 0.047761 0.566807 0.013134 0.014286
0 0.048060 0.590756 0.014925 0.016807
0 0.049254 0.615126 0.017313 0.013445
0 0.227761 0.818067 0.013731 0.019328
3 0.335522 0.605042 0.020299 0.018487
0 0.376418 0.544958 0.011343 0.017647
0 0.377015 0.573109 0.012537 0.016807
0 0.375821 0.594538 0.012537 0.014286
0 0.376418 0.616387 0.008955 0.012605
0 0.379104 0.651681 0.014328 0.015966
4 0.957612 0.747059 0.016716 0.015126
0 0.750746 0.515546 0.012537 0.012605
0 0.642388 0.514706 0.013134 0.014286
0 0.794328 0.513866 0.011343 0.012605
25 0.777015 0.572689 0.014925 0.027731
0 0.643881 0.358403 0.013731 0.014286
0 0.794328 0.357983 0.014925 0.013445
3 0.725970 0.425630 0.010746 0.024370
0 0.794328 0.197899 0.011343 0.017647
3 0.725672 0.267227 0.010149 0.028571
25 0.776716 0.257563 0.013134 0.022689
25 0.776716 0.101261 0.013134 0.031092
0 0.646567 0.044118 0.021493 0.017647
62 0.952836 0.126050 0.008358 0.016807
2 0.033134 0.232773 0.014925 0.018487
2 0.143582 0.079412 0.018507 0.024370
2 0.148657 0.277311 0.013134 0.021849
2 0.776716 0.143277 0.014328 0.026050
2 0.776418 0.297479 0.016119 0.023529
2 0.776716 0.460924 0.015522 0.021008
2 0.962388 0.458824 0.013134 0.021849
2 0.777015 0.615126 0.017313 0.023529
2 0.961791 0.612185 0.015522 0.019328
