1 0.164478 0.678992 0.073433 0.089076
1 0.106567 0.176050 0.050746 0.121849
2 0.323881 0.160924 0.017313 0.014286
1 0.689851 0.135714 0.072239 0.108403
2 0.060000 0.750840 0.017313 0.015966
4 0.817313 0.134034 0.011940 0.012605
2 0.319104 0.651681 0.017313 0.012605
1 0.608955 0.423950 0.034627 0.052941
3 0.278209 0.710924 0.009552 0.026891
1 0.808657 0.651681 0.045970 0.039496
3 0.845672 0.702101 0.007761 0.029412
1 0.135821 0.419748 0.054328 0.041176
3 0.059701 0.669328 0.010746 0.026050
2 0.779403 0.717647 0.019701 0.015126
2 0.322687 0.229412 0.017313 0.015126
2 0.579403 0.083613 0.017313 0.014286
2 0.940597 0.737815 0.017313 0.015126
4 0.206269 0.721008 0.013731 0.020168
1 0.830448 0.421849 0.052537 0.038655
3 0.059701 0.718067 0.010746 0.026050
2 0.687164 0.221429 0.019104 0.014286
2 0.714627 0.717647 0.019104 0.015126
2 0.149254 0.750840 0.017910 0.015966
2 0.206866 0.750840 0.018507 0.014286
2 0.278209 0.751261 0.017910 0.015126
4 0.560597 0.186555 0.013134 0.018487
2 0.271940 0.473950 0.018507 0.015126
3 0.543582 0.429832 0.010149 0.027731
2 0.153731 0.127311 0.010149 0.019328
30 0.289851 0.629412 0.034030 0.038655
2 0.319701 0.473950 0.018507 0.015126
2 0.364776 0.228992 0.017910 0.015966
4 0.713731 0.682353 0.014925 0.011765
18 0.507463 0.687815 0.015522 0.026050
2 0.695522 0.292857 0.017910 0.014286
2 0.740896 0.293277 0.019104 0.015126
4 0.731343 0.681092 0.014328 0.012605
2 0.862985 0.221008 0.018507 0.015126
18 0.621493 0.686975 0.017910 0.026050
2 0.153134 0.221008 0.010149 0.018487
4 0.746269 0.681933 0.011940 0.014286
2 0.561194 0.221008 0.019104 0.016807
2 0.508657 0.220588 0.016716 0.014286
3 0.272239 0.428992 0.009552 0.026050
3 0.634627 0.213025 0.019104 0.012605
2 0.543582 0.399160 0.016119 0.015126
4 0.848060 0.134034 0.011343 0.012605
4 0.522687 0.139076 0.011343 0.014286
2 0.515224 0.518067 0.010746 0.021008
2 0.655522 0.222689 0.016716 0.013445
2 0.738209 0.221849 0.020896 0.016807
4 0.507164 0.138235 0.012537 0.014286
4 0.911045 0.697899 0.010746 0.015966
4 0.833433 0.134874 0.011940 0.010924
0 0.194627 0.403361 0.009552 0.010084
3 0.312836 0.686555 0.021493 0.010084
3 0.320000 0.429412 0.009552 0.025210
4 0.904776 0.660924 0.008955 0.015966
4 0.322090 0.123109 0.013731 0.021008
4 0.603582 0.068908 0.010746 0.018487
0 0.059104 0.630252 0.010746 0.010084
3 0.868955 0.679412 0.018507 0.012605
3 0.783582 0.161345 0.017313 0.015126
0 0.103284 0.630252 0.009552 0.010084
3 0.867761 0.660924 0.016119 0.012605
4 0.781493 0.133613 0.011940 0.015126
3 0.768358 0.652941 0.019104 0.010084
18 0.585075 0.686555 0.016716 0.023529
3 0.364179 0.177731 0.010746 0.029412
4 0.895821 0.699160 0.012537 0.016807
3 0.291045 0.207983 0.019701 0.012605
4 0.885672 0.442017 0.012537 0.021849
4 0.941194 0.698319 0.012537 0.013445
4 0.902090 0.441176 0.014328 0.011765
4 0.194627 0.446639 0.015522 0.022689
3 0.222687 0.682773 0.019104 0.012605
3 0.720000 0.274370 0.021493 0.012605
66 0.572836 0.481933 0.024478 0.041176
4 0.753134 0.440336 0.012537 0.016807
8 0.543284 0.517227 0.020299 0.027731
3 0.223881 0.661345 0.017910 0.011765
4 0.864179 0.134034 0.012537 0.012605
0 0.085373 0.402941 0.010746 0.009244
0 0.715522 0.635294 0.011343 0.011765
0 0.178507 0.136134 0.008358 0.013445
3 0.751940 0.186134 0.010149 0.027731
4 0.926567 0.698739 0.013134 0.010924
4 0.770448 0.441597 0.013731 0.012605
25 0.262388 0.126471 0.017313 0.032773
0 0.260896 0.074370 0.016716 0.007563
6 0.288955 0.094958 0.031045 0.010084
0 0.322687 0.074790 0.014925 0.016807
0 0.364179 0.071429 0.016716 0.018487
2 0.138209 0.485294 0.020896 0.021008
4 0.087164 0.447899 0.020299 0.015126
35 0.248657 0.433193 0.028060 0.026050
35 0.297612 0.433193 0.023284 0.026050
0 0.358806 0.663866 0.019104 0.015126
0 0.215821 0.698739 0.014925 0.017647
18 0.545373 0.691176 0.019701 0.032773
0 0.508955 0.459244 0.018507 0.019328
0 0.637910 0.458824 0.018507 0.013445
3 0.594328 0.519748 0.019701 0.017647
0 0.613134 0.371008 0.015522 0.019328
4 0.538507 0.142017 0.014328 0.018487
0 0.508060 0.091597 0.016716 0.021849
3 0.612537 0.194118 0.013134 0.026891
3 0.632836 0.166807 0.022687 0.014286
0 0.635224 0.127311 0.011940 0.017647
4 0.739104 0.099160 0.016716 0.028571
6 0.780597 0.115126 0.030448 0.015126
0 0.862985 0.094118 0.018507 0.020168
0 0.752537 0.396639 0.018507 0.023529
0 0.899701 0.399160 0.020299 0.020168
2 0.829851 0.490756 0.017910 0.026891
4 0.825970 0.617647 0.008955 0.023529
6 0.871343 0.645798 0.036418 0.012605
0 0.941791 0.629412 0.011343 0.016807
2 0.097015 0.078571 0.016119 0.021008
2 0.262985 0.160504 0.013731 0.025210
2 0.260896 0.232353 0.014328 0.022689
4 0.288060 0.192017 0.010149 0.017647
35 0.361493 0.136134 0.023284 0.026891
3 0.223284 0.671429 0.016716 0.011765
2 0.567761 0.724370 0.020299 0.028571
