1 0.852101 0.339053 0.085714 0.150296
1 0.127731 0.297633 0.085714 0.152663
1 0.848739 0.674556 0.082353 0.153846
1 0.126050 0.594083 0.085714 0.158580
1 0.131513 0.882249 0.076471 0.152663
2 0.068908 0.123669 0.013445 0.029586
1 0.132353 0.126036 0.083193 0.150296
2 0.057143 0.295266 0.016807 0.029586
1 0.311345 0.131361 0.059664 0.101775
2 0.195378 0.879290 0.017647 0.030769
2 0.921849 0.336095 0.016807 0.030769
2 0.195378 0.589941 0.017647 0.029586
2 0.195798 0.738462 0.015126 0.030769
2 0.921849 0.672781 0.018487 0.031953
2 0.191176 0.295266 0.017647 0.029586
2 0.056303 0.590533 0.016807 0.028402
2 0.784034 0.336686 0.016807 0.031953
2 0.780252 0.672189 0.015966 0.030769
2 0.191597 0.443195 0.015126 0.029586
2 0.909664 0.195266 0.015966 0.030769
2 0.060924 0.879290 0.015966 0.028402
1 0.843277 0.534911 0.061345 0.097041
1 0.128992 0.447929 0.057983 0.098225
2 0.905882 0.531361 0.015126 0.030769
2 0.364286 0.124260 0.014286 0.028402
4 0.621429 0.389349 0.015966 0.026036
2 0.191176 0.123669 0.017647 0.029586
1 0.132773 0.740237 0.058824 0.098225
1 0.847059 0.197041 0.058824 0.091124
4 0.620168 0.366272 0.015126 0.027219
4 0.297479 0.300000 0.015126 0.027219
4 0.617647 0.739053 0.013445 0.024852
4 0.617227 0.714201 0.012605 0.024852
4 0.300840 0.938462 0.015126 0.030769
4 0.301261 0.647929 0.014286 0.024852
4 0.297899 0.273964 0.026050 0.034320
4 0.302941 0.625444 0.034454 0.027219
4 0.301261 0.918343 0.031092 0.023669
