1 0.154405 0.304479 0.076133 0.088378
1 0.739949 0.308717 0.054748 0.055690
1 0.307956 0.643462 0.056459 0.056901
1 0.403764 0.271792 0.100941 0.054479
35 0.383234 0.201574 0.027374 0.035109
4 0.284431 0.569613 0.023097 0.023002
2 0.308811 0.734262 0.022241 0.018160
4 0.496578 0.300847 0.017964 0.027845
0 0.329341 0.172518 0.015398 0.015738
2 0.696749 0.335351 0.023097 0.019370
2 0.775877 0.335956 0.020530 0.015738
3 0.347733 0.205811 0.028229 0.016949
4 0.406330 0.682809 0.017109 0.036320
2 0.329769 0.358959 0.023097 0.018160
2 0.209581 0.331719 0.015398 0.014528
6 0.233105 0.638015 0.012831 0.048426
4 0.183490 0.659806 0.017964 0.036320
4 0.696749 0.283293 0.017964 0.016949
3 0.227117 0.297821 0.026518 0.019370
2 0.497861 0.342615 0.023952 0.019370
4 0.330197 0.306901 0.018820 0.023002
3 0.667665 0.260896 0.028229 0.018160
3 0.342173 0.515738 0.034217 0.019370
2 0.461506 0.650121 0.014542 0.026634
2 0.195894 0.216102 0.025663 0.020581
2 0.107357 0.358959 0.023097 0.018160
2 0.197177 0.393462 0.023097 0.019370
0 0.210436 0.275424 0.011976 0.010896
3 0.253208 0.311138 0.027374 0.016949
3 0.351155 0.312349 0.012831 0.031477
3 0.348589 0.311138 0.012831 0.031477
2 0.275449 0.324455 0.020530 0.016949
3 0.283148 0.515738 0.034217 0.019370
41 0.644568 0.236683 0.011121 0.015738
2 0.546621 0.262107 0.018820 0.037530
2 0.636869 0.260896 0.016253 0.027845
51 0.673653 0.225787 0.047049 0.025424
51 0.796407 0.225182 0.035928 0.016949
41 0.774166 0.236077 0.013687 0.026634
51 0.125321 0.594431 0.036784 0.024213
51 0.123610 0.721550 0.038494 0.029056
41 0.157827 0.721550 0.017964 0.014528
