1 0.775630 0.271598 0.110924 0.188166
4 0.656723 0.265089 0.019328 0.023669
1 0.486555 0.184615 0.062185 0.160947
4 0.663866 0.207101 0.015126 0.021302
22 0.294118 0.165680 0.028571 0.023669
1 0.123529 0.137870 0.090756 0.117160
2 0.707143 0.205917 0.014286 0.026036
4 0.689076 0.301183 0.020168 0.024852
2 0.069328 0.176923 0.010924 0.024852
2 0.068067 0.092899 0.013445 0.022485
2 0.405462 0.155030 0.015966 0.028402
2 0.822269 0.146746 0.015966 0.023669
2 0.831092 0.177515 0.013445 0.026036
4 0.663866 0.113018 0.016807 0.022485
4 0.690336 0.240828 0.017647 0.020118
3 0.861345 0.402367 0.013445 0.033136
2 0.769748 0.482840 0.025210 0.018935
2 0.121849 0.216568 0.023529 0.018935
4 0.802521 0.441420 0.016807 0.018935
2 0.405462 0.223077 0.015966 0.024852
3 0.034454 0.260355 0.013445 0.033136
4 0.663445 0.152071 0.014286 0.020118
4 0.769328 0.443195 0.019328 0.020118
3 0.431933 0.225444 0.026891 0.017751
2 0.176050 0.179882 0.015966 0.021302
2 0.533193 0.247929 0.014286 0.027219
2 0.176050 0.092899 0.012605 0.024852
2 0.767647 0.078698 0.015966 0.017751
2 0.902101 0.253254 0.014286 0.026036
3 0.433613 0.153846 0.025210 0.016568
3 0.820168 0.466864 0.026891 0.015385
0 0.861345 0.434320 0.015126 0.011834
4 0.803782 0.176923 0.014286 0.022485
21 0.872269 0.255621 0.023529 0.016568
22 0.294538 0.223669 0.029412 0.026036
4 0.794538 0.146746 0.014286 0.021302
4 0.872269 0.223669 0.020168 0.021302
2 0.707143 0.289941 0.012605 0.021302
2 0.707563 0.254438 0.011765 0.018935
4 0.663445 0.179882 0.015966 0.016568
42 0.034454 0.317160 0.015126 0.047337
42 0.331933 0.165680 0.035294 0.028402
42 0.330672 0.223669 0.032773 0.023669
42 0.427311 0.130769 0.034454 0.020118
42 0.429412 0.237870 0.036975 0.021302
42 0.602101 0.155030 0.042857 0.023669
42 0.601261 0.266272 0.041176 0.021302
42 0.778151 0.115976 0.011765 0.042604
4 0.769328 0.118343 0.022689 0.018935
42 0.869748 0.275740 0.035294 0.021302
42 0.869748 0.290533 0.036975 0.017751
2 0.121008 0.054438 0.030252 0.026036
