24 0.643277 0.494675 0.021008 0.037870
24 0.480252 0.495858 0.021008 0.040237
26 0.341597 0.296450 0.037815 0.046154
2 0.332353 0.232544 0.024370 0.020118
24 0.697899 0.495858 0.022689 0.037870
2 0.478992 0.227219 0.021849 0.021302
24 0.588235 0.496450 0.021849 0.039053
2 0.378571 0.356213 0.024370 0.021302
2 0.374790 0.562722 0.023529 0.020118
24 0.534454 0.495266 0.021849 0.039053
24 0.534034 0.289941 0.022689 0.035503
2 0.332353 0.356213 0.024370 0.018935
24 0.337815 0.514201 0.026891 0.055621
24 0.588235 0.288166 0.023529 0.036686
24 0.479412 0.288166 0.022689 0.039053
2 0.479412 0.356805 0.024370 0.020118
0 0.378151 0.233728 0.018487 0.017751
0 0.697059 0.559763 0.017647 0.014201
0 0.588235 0.232544 0.018487 0.015385
0 0.697059 0.439053 0.014286 0.014201
0 0.533613 0.353846 0.018487 0.016568
0 0.534034 0.233136 0.015966 0.016568
0 0.772269 0.285207 0.010084 0.018935
3 0.714706 0.282249 0.027731 0.020118
3 0.714286 0.301775 0.031933 0.021302
0 0.589916 0.355030 0.026891 0.026036
0 0.360504 0.468639 0.018487 0.021302
0 0.373529 0.466864 0.019328 0.022485
0 0.668487 0.283432 0.014286 0.022485
