3 0.095224 0.686975 0.008955 0.026050
1 0.511940 0.414286 0.135522 0.191597
3 0.391940 0.454202 0.019701 0.014286
1 0.125672 0.157143 0.054328 0.110924
3 0.391343 0.438655 0.019701 0.013445
2 0.245373 0.280672 0.015522 0.013445
4 0.591343 0.294958 0.010149 0.020168
2 0.603284 0.525210 0.017313 0.013445
2 0.122090 0.723109 0.017313 0.014286
2 0.631940 0.354622 0.011343 0.020168
2 0.642090 0.524790 0.018507 0.014286
2 0.081194 0.280672 0.017910 0.015126
4 0.704478 0.436134 0.011940 0.013445
4 0.689254 0.435294 0.013731 0.013445
4 0.719403 0.434874 0.011940 0.014286
2 0.173134 0.281092 0.015522 0.014286
24 0.917015 0.178992 0.015522 0.026891
24 0.877313 0.178151 0.016119 0.026891
2 0.095821 0.722689 0.017313 0.015126
24 0.799701 0.178571 0.016119 0.029412
4 0.591343 0.273109 0.008955 0.015126
4 0.602090 0.442017 0.011343 0.016807
2 0.800896 0.226050 0.017313 0.013445
2 0.720000 0.473529 0.014328 0.014286
4 0.600896 0.484874 0.016119 0.013445
21 0.122687 0.686975 0.012537 0.027731
3 0.641791 0.483613 0.009552 0.026050
2 0.209552 0.281933 0.013134 0.012605
2 0.688657 0.474370 0.013731 0.012605
2 0.227164 0.281092 0.014925 0.012605
2 0.191642 0.281933 0.014328 0.012605
24 0.838806 0.178571 0.015522 0.026050
2 0.632239 0.317647 0.011940 0.020168
2 0.704478 0.478151 0.013134 0.013445
2 0.079403 0.851261 0.010746 0.020168
0 0.504179 0.207983 0.011343 0.010924
3 0.270448 0.736975 0.016716 0.015126
3 0.746269 0.432773 0.008358 0.026891
3 0.459701 0.296218 0.020299 0.012605
2 0.631642 0.294958 0.010746 0.016807
3 0.430149 0.736975 0.017313 0.015126
4 0.438507 0.262605 0.016119 0.014286
0 0.917015 0.223529 0.011940 0.011765
2 0.231045 0.850840 0.013134 0.021008
2 0.422687 0.296639 0.010746 0.021849
6 0.662985 0.404202 0.022090 0.010084
3 0.620000 0.455042 0.022090 0.010924
2 0.800299 0.134034 0.016119 0.015966
35 0.356418 0.439916 0.020299 0.024370
4 0.591343 0.316807 0.011343 0.018487
0 0.719701 0.371849 0.013731 0.010924
0 0.917612 0.138235 0.008358 0.012605
0 0.877910 0.137815 0.008955 0.011765
3 0.245075 0.212185 0.007761 0.024370
25 0.846866 0.709664 0.016119 0.027731
2 0.321791 0.439496 0.010746 0.020168
0 0.179104 0.089496 0.011940 0.010924
2 0.231343 0.737815 0.012537 0.020168
0 0.839104 0.138235 0.011343 0.012605
0 0.838806 0.223950 0.013134 0.012605
2 0.903284 0.737395 0.013134 0.021008
2 0.322090 0.455462 0.011343 0.020168
0 0.877612 0.223950 0.011940 0.010924
2 0.631940 0.274370 0.011343 0.015966
25 0.845672 0.651681 0.016119 0.027731
35 0.357015 0.463445 0.020299 0.024370
25 0.189851 0.215966 0.014328 0.028571
25 0.210149 0.215546 0.013134 0.027731
3 0.225970 0.215126 0.012537 0.030252
3 0.120597 0.853782 0.023881 0.020168
3 0.273731 0.853782 0.028060 0.018487
3 0.427463 0.853782 0.020299 0.016807
2 0.385075 0.738655 0.016716 0.023529
2 0.384179 0.851681 0.016119 0.026050
0 0.422687 0.231513 0.011940 0.022689
4 0.592537 0.237395 0.013731 0.026050
4 0.591642 0.256303 0.010746 0.021849
2 0.632537 0.234454 0.012537 0.020168
2 0.631343 0.257563 0.013731 0.024370
3 0.854030 0.082773 0.016119 0.015966
3 0.853433 0.096218 0.017313 0.015966
0 0.820000 0.084874 0.012537 0.015126
0 0.895224 0.084874 0.011343 0.015126
3 0.460299 0.236134 0.021493 0.016807
22 0.781791 0.652521 0.013731 0.017647
22 0.781493 0.709664 0.014328 0.019328
0 0.899403 0.622269 0.010149 0.014286
0 0.899403 0.680672 0.010149 0.015126
