70 0.713866 0.155030 0.118487 0.179882
70 0.504202 0.155621 0.122689 0.178698
3 0.504202 0.514201 0.010084 0.034320
1 0.277731 0.156805 0.128571 0.211834
1 0.510504 0.342012 0.073109 0.115976
1 0.252941 0.479882 0.073950 0.074556
4 0.054202 0.530178 0.017647 0.021302
1 0.115546 0.341420 0.074790 0.114793
1 0.845378 0.436686 0.073950 0.087574
14 0.852521 0.573373 0.026050 0.027219
1 0.307983 0.342604 0.073109 0.114793
2 0.055462 0.559763 0.023529 0.018935
4 0.093277 0.490533 0.016807 0.022485
2 0.091597 0.527811 0.018487 0.021302
4 0.634454 0.336686 0.016807 0.020118
4 0.794538 0.597041 0.019328 0.020118
2 0.668067 0.369231 0.021849 0.018935
3 0.041597 0.177515 0.012605 0.028402
2 0.044538 0.385207 0.013445 0.024852
2 0.634874 0.369822 0.022689 0.020118
3 0.055042 0.488757 0.012605 0.033136
2 0.702101 0.370414 0.022689 0.021302
2 0.794118 0.630178 0.021849 0.017751
0 0.782773 0.302367 0.010924 0.020118
3 0.352941 0.489349 0.025210 0.017751
3 0.870168 0.105917 0.012605 0.029586
2 0.505882 0.558580 0.021849 0.016568
24 0.842437 0.153254 0.026050 0.065089
24 0.837815 0.708284 0.025210 0.062722
2 0.075630 0.121893 0.021849 0.018935
3 0.504202 0.463905 0.011765 0.030769
2 0.405882 0.489349 0.013445 0.029586
3 0.870168 0.189349 0.010924 0.033136
4 0.668487 0.335503 0.017647 0.017751
2 0.939496 0.141420 0.013445 0.024852
4 0.689496 0.465680 0.017647 0.017751
4 0.382353 0.489349 0.015126 0.024852
2 0.149580 0.124852 0.013445 0.029586
4 0.912605 0.591124 0.018487 0.017751
4 0.537815 0.507692 0.016807 0.021302
2 0.292857 0.541420 0.021008 0.015385
23 0.918067 0.438462 0.024370 0.022485
2 0.396639 0.337870 0.013445 0.024852
3 0.840756 0.301183 0.026050 0.015385
4 0.702101 0.336095 0.017647 0.016568
3 0.313025 0.524852 0.027731 0.017751
2 0.203782 0.337870 0.014286 0.024852
2 0.042437 0.251479 0.022689 0.017751
2 0.912185 0.623669 0.021008 0.018935
3 0.761345 0.425444 0.028571 0.022485
2 0.439916 0.384615 0.014286 0.026036
0 0.597059 0.433728 0.014286 0.013018
4 0.954202 0.442604 0.015966 0.018935
2 0.596639 0.552663 0.025210 0.018935
35 0.151681 0.510059 0.024370 0.042604
4 0.075210 0.089349 0.017647 0.015385
0 0.689496 0.439053 0.010924 0.009467
3 0.761765 0.447929 0.029412 0.020118
26 0.597479 0.510059 0.020168 0.030769
0 0.192857 0.372189 0.010924 0.017751
0 0.630672 0.439053 0.012605 0.011834
6 0.053782 0.070414 0.025210 0.015385
0 0.192437 0.301183 0.010084 0.017751
2 0.236975 0.384615 0.013445 0.023669
2 0.659664 0.498225 0.021849 0.018935
4 0.042437 0.218343 0.017647 0.017751
2 0.598319 0.336686 0.013445 0.022485
2 0.794118 0.482840 0.023529 0.016568
0 0.028992 0.061538 0.010924 0.016568
2 0.910504 0.714793 0.015966 0.026036
0 0.783193 0.342012 0.010084 0.018935
26 0.597059 0.465089 0.019328 0.026036
0 0.152101 0.089941 0.011765 0.016568
2 0.689496 0.498817 0.022689 0.017751
35 0.894538 0.305325 0.026050 0.033136
2 0.745378 0.481065 0.021849 0.017751
0 0.504202 0.433136 0.011765 0.011834
0 0.960504 0.152663 0.011765 0.014201
35 0.203361 0.549112 0.026891 0.028402
15 0.660084 0.454438 0.027731 0.042604
35 0.117227 0.521302 0.026050 0.036686
3 0.840756 0.342604 0.027731 0.017751
35 0.896218 0.346746 0.021008 0.028402
3 0.334454 0.445562 0.040336 0.017751
0 0.410084 0.457988 0.011765 0.016568
0 0.075630 0.058580 0.015126 0.013018
0 0.041597 0.144970 0.015966 0.015385
0 0.413025 0.443787 0.017647 0.016568
29 0.353361 0.528994 0.047899 0.030769
0 0.586555 0.298225 0.030252 0.016568
0 0.590336 0.372189 0.032773 0.017751
0 0.634454 0.303550 0.021849 0.022485
0 0.667647 0.304142 0.022689 0.028402
0 0.702101 0.300592 0.022689 0.026036
0 0.870168 0.068639 0.022689 0.030769
0 0.790756 0.379882 0.016807 0.030769
0 0.898319 0.730769 0.033613 0.024852
0 0.915966 0.401775 0.028571 0.022485
0 0.953782 0.401775 0.023529 0.024852
2 0.891597 0.485207 0.026891 0.033136
0 0.868908 0.223077 0.021849 0.020118
0 0.391176 0.295858 0.031092 0.028402
0 0.392437 0.369231 0.030252 0.023669
0 0.042017 0.465680 0.015126 0.017751
35 0.167647 0.537278 0.024370 0.042604
6 0.361765 0.461538 0.041176 0.014201
4 0.364286 0.442604 0.017647 0.026036
