3 0.231513 0.367456 0.012605 0.034320
3 0.260924 0.666864 0.027731 0.015385
1 0.178992 0.222485 0.077311 0.085207
2 0.774370 0.510059 0.024370 0.023669
4 0.668067 0.566864 0.016807 0.023669
2 0.114706 0.150296 0.024370 0.026036
2 0.744118 0.368639 0.026050 0.022485
3 0.231513 0.460355 0.012605 0.037870
3 0.744538 0.626036 0.015126 0.037870
2 0.344118 0.445562 0.026050 0.024852
1 0.459664 0.477515 0.092437 0.138462
3 0.744538 0.578698 0.013445 0.035503
3 0.156303 0.661538 0.011765 0.033136
2 0.433193 0.357988 0.027731 0.024852
35 0.708403 0.289941 0.030252 0.035503
2 0.171849 0.428994 0.026050 0.022485
3 0.231513 0.565089 0.014286 0.039053
2 0.479412 0.588166 0.026050 0.023669
3 0.231092 0.412426 0.011765 0.036686
3 0.323529 0.708876 0.013445 0.037870
2 0.824370 0.130178 0.015126 0.028402
3 0.273529 0.375740 0.012605 0.039053
35 0.295798 0.673964 0.026891 0.036686
3 0.639076 0.578107 0.012605 0.036686
3 0.744538 0.531361 0.013445 0.035503
3 0.155882 0.614201 0.010924 0.035503
3 0.273529 0.460947 0.012605 0.036686
4 0.433193 0.313018 0.021008 0.031953
4 0.790756 0.448521 0.018487 0.028402
3 0.743697 0.311243 0.013445 0.035503
3 0.155882 0.518343 0.010924 0.035503
21 0.637815 0.656213 0.021849 0.050888
2 0.181092 0.310059 0.022689 0.021302
3 0.156303 0.567456 0.013445 0.034320
30 0.134034 0.305325 0.044538 0.035503
22 0.344538 0.260355 0.026891 0.021302
2 0.325210 0.748521 0.025210 0.024852
2 0.710504 0.601775 0.024370 0.029586
15 0.787815 0.282840 0.031092 0.040237
3 0.736134 0.414201 0.028571 0.016568
23 0.172689 0.365680 0.024370 0.026036
35 0.293697 0.502367 0.026050 0.034320
2 0.638655 0.710651 0.021849 0.022485
26 0.832353 0.445562 0.022689 0.036686
4 0.630252 0.383432 0.018487 0.026036
2 0.555462 0.480473 0.023529 0.026036
2 0.231933 0.617160 0.026891 0.027219
2 0.155882 0.700000 0.022689 0.022485
2 0.424370 0.587574 0.025210 0.027219
2 0.101261 0.310059 0.019328 0.021302
2 0.668067 0.712426 0.021849 0.026036
75 0.852521 0.130769 0.024370 0.020118
75 0.851681 0.184615 0.027731 0.018935
2 0.743697 0.687574 0.025210 0.028402
6 0.663866 0.411243 0.040336 0.020118
22 0.764706 0.211243 0.016807 0.031953
