24 0.656418 0.543277 0.018507 0.029412
24 0.066866 0.544118 0.017910 0.029412
1 0.338209 0.586134 0.056716 0.056303
1 0.197313 0.544538 0.045970 0.063866
2 0.159701 0.548739 0.012537 0.020168
3 0.403582 0.550840 0.009552 0.024370
24 0.600597 0.510504 0.017910 0.034454
2 0.227463 0.578151 0.014328 0.013445
24 0.600597 0.574790 0.019104 0.035294
24 0.543881 0.509664 0.017910 0.036134
2 0.227463 0.511765 0.013134 0.018487
24 0.480000 0.513025 0.019104 0.032773
24 0.544179 0.573950 0.017313 0.038655
2 0.306866 0.615126 0.013134 0.018487
35 0.356119 0.521849 0.016119 0.026891
2 0.445075 0.642857 0.016119 0.015126
2 0.305672 0.472689 0.013134 0.019328
4 0.340896 0.472269 0.014328 0.016807
24 0.481194 0.569748 0.017910 0.033613
2 0.101194 0.538655 0.011343 0.018487
0 0.402687 0.521429 0.010149 0.010924
3 0.325970 0.519748 0.017910 0.014286
4 0.340597 0.544118 0.013731 0.017647
0 0.096418 0.567227 0.013731 0.018487
0 0.238806 0.531933 0.014328 0.020168
0 0.240000 0.562185 0.015522 0.016807
3 0.252836 0.539496 0.017313 0.015126
3 0.254328 0.551261 0.019104 0.011765
3 0.385373 0.586975 0.019701 0.015966
2 0.448358 0.546218 0.013134 0.028571
41 0.445075 0.625630 0.011343 0.019328
3 0.324776 0.498739 0.022687 0.014286
2 0.368358 0.559244 0.019104 0.022689
