1 0.218067 0.491329 0.068067 0.069364
1 0.465546 0.152023 0.085714 0.079769
2 0.466807 0.221965 0.024370 0.020809
1 0.592857 0.542775 0.066387 0.061272
1 0.124790 0.743931 0.073109 0.084393
3 0.554622 0.167052 0.011765 0.031214
4 0.513025 0.605780 0.017647 0.039306
4 0.130252 0.490173 0.018487 0.020809
4 0.592857 0.172254 0.017647 0.032370
4 0.290756 0.490173 0.018487 0.020809
3 0.760924 0.594220 0.012605 0.036994
2 0.790336 0.666474 0.024370 0.021965
2 0.665966 0.524277 0.015966 0.026590
2 0.468067 0.404624 0.015126 0.032370
2 0.836555 0.212717 0.026050 0.020809
2 0.555462 0.245087 0.025210 0.018497
4 0.466807 0.605202 0.019328 0.040462
3 0.134454 0.183815 0.013445 0.036994
24 0.662185 0.173988 0.028571 0.049711
2 0.135714 0.295954 0.026050 0.018497
4 0.420588 0.605202 0.019328 0.038150
2 0.420588 0.705780 0.026050 0.021965
0 0.836555 0.095376 0.014286 0.012717
4 0.702101 0.156647 0.017647 0.028902
35 0.271849 0.220231 0.026050 0.031214
4 0.135294 0.231214 0.018487 0.032370
3 0.281092 0.749711 0.027731 0.012717
4 0.744118 0.155491 0.017647 0.026590
4 0.184874 0.187861 0.018487 0.038150
24 0.808403 0.449711 0.030252 0.048555
2 0.576471 0.308671 0.023529 0.018497
35 0.230672 0.225434 0.024370 0.034682
4 0.555042 0.207514 0.019328 0.021965
4 0.836555 0.155491 0.017647 0.031214
35 0.323950 0.228902 0.024370 0.034682
0 0.328151 0.458382 0.014286 0.012717
0 0.105882 0.458382 0.015126 0.012717
2 0.637815 0.194220 0.021849 0.016185
4 0.790336 0.156647 0.017647 0.026590
3 0.281513 0.709827 0.028571 0.013873
3 0.496218 0.404046 0.026050 0.015029
2 0.131092 0.528902 0.025210 0.019653
0 0.134874 0.118497 0.014286 0.012717
3 0.727731 0.536994 0.030252 0.015029
0 0.666807 0.559538 0.010924 0.018497
74 0.631092 0.673410 0.021849 0.038150
35 0.363445 0.221965 0.031092 0.027746
8 0.789076 0.537572 0.030252 0.036994
2 0.290756 0.528324 0.025210 0.020809
27 0.558824 0.291329 0.028571 0.018497
3 0.528151 0.293064 0.026050 0.015029
0 0.789076 0.428902 0.018487 0.023121
2 0.531092 0.406936 0.026891 0.036994
0 0.421008 0.491329 0.021849 0.027746
6 0.531513 0.140462 0.032773 0.015029
