1 0.455760 0.460355 0.078464 0.115976
3 0.280467 0.915976 0.011686 0.030769
1 0.268781 0.455621 0.080134 0.118343
35 0.892321 0.323077 0.028381 0.035503
4 0.822204 0.495266 0.018364 0.024852
1 0.266277 0.159172 0.121870 0.207101
3 0.080134 0.224260 0.013356 0.031953
1 0.631052 0.684024 0.070117 0.087574
2 0.883556 0.637870 0.015860 0.026036
1 0.157763 0.833136 0.090150 0.052071
2 0.280050 0.955621 0.024207 0.022485
35 0.894407 0.384024 0.029215 0.034320
4 0.221202 0.849704 0.018364 0.026036
1 0.752504 0.537278 0.077629 0.071006
2 0.208681 0.902367 0.023372 0.020118
4 0.083472 0.105325 0.020033 0.026036
4 0.496244 0.100000 0.019199 0.020118
4 0.860184 0.495266 0.015860 0.024852
2 0.084725 0.150888 0.022538 0.020118
4 0.080134 0.282840 0.020033 0.021302
2 0.211185 0.497041 0.016694 0.023669
1 0.098080 0.455621 0.080968 0.115976
4 0.651503 0.496450 0.017529 0.022485
2 0.463689 0.688757 0.025876 0.023669
29 0.046745 0.282249 0.031720 0.048521
2 0.520451 0.225444 0.017529 0.024852
1 0.936561 0.538462 0.048414 0.061538
35 0.888564 0.263314 0.025876 0.031953
4 0.893990 0.495266 0.016694 0.024852
2 0.662354 0.454438 0.015860 0.028402
2 0.578464 0.714793 0.016694 0.028402
1 0.860601 0.117751 0.051753 0.050888
4 0.429466 0.099408 0.019199 0.018935
4 0.872705 0.580473 0.017529 0.020118
2 0.751252 0.456805 0.021703 0.018935
3 0.280467 0.849704 0.011686 0.035503
2 0.592654 0.328994 0.021703 0.021302
2 0.915275 0.594675 0.022538 0.020118
24 0.442821 0.218343 0.025876 0.062722
4 0.843072 0.612426 0.018364 0.024852
2 0.545492 0.455621 0.014190 0.026036
4 0.087229 0.860355 0.019199 0.023669
24 0.623957 0.112426 0.027546 0.061538
2 0.603088 0.389941 0.015860 0.027219
2 0.765025 0.685207 0.014190 0.028402
3 0.842654 0.560947 0.010851 0.033136
2 0.578047 0.655621 0.014190 0.028402
2 0.708681 0.634911 0.020033 0.022485
4 0.922788 0.118343 0.017529 0.018935
2 0.463689 0.133136 0.024207 0.017751
2 0.922788 0.062722 0.020868 0.018935
4 0.313856 0.914793 0.016694 0.018935
0 0.505843 0.404142 0.013356 0.013018
2 0.953673 0.376923 0.017529 0.029586
2 0.207846 0.952663 0.018364 0.023669
3 0.655259 0.158580 0.010017 0.030769
3 0.789232 0.602367 0.025876 0.014201
2 0.393990 0.502959 0.016694 0.026036
27 0.646077 0.392308 0.046745 0.027219
3 0.838063 0.684024 0.026711 0.014201
2 0.681135 0.730178 0.020033 0.018935
35 0.593072 0.572781 0.022538 0.033136
2 0.080551 0.340237 0.025876 0.022485
2 0.027963 0.497633 0.015860 0.024852
24 0.895659 0.692899 0.023372 0.041420
4 0.497913 0.643787 0.015860 0.018935
3 0.647329 0.064497 0.012521 0.031953
4 0.531302 0.643787 0.015860 0.023669
3 0.789232 0.637278 0.025876 0.015385
4 0.463272 0.643787 0.018364 0.018935
0 0.146912 0.397633 0.011686 0.014201
4 0.791736 0.714793 0.019199 0.021302
0 0.280050 0.807101 0.012521 0.014201
2 0.190735 0.118343 0.014190 0.023669
0 0.221202 0.812426 0.011686 0.010651
29 0.629800 0.279882 0.034224 0.043787
2 0.186561 0.448521 0.014190 0.023669
3 0.689065 0.591716 0.027546 0.016568
3 0.847663 0.318935 0.027546 0.013018
3 0.613523 0.497633 0.013356 0.036686
0 0.147746 0.107692 0.010017 0.016568
2 0.680718 0.639645 0.020868 0.020118
2 0.857679 0.698225 0.014190 0.023669
3 0.847245 0.259763 0.026711 0.013018
0 0.176127 0.494083 0.015025 0.013018
2 0.362270 0.449704 0.015025 0.023669
4 0.630217 0.455030 0.018364 0.027219
29 0.739566 0.637870 0.033389 0.040237
2 0.476210 0.246154 0.014190 0.011834
0 0.922788 0.170414 0.014190 0.011834
0 0.317613 0.396450 0.010851 0.014201
0 0.353923 0.483432 0.011686 0.017751
0 0.079716 0.186982 0.012521 0.011834
0 0.083890 0.054438 0.014190 0.011834
3 0.790902 0.684024 0.022538 0.014201
0 0.041736 0.098817 0.013356 0.013018
35 0.636060 0.569822 0.020033 0.036686
14 0.459933 0.069231 0.025042 0.022485
35 0.620200 0.563314 0.020033 0.033136
0 0.593489 0.520118 0.010017 0.017751
35 0.666110 0.562722 0.018364 0.027219
70 0.130217 0.648521 0.113523 0.194083
70 0.343489 0.652071 0.109349 0.201183
6 0.064274 0.075148 0.043406 0.020118
0 0.524624 0.508876 0.032554 0.026036
0 0.464524 0.599408 0.030885 0.024852
74 0.040902 0.921302 0.020033 0.029586
74 0.084725 0.920118 0.024207 0.031953
74 0.133139 0.922485 0.024207 0.031953
74 0.177796 0.923077 0.030050 0.035503
2 0.973289 0.514201 0.021703 0.020118
3 0.848497 0.377515 0.029215 0.026036
0 0.712437 0.084024 0.029215 0.026036
2 0.665693 0.116568 0.029215 0.034320
0 0.664441 0.186391 0.016694 0.029586
0 0.668197 0.040828 0.022538 0.031953
35 0.739566 0.592899 0.016694 0.037870
6 0.817613 0.531953 0.045910 0.017751
0 0.812604 0.260947 0.015860 0.017751
