24 0.458806 0.586134 0.018507 0.046218
1 0.602090 0.392017 0.031642 0.036134
1 0.128955 0.163866 0.089552 0.152941
1 0.477612 0.138235 0.078806 0.128571
2 0.248060 0.245798 0.016119 0.017647
3 0.546866 0.433613 0.009552 0.023529
2 0.248060 0.117647 0.016119 0.013445
3 0.142388 0.345798 0.023284 0.010924
1 0.371642 0.410504 0.028060 0.049580
3 0.280597 0.618908 0.009552 0.022689
24 0.744478 0.429832 0.020299 0.049580
1 0.145075 0.379412 0.053731 0.041176
2 0.416418 0.039916 0.010149 0.019328
0 0.280896 0.562185 0.010149 0.008403
2 0.281493 0.646218 0.016119 0.013445
3 0.280597 0.584874 0.008358 0.025210
2 0.678209 0.435294 0.019104 0.015126
2 0.543881 0.082773 0.015522 0.014286
24 0.261791 0.321849 0.018507 0.028571
4 0.142985 0.598319 0.012537 0.013445
4 0.202388 0.399580 0.013134 0.015966
3 0.896119 0.476471 0.019104 0.010084
4 0.341493 0.118908 0.009552 0.017647
2 0.561493 0.204622 0.018507 0.014286
2 0.325373 0.439916 0.017910 0.014286
0 0.570149 0.351681 0.010746 0.009244
4 0.096418 0.598319 0.012537 0.013445
2 0.662985 0.205042 0.018507 0.015126
28 0.904179 0.371429 0.026866 0.028571
3 0.764478 0.400840 0.010149 0.023529
28 0.853134 0.600420 0.027463 0.029412
3 0.247761 0.181513 0.009552 0.023529
0 0.618806 0.034034 0.013731 0.014286
0 0.248060 0.164706 0.011343 0.013445
4 0.528955 0.165546 0.013134 0.020168
2 0.412239 0.431933 0.016119 0.013445
35 0.921194 0.477311 0.019104 0.025210
4 0.678507 0.403782 0.013731 0.014286
2 0.241791 0.336134 0.016716 0.013445
4 0.570746 0.434874 0.011940 0.015966
0 0.202985 0.365126 0.010746 0.009244
0 0.561493 0.032353 0.012537 0.007563
2 0.182090 0.443697 0.019104 0.015126
0 0.247463 0.065966 0.010149 0.009244
2 0.410448 0.270588 0.010149 0.020168
4 0.325672 0.412185 0.013731 0.019328
2 0.877612 0.378992 0.016716 0.013445
0 0.242090 0.310084 0.010149 0.010084
3 0.764478 0.459244 0.008955 0.026050
2 0.546866 0.460924 0.015522 0.014286
4 0.367761 0.167227 0.011940 0.023529
0 0.492239 0.031933 0.010149 0.008403
35 0.177910 0.343277 0.023881 0.027731
28 0.731940 0.599580 0.023881 0.027731
4 0.086866 0.409244 0.013731 0.021849
0 0.086269 0.328151 0.012537 0.010924
2 0.570746 0.461765 0.016716 0.014286
15 0.546269 0.393277 0.022687 0.028571
3 0.737910 0.186134 0.017910 0.012605
3 0.561194 0.164286 0.011940 0.027731
3 0.468657 0.240336 0.019104 0.011765
22 0.546567 0.357563 0.017313 0.021008
0 0.325970 0.384874 0.011940 0.010084
4 0.247761 0.219328 0.013134 0.016807
4 0.341194 0.096218 0.010149 0.017647
4 0.313731 0.619328 0.011343 0.016807
3 0.560896 0.106723 0.010149 0.031933
0 0.513433 0.352101 0.011940 0.010084
14 0.120299 0.585714 0.016119 0.020168
4 0.515522 0.061765 0.010149 0.017647
0 0.663582 0.032773 0.012537 0.010084
75 0.301791 0.171849 0.018507 0.014286
75 0.301791 0.193697 0.017313 0.012605
2 0.034030 0.135714 0.015522 0.022689
0 0.052537 0.126050 0.009552 0.018487
0 0.212836 0.071429 0.019701 0.018487
4 0.247164 0.096218 0.016716 0.014286
6 0.235224 0.083193 0.033433 0.015126
3 0.109254 0.408403 0.015522 0.031933
3 0.094925 0.624790 0.021493 0.024370
2 0.143881 0.626471 0.015522 0.026050
0 0.411045 0.386975 0.023284 0.019328
0 0.490149 0.601261 0.019104 0.014286
2 0.500597 0.592857 0.013731 0.019328
4 0.398209 0.115546 0.015522 0.014286
4 0.400597 0.171849 0.020299 0.022689
4 0.436716 0.244118 0.018507 0.024370
4 0.435522 0.271429 0.020896 0.023529
0 0.677015 0.376050 0.020299 0.026050
0 0.474328 0.030672 0.019701 0.019328
15 0.596418 0.079412 0.025075 0.034454
8 0.638806 0.076891 0.026269 0.036134
3 0.662388 0.110504 0.011343 0.034454
3 0.662985 0.168487 0.011343 0.027731
0 0.505075 0.272269 0.014328 0.021849
2 0.748955 0.260924 0.020896 0.022689
0 0.748358 0.235294 0.007761 0.015126
0 0.762985 0.373529 0.014328 0.017647
2 0.814925 0.437815 0.016716 0.023529
0 0.799104 0.428151 0.008955 0.014286
0 0.765970 0.493697 0.022687 0.019328
0 0.874328 0.480672 0.017313 0.016807
2 0.697612 0.612185 0.023284 0.026050
2 0.824179 0.611765 0.022090 0.025210
4 0.449851 0.043277 0.008955 0.019328
