26 0.221534 0.939053 0.034082 0.050888
24 0.140201 0.060947 0.024787 0.053254
24 0.144849 0.136095 0.029435 0.049704
1 0.302866 0.350296 0.049574 0.061538
24 0.274593 0.048521 0.025562 0.044970
1 0.573586 0.140237 0.075136 0.143195
1 0.622773 0.595858 0.061967 0.143195
1 0.825716 0.203550 0.061967 0.061538
1 0.286987 0.594675 0.058095 0.131361
4 0.261038 0.460947 0.020139 0.013018
4 0.298993 0.460947 0.018590 0.013018
4 0.197521 0.626036 0.024787 0.016568
4 0.248257 0.579290 0.017816 0.015385
4 0.247870 0.331953 0.021689 0.020118
4 0.155693 0.782249 0.012393 0.026036
4 0.155693 0.802959 0.012393 0.022485
4 0.155693 0.821302 0.013943 0.023669
4 0.155306 0.839053 0.010070 0.011834
4 0.155693 0.852071 0.010844 0.018935
4 0.154919 0.876923 0.012393 0.021302
4 0.154919 0.899408 0.015492 0.033136
4 0.206429 0.781065 0.019365 0.014201
4 0.222308 0.781657 0.013943 0.010651
4 0.236251 0.780473 0.015492 0.015385
4 0.251743 0.778698 0.017041 0.014201
4 0.266847 0.779882 0.014717 0.016568
4 0.282727 0.779290 0.017041 0.017751
4 0.298606 0.781065 0.013168 0.016568
4 0.314098 0.780473 0.014717 0.015385
41 0.284276 0.852663 0.012393 0.031953
6 0.344694 0.745562 0.035631 0.030769
2 0.251356 0.720710 0.031758 0.035503
3 0.214562 0.659172 0.010844 0.035503
3 0.222308 0.659172 0.010844 0.035503
3 0.230054 0.659172 0.010844 0.040237
22 0.219210 0.563314 0.015492 0.023669
3 0.340434 0.644970 0.027111 0.021302
3 0.341208 0.597041 0.022463 0.015385
3 0.341983 0.525444 0.028660 0.018935
3 0.400077 0.555621 0.022463 0.015385
3 0.398916 0.673373 0.023238 0.016568
22 0.383811 0.687574 0.020914 0.026036
22 0.384198 0.568047 0.020139 0.028402
8 0.415182 0.526627 0.030984 0.035503
8 0.418668 0.644970 0.030209 0.035503
2 0.355538 0.491716 0.020139 0.024852
3 0.226956 0.462130 0.015492 0.043787
3 0.344694 0.430178 0.032533 0.022485
22 0.383811 0.432544 0.020914 0.034320
3 0.366383 0.394675 0.026336 0.020118
2 0.327266 0.306509 0.017816 0.035503
3 0.415957 0.334320 0.029435 0.029586
2 0.455848 0.415385 0.027111 0.035503
2 0.489543 0.415976 0.027885 0.031953
4 0.455461 0.365089 0.024787 0.022485
22 0.489156 0.366864 0.011619 0.028402
0 0.483346 0.465680 0.018590 0.020118
15 0.484121 0.524260 0.029435 0.040237
15 0.485670 0.643787 0.023238 0.037870
3 0.506971 0.555030 0.020914 0.016568
3 0.504648 0.672189 0.019365 0.018935
22 0.520527 0.569231 0.018590 0.023669
22 0.518203 0.688166 0.018590 0.027219
2 0.487219 0.744970 0.023238 0.024852
41 0.446166 0.647337 0.010844 0.030769
41 0.458559 0.647929 0.012393 0.031953
3 0.562355 0.526627 0.023238 0.021302
3 0.561967 0.596450 0.022463 0.023669
3 0.563904 0.644970 0.027885 0.018935
2 0.660728 0.710059 0.024787 0.028402
0 0.674671 0.487574 0.026336 0.028402
4 0.659566 0.578107 0.019365 0.020118
3 0.676220 0.655030 0.013943 0.031953
3 0.685902 0.656805 0.010070 0.030769
3 0.695198 0.656213 0.013168 0.031953
4 0.709140 0.627219 0.016266 0.014201
22 0.690163 0.560355 0.020139 0.027219
23 0.764136 0.507101 0.011619 0.024852
4 0.798606 0.507692 0.018590 0.026036
4 0.811774 0.508876 0.015492 0.028402
4 0.821456 0.512426 0.011619 0.030769
4 0.835786 0.511834 0.018590 0.036686
4 0.845081 0.512426 0.013943 0.030769
4 0.855538 0.510059 0.016266 0.035503
2 0.196359 0.166864 0.028660 0.028402
2 0.192486 0.095266 0.025562 0.041420
2 0.235864 0.202959 0.024012 0.036686
2 0.275755 0.205917 0.020139 0.035503
23 0.236251 0.155030 0.015492 0.028402
23 0.276143 0.159763 0.020914 0.033136
2 0.388459 0.205917 0.024012 0.035503
2 0.412084 0.207101 0.023238 0.037870
2 0.434160 0.202959 0.022463 0.029586
2 0.457010 0.202367 0.023238 0.030769
4 0.387684 0.159763 0.016266 0.016568
4 0.414795 0.161538 0.027111 0.027219
4 0.432610 0.159172 0.020914 0.024852
4 0.457785 0.160355 0.017041 0.022485
3 0.489156 0.193491 0.016266 0.034320
2 0.463981 0.252663 0.021689 0.036686
4 0.572812 0.060355 0.019365 0.030769
6 0.673896 0.056805 0.032533 0.011834
3 0.643300 0.153254 0.027111 0.027219
3 0.731991 0.226627 0.010844 0.034320
22 0.680093 0.107692 0.018590 0.023669
4 0.687839 0.154438 0.018590 0.034320
3 0.731991 0.115385 0.015492 0.036686
23 0.798993 0.112426 0.020914 0.026036
4 0.829977 0.113609 0.017816 0.018935
4 0.852827 0.111834 0.018590 0.015385
4 0.875678 0.111243 0.016266 0.014201
4 0.898916 0.111834 0.017816 0.015385
0 0.946940 0.059172 0.019365 0.023669
2 0.798218 0.155030 0.027111 0.023669
2 0.831913 0.156805 0.027885 0.027219
2 0.853602 0.153846 0.026336 0.028402
2 0.875290 0.155030 0.023238 0.030769
2 0.899303 0.153846 0.027885 0.026036
2 0.890395 0.284615 0.030209 0.029586
2 0.971727 0.286982 0.027111 0.034320
3 0.951588 0.249112 0.025562 0.024852
4 0.886522 0.243195 0.028660 0.024852
35 0.921379 0.215976 0.022463 0.031953
0 0.938420 0.179290 0.025562 0.031953
0 0.233153 0.527811 0.013943 0.016568
