3 0.294538 0.779290 0.012605 0.036686
2 0.043697 0.153254 0.013445 0.027219
3 0.173109 0.620118 0.013445 0.035503
3 0.160504 0.490533 0.026891 0.015385
3 0.139496 0.525444 0.011765 0.033136
3 0.269328 0.767456 0.012605 0.034320
14 0.084874 0.199408 0.045378 0.050888
24 0.081092 0.497633 0.026050 0.041420
4 0.092017 0.153254 0.012605 0.024852
4 0.076471 0.247337 0.015126 0.026036
24 0.080252 0.390533 0.024370 0.063905
70 0.174790 0.823077 0.109244 0.121893
24 0.121429 0.314793 0.029412 0.035503
2 0.191176 0.372189 0.014286 0.024852
2 0.052941 0.555621 0.013445 0.024852
3 0.201681 0.656213 0.028571 0.015385
0 0.352101 0.795858 0.013445 0.027219
22 0.150000 0.410059 0.026050 0.017751
2 0.128571 0.248521 0.013445 0.023669
29 0.117227 0.679290 0.026050 0.054438
1 0.518067 0.233136 0.447899 0.324260
10 0.295798 0.855621 0.028571 0.026036
2 0.150420 0.265680 0.015126 0.029586
10 0.268908 0.824260 0.026891 0.022485
27 0.162185 0.098817 0.042017 0.024852
6 0.247899 0.241420 0.036975 0.023669
4 0.197899 0.266272 0.015966 0.026036
4 0.197899 0.282840 0.014286 0.021302
0 0.157143 0.331953 0.030252 0.020118
0 0.037395 0.347337 0.026050 0.020118
41 0.193277 0.348521 0.020168 0.015385
41 0.200840 0.397041 0.021849 0.013018
41 0.163445 0.553846 0.021008 0.026036
0 0.171849 0.584615 0.019328 0.011834
41 0.141597 0.396450 0.015966 0.018935
41 0.222269 0.135503 0.010924 0.027219
22 0.097059 0.348521 0.022689 0.027219
3 0.099160 0.779290 0.025210 0.013018
3 0.097899 0.791716 0.027731 0.018935
3 0.100000 0.804142 0.023529 0.017751
3 0.100840 0.818343 0.025210 0.020118
3 0.100420 0.828402 0.026050 0.016568
3 0.100000 0.838462 0.026891 0.020118
3 0.099580 0.851479 0.026050 0.015385
3 0.100840 0.864497 0.023529 0.017751
