1 0.222360 0.595858 0.061881 0.117160
4 0.194307 0.460355 0.015677 0.033136
1 0.580033 0.592308 0.059406 0.119527
1 0.530116 0.143195 0.081683 0.125444
2 0.291254 0.491124 0.014851 0.028402
4 0.528465 0.058580 0.017327 0.022485
4 0.235561 0.460355 0.017327 0.028402
4 0.169967 0.779882 0.016502 0.018935
26 0.151815 0.936686 0.034653 0.046154
24 0.931518 0.107101 0.024752 0.041420
4 0.185231 0.779882 0.015677 0.018935
4 0.218647 0.779882 0.016502 0.018935
4 0.400578 0.366864 0.018977 0.021302
2 0.438119 0.411243 0.024752 0.017751
1 0.240512 0.347337 0.050330 0.055621
4 0.202558 0.779290 0.015677 0.017751
4 0.152640 0.779290 0.014851 0.017751
3 0.515677 0.525444 0.028053 0.016568
23 0.767327 0.110651 0.018152 0.022485
3 0.280941 0.526036 0.025578 0.015385
24 0.066832 0.059172 0.023102 0.040237
4 0.648927 0.154438 0.014026 0.024852
3 0.515677 0.597041 0.026403 0.015385
3 0.157591 0.460947 0.013201 0.036686
4 0.849835 0.110651 0.019802 0.017751
4 0.800330 0.110059 0.019802 0.016568
4 0.825083 0.110059 0.019802 0.016568
3 0.280528 0.598225 0.026403 0.015385
4 0.234323 0.779290 0.014851 0.017751
4 0.181518 0.331361 0.016502 0.021302
4 0.874175 0.110651 0.018977 0.017751
26 0.071370 0.137278 0.025578 0.037870
3 0.697607 0.113018 0.014026 0.034320
2 0.400990 0.411243 0.023102 0.017751
24 0.210396 0.048521 0.023102 0.037870
4 0.862624 0.241420 0.020627 0.021302
0 0.433168 0.471006 0.013201 0.014201
3 0.305693 0.395266 0.027228 0.016568
22 0.437706 0.366272 0.017327 0.027219
3 0.697607 0.224260 0.014026 0.031953
4 0.135726 0.781065 0.018977 0.021302
22 0.325083 0.431361 0.021452 0.022485
4 0.252475 0.777515 0.016502 0.021302
3 0.601073 0.153846 0.023927 0.016568
4 0.379950 0.157988 0.017327 0.020118
22 0.323020 0.569231 0.018977 0.021302
22 0.325495 0.430769 0.020627 0.021302
4 0.214934 0.513609 0.017327 0.023669
3 0.281353 0.644970 0.024752 0.016568
3 0.285066 0.431953 0.027228 0.014201
2 0.767327 0.150888 0.021452 0.020118
4 0.355611 0.159172 0.018152 0.020118
2 0.619224 0.706509 0.025578 0.023669
3 0.339521 0.676923 0.030528 0.023669
4 0.329620 0.159172 0.020627 0.020118
22 0.470710 0.568639 0.015677 0.022485
4 0.127475 0.625444 0.018977 0.020118
4 0.404703 0.157988 0.017327 0.020118
2 0.263201 0.306509 0.013201 0.026036
23 0.211221 0.158580 0.016502 0.021302
4 0.593647 0.514201 0.015677 0.024852
3 0.437294 0.193491 0.013201 0.034320
22 0.651815 0.560355 0.018152 0.022485
2 0.329620 0.198817 0.020627 0.021302
1 0.790842 0.205325 0.060231 0.048521
2 0.354373 0.198817 0.018977 0.018935
4 0.082508 0.780473 0.016502 0.024852
2 0.169142 0.198225 0.024752 0.020118
4 0.084158 0.874556 0.016502 0.021302
2 0.378713 0.198817 0.018152 0.018935
2 0.181931 0.713018 0.025578 0.024852
4 0.673680 0.624852 0.018977 0.018935
23 0.169554 0.157988 0.015677 0.024852
22 0.643564 0.107101 0.024752 0.020118
4 0.083333 0.900592 0.016502 0.021302
22 0.329208 0.684024 0.028053 0.030769
4 0.083333 0.800592 0.018152 0.029586
0 0.165429 0.524852 0.018977 0.029586
3 0.453795 0.555621 0.028053 0.017751
2 0.405941 0.203550 0.021452 0.033136
3 0.143152 0.655621 0.014026 0.033136
3 0.152228 0.656805 0.010726 0.035503
3 0.162129 0.657396 0.012376 0.036686
2 0.118812 0.088757 0.023102 0.030769
2 0.124587 0.168047 0.028053 0.040237
4 0.082508 0.823077 0.011551 0.022485
4 0.082096 0.837278 0.015677 0.022485
4 0.083333 0.849112 0.018152 0.024852
2 0.212459 0.201183 0.030528 0.030769
2 0.410891 0.252663 0.019802 0.027219
6 0.637789 0.059172 0.047855 0.023669
2 0.800330 0.153254 0.026403 0.029586
2 0.826320 0.156805 0.023927 0.029586
2 0.850660 0.153846 0.024752 0.030769
2 0.875825 0.156213 0.027228 0.030769
2 0.863449 0.286391 0.025578 0.030769
2 0.953795 0.284615 0.028053 0.034320
35 0.899752 0.214793 0.018977 0.036686
3 0.931518 0.249704 0.031353 0.016568
0 0.915842 0.182249 0.023102 0.016568
0 0.927805 0.058580 0.010726 0.020118
23 0.730198 0.510059 0.019802 0.030769
23 0.742987 0.507692 0.018977 0.033136
4 0.766502 0.510059 0.019802 0.018935
4 0.780116 0.507101 0.017327 0.017751
4 0.790429 0.509467 0.018152 0.022485
4 0.805693 0.510651 0.015677 0.020118
4 0.817244 0.510059 0.017327 0.023669
4 0.828795 0.511243 0.020627 0.026036
3 0.516914 0.640237 0.025578 0.016568
3 0.639026 0.655621 0.012376 0.030769
3 0.647277 0.656213 0.014026 0.031953
3 0.657178 0.655621 0.014026 0.033136
2 0.431931 0.746154 0.030528 0.031953
3 0.455033 0.675148 0.028878 0.015385
22 0.471122 0.689349 0.011551 0.020118
8 0.360974 0.643787 0.032178 0.035503
15 0.435231 0.643787 0.028878 0.037870
8 0.362624 0.527811 0.028878 0.030769
15 0.431931 0.524260 0.027228 0.035503
22 0.413366 0.639645 0.014851 0.022485
22 0.382838 0.637278 0.019802 0.029586
22 0.384488 0.524260 0.016502 0.018935
22 0.408828 0.527219 0.022277 0.024852
41 0.393564 0.649704 0.013201 0.026036
41 0.404290 0.646154 0.013201 0.030769
6 0.283416 0.753846 0.038779 0.028402
41 0.218647 0.855621 0.018152 0.040237
22 0.147277 0.561538 0.015677 0.029586
3 0.359323 0.336095 0.033828 0.030769
3 0.341172 0.555621 0.020627 0.017751
0 0.634488 0.492899 0.013201 0.015385
