1 0.096669 0.089076 0.056514 0.068908
49 0.392029 0.385714 0.022606 0.047059
1 0.550565 0.394958 0.045806 0.048739
1 0.638905 0.158403 0.058299 0.059664
2 0.069007 0.141597 0.026175 0.024370
42 0.146936 0.067647 0.020226 0.014286
42 0.146639 0.075210 0.018441 0.014286
42 0.146044 0.084034 0.019631 0.013445
42 0.145449 0.092437 0.019631 0.010084
42 0.146044 0.100420 0.020821 0.012605
42 0.146639 0.109664 0.020821 0.015966
42 0.233789 0.074790 0.021416 0.013445
42 0.235574 0.092017 0.024985 0.014286
42 0.312314 0.076471 0.022606 0.010084
42 0.312612 0.092857 0.022011 0.010924
3 0.273349 0.075630 0.018441 0.011765
3 0.274242 0.093277 0.021416 0.011765
3 0.410173 0.152101 0.007733 0.028571
2 0.410767 0.182773 0.016062 0.017647
42 0.385782 0.118067 0.025580 0.012605
27 0.410470 0.093277 0.020226 0.036975
0 0.410470 0.058403 0.013087 0.009244
42 0.360202 0.386975 0.023200 0.019328
42 0.393218 0.434454 0.016657 0.030252
42 0.425342 0.387395 0.022606 0.015126
42 0.578525 0.143277 0.023200 0.017647
42 0.741820 0.160084 0.022606 0.012605
42 0.833730 0.095378 0.013682 0.029412
51 0.503272 0.176471 0.027365 0.020168
51 0.502082 0.209244 0.023795 0.015126
51 0.673409 0.387395 0.027365 0.015126
51 0.728733 0.143697 0.028554 0.020168
4 0.536288 0.201261 0.018441 0.010924
2 0.536883 0.223950 0.022011 0.022689
2 0.592802 0.169328 0.014872 0.024370
2 0.642177 0.207563 0.019631 0.021849
2 0.595181 0.090756 0.020821 0.015126
2 0.678465 0.097899 0.016062 0.015966
2 0.697799 0.208824 0.016657 0.022689
2 0.607674 0.342017 0.018441 0.020168
2 0.836109 0.249580 0.029149 0.023529
2 0.609756 0.496218 0.024985 0.026050
2 0.583581 0.425630 0.020226 0.024370
6 0.566924 0.175630 0.027365 0.011765
4 0.594289 0.116807 0.014277 0.011765
4 0.677275 0.125630 0.016062 0.007563
3 0.685009 0.175630 0.020821 0.016807
35 0.802796 0.171429 0.031529 0.038655
3 0.833432 0.151681 0.015467 0.027731
35 0.836704 0.204202 0.024390 0.026891
3 0.606187 0.418908 0.008328 0.024370
3 0.606484 0.463445 0.010113 0.024370
4 0.643962 0.418487 0.018441 0.015126
6 0.594289 0.385294 0.024985 0.010924
0 0.511005 0.378571 0.011898 0.012605
4 0.606782 0.370168 0.017847 0.014286
