1 0.128743 0.229419 0.082977 0.170702
1 0.253208 0.680387 0.126604 0.174334
42 0.044482 0.169492 0.025663 0.036320
42 0.211719 0.169492 0.023097 0.033898
42 0.075278 0.209443 0.023952 0.021792
42 0.074423 0.224576 0.023952 0.020581
42 0.075278 0.236683 0.023952 0.018160
42 0.180068 0.223971 0.021386 0.019370
42 0.179213 0.237893 0.021386 0.018160
42 0.181352 0.249395 0.023952 0.024213
2 0.133020 0.089588 0.028229 0.029056
2 0.132592 0.380145 0.030796 0.033898
22 0.212575 0.302058 0.029940 0.030266
42 0.333191 0.238499 0.019675 0.031477
42 0.366125 0.240920 0.022241 0.036320
42 0.405475 0.244552 0.020530 0.038741
42 0.440547 0.245763 0.022241 0.038741
42 0.385372 0.143462 0.023097 0.020581
24 0.358854 0.151332 0.028229 0.053269
4 0.332335 0.314165 0.029940 0.023002
35 0.370830 0.294794 0.029940 0.039952
35 0.410607 0.292978 0.032506 0.043584
3 0.440120 0.317797 0.016253 0.047215
3 0.407186 0.348063 0.017109 0.052058
3 0.368263 0.346852 0.019675 0.044794
2 0.331052 0.389831 0.027374 0.026634
2 0.366553 0.386199 0.023097 0.024213
2 0.406330 0.389831 0.023952 0.024213
2 0.441831 0.388620 0.026518 0.026634
4 0.195894 0.562954 0.013687 0.024213
2 0.146279 0.575061 0.023952 0.031477
2 0.260907 0.953995 0.032506 0.024213
42 0.224979 0.545400 0.017109 0.035109
42 0.235672 0.545400 0.012831 0.032688
42 0.243798 0.546005 0.010265 0.033898
42 0.251497 0.542373 0.011976 0.031477
42 0.261334 0.543584 0.011121 0.038741
42 0.154833 0.659201 0.025663 0.020581
42 0.157827 0.674334 0.028229 0.024213
42 0.157827 0.683414 0.021386 0.020581
42 0.159110 0.696731 0.022241 0.015738
42 0.157399 0.709443 0.025663 0.016949
42 0.339179 0.646489 0.024808 0.024213
42 0.338751 0.661622 0.022241 0.020581
42 0.337896 0.672518 0.022241 0.013317
42 0.336612 0.682203 0.026518 0.013317
42 0.339179 0.695521 0.021386 0.018160
42 0.341317 0.707627 0.025663 0.018160
42 0.236955 0.809322 0.015398 0.032688
4 0.272455 0.808717 0.029940 0.024213
3 0.261762 0.848668 0.017109 0.036320
4 0.263473 0.909201 0.025663 0.026634
74 0.224979 0.805690 0.015398 0.023002
74 0.243370 0.804479 0.012831 0.018160
74 0.253636 0.805690 0.012831 0.018160
42 0.667665 0.692494 0.033362 0.029056
42 0.891788 0.694915 0.029940 0.026634
42 0.889222 0.771186 0.024808 0.026634
22 0.849016 0.693705 0.033362 0.038741
4 0.849872 0.809927 0.019675 0.024213
4 0.754919 0.771186 0.023097 0.019370
4 0.698033 0.691889 0.013687 0.035109
3 0.723268 0.767554 0.011121 0.041162
3 0.782720 0.690073 0.034217 0.016949
3 0.812660 0.806295 0.015398 0.043584
3 0.813088 0.734867 0.014542 0.046005
2 0.675364 0.843220 0.024808 0.035109
2 0.680924 0.543584 0.023952 0.033898
2 0.760479 0.543584 0.018820 0.024213
2 0.893071 0.381356 0.022241 0.033898
2 0.624893 0.380751 0.016253 0.027845
42 0.573995 0.127724 0.029085 0.023002
42 0.640719 0.187046 0.030796 0.027845
42 0.644568 0.341404 0.033362 0.024213
42 0.759196 0.350484 0.024808 0.027845
42 0.872541 0.341404 0.022241 0.019370
42 0.875107 0.190678 0.023952 0.020581
4 0.777160 0.145884 0.016253 0.030266
4 0.778443 0.199153 0.015398 0.032688
4 0.778871 0.243947 0.017964 0.032688
4 0.778871 0.286925 0.014542 0.029056
4 0.778015 0.328087 0.017964 0.029056
4 0.929855 0.265738 0.032506 0.030266
4 0.600513 0.261501 0.030796 0.029056
3 0.675364 0.153148 0.028229 0.047215
3 0.847305 0.154358 0.024808 0.044794
3 0.657827 0.385593 0.041061 0.027845
3 0.861848 0.383172 0.036784 0.027845
6 0.718563 0.259685 0.039350 0.020581
8 0.848161 0.223971 0.026518 0.033898
15 0.676219 0.222760 0.031651 0.041162
15 0.678358 0.299031 0.030796 0.043584
8 0.846450 0.297821 0.026518 0.046005
42 0.642429 0.457627 0.022241 0.024213
4 0.680068 0.492736 0.023952 0.016949
3 0.710864 0.455206 0.035928 0.021792
3 0.760907 0.487288 0.012831 0.037530
2 0.929855 0.415254 0.023952 0.026634
