1 0.150000 0.244379 0.083193 0.183432
1 0.266387 0.687574 0.124370 0.170414
2 0.152521 0.104734 0.029412 0.031953
42 0.068487 0.185799 0.027731 0.037870
42 0.227731 0.182249 0.026891 0.042604
42 0.094118 0.225444 0.023529 0.017751
42 0.094118 0.236095 0.021849 0.017751
42 0.095378 0.247929 0.021008 0.020118
42 0.196639 0.236095 0.020168 0.017751
42 0.197059 0.248521 0.021008 0.018935
42 0.196218 0.260947 0.024370 0.017751
2 0.151681 0.388166 0.024370 0.030769
22 0.229832 0.313609 0.024370 0.028402
24 0.373529 0.168047 0.027731 0.047337
42 0.400000 0.158580 0.023529 0.023669
2 0.396218 0.188757 0.027731 0.022485
42 0.350000 0.253846 0.026050 0.041420
42 0.380672 0.252663 0.016807 0.034320
42 0.421849 0.253846 0.020168 0.039053
42 0.455882 0.255030 0.021008 0.039053
35 0.385294 0.305325 0.031092 0.037870
35 0.425210 0.305325 0.025210 0.033136
3 0.453361 0.326627 0.012605 0.042604
4 0.347059 0.323669 0.023529 0.020118
2 0.345798 0.400000 0.024370 0.030769
2 0.382353 0.397041 0.023529 0.027219
2 0.420588 0.398225 0.019328 0.022485
2 0.453782 0.399408 0.020168 0.022485
3 0.382353 0.356805 0.013445 0.046154
3 0.419748 0.356213 0.019328 0.040237
2 0.164706 0.581065 0.018487 0.030769
2 0.279412 0.951479 0.021008 0.028402
4 0.213445 0.566864 0.011765 0.033136
4 0.286975 0.803550 0.024370 0.023669
4 0.278571 0.905917 0.027731 0.020118
42 0.243277 0.549704 0.014286 0.029586
42 0.252101 0.549112 0.013445 0.028402
42 0.260924 0.548521 0.010924 0.029586
42 0.267647 0.547929 0.010924 0.030769
42 0.277731 0.549112 0.012605 0.035503
42 0.353782 0.649112 0.021849 0.022485
42 0.352941 0.665089 0.023529 0.018935
42 0.352101 0.675740 0.020168 0.016568
42 0.352941 0.684024 0.023529 0.016568
42 0.354202 0.695266 0.024370 0.015385
42 0.352941 0.710059 0.021849 0.018935
42 0.174790 0.660947 0.021849 0.015385
42 0.176050 0.673964 0.021008 0.015385
42 0.176471 0.685799 0.020168 0.015385
42 0.176050 0.697041 0.022689 0.016568
42 0.176050 0.708876 0.019328 0.016568
42 0.252101 0.805325 0.015126 0.027219
3 0.278151 0.845562 0.018487 0.043787
74 0.242857 0.803550 0.008403 0.014201
74 0.260504 0.803550 0.008403 0.011834
74 0.268487 0.803550 0.007563 0.011834
62 0.197899 0.651479 0.010924 0.015385
62 0.285714 0.585207 0.018487 0.015385
42 0.584874 0.141420 0.026891 0.024852
42 0.652101 0.201183 0.028571 0.028402
42 0.657143 0.349112 0.025210 0.028402
42 0.765966 0.362722 0.022689 0.024852
42 0.878992 0.347929 0.028571 0.026036
42 0.890336 0.203550 0.044538 0.026036
42 0.649160 0.459763 0.027731 0.027219
42 0.882353 0.604142 0.035294 0.029586
42 0.879412 0.679882 0.032773 0.027219
42 0.658824 0.603550 0.025210 0.021302
4 0.608403 0.272781 0.023529 0.015385
4 0.785714 0.159763 0.016807 0.026036
4 0.786134 0.214201 0.015966 0.030769
4 0.786975 0.255621 0.019328 0.030769
4 0.786555 0.294083 0.010084 0.029586
4 0.786134 0.338462 0.015966 0.033136
4 0.931092 0.271006 0.028571 0.028402
4 0.690336 0.495858 0.032773 0.021302
4 0.690336 0.606509 0.015966 0.034320
4 0.742437 0.679290 0.021008 0.014201
4 0.835714 0.716568 0.027731 0.024852
3 0.686555 0.168047 0.020168 0.044970
3 0.854202 0.166272 0.024370 0.043787
3 0.868487 0.388757 0.029412 0.024852
3 0.719328 0.460355 0.031933 0.023669
3 0.802941 0.645562 0.024370 0.048521
3 0.770588 0.601183 0.040336 0.033136
3 0.713866 0.680473 0.021008 0.042604
3 0.802101 0.719527 0.021008 0.042604
3 0.767647 0.497041 0.022689 0.040237
6 0.730252 0.269231 0.048739 0.017751
2 0.897899 0.390533 0.021008 0.030769
3 0.661345 0.392308 0.030252 0.020118
2 0.636134 0.392308 0.021849 0.043787
15 0.684454 0.228994 0.024370 0.029586
15 0.682353 0.308876 0.031933 0.042604
8 0.853782 0.234320 0.033613 0.044970
8 0.851681 0.308876 0.036134 0.042604
2 0.935714 0.427219 0.032773 0.035503
2 0.768487 0.549704 0.024370 0.017751
2 0.686134 0.547929 0.021008 0.016568
2 0.668067 0.752071 0.025210 0.031953
22 0.836975 0.602959 0.023529 0.036686
