1 0.314030 0.418908 0.109851 0.143697
1 0.822687 0.552101 0.044179 0.070588
1 0.792239 0.194958 0.069254 0.100840
1 0.497910 0.487395 0.040597 0.053782
1 0.822388 0.400840 0.045970 0.114286
2 0.180597 0.459664 0.010149 0.021849
24 0.350448 0.678571 0.019104 0.049580
1 0.498209 0.412185 0.041194 0.052941
2 0.857313 0.447899 0.008358 0.018487
2 0.498507 0.527311 0.015522 0.012605
1 0.726567 0.449580 0.032239 0.053782
4 0.576418 0.400420 0.012537 0.017647
3 0.675224 0.510504 0.017910 0.014286
1 0.727761 0.547059 0.026269 0.053782
3 0.674030 0.451261 0.020299 0.013445
4 0.394925 0.468067 0.012537 0.018487
2 0.443582 0.426050 0.011940 0.018487
2 0.605970 0.498739 0.017910 0.021008
2 0.552836 0.423529 0.014328 0.011765
2 0.857015 0.356303 0.007761 0.020168
2 0.771343 0.292017 0.009552 0.017647
2 0.761194 0.490336 0.015522 0.014286
2 0.379701 0.349160 0.016716 0.015966
4 0.761493 0.421429 0.012537 0.015966
23 0.606567 0.400000 0.011940 0.018487
2 0.442687 0.391597 0.010149 0.016807
4 0.544179 0.400000 0.011343 0.018487
2 0.852239 0.208403 0.010149 0.020168
2 0.790149 0.448319 0.010149 0.017647
2 0.852537 0.157983 0.009552 0.020168
16 0.192537 0.687815 0.030448 0.029412
3 0.200597 0.400420 0.016716 0.015966
0 0.254328 0.687395 0.007164 0.016807
23 0.582388 0.466807 0.012537 0.017647
35 0.227761 0.407143 0.018507 0.029412
4 0.618209 0.468908 0.011343 0.015126
2 0.791940 0.570168 0.010149 0.019328
2 0.790149 0.354202 0.008955 0.017647
4 0.761791 0.518487 0.013134 0.016807
23 0.633134 0.400840 0.010149 0.020168
2 0.184478 0.375210 0.009552 0.021008
23 0.597612 0.466387 0.010746 0.015126
2 0.761493 0.395378 0.013731 0.015966
4 0.200896 0.374370 0.012537 0.017647
4 0.203582 0.476891 0.015522 0.014286
7 0.231045 0.686975 0.026269 0.017647
2 0.605970 0.435714 0.015522 0.021008
6 0.552537 0.453361 0.029254 0.027731
25 0.666866 0.407983 0.017910 0.029412
2 0.725373 0.158824 0.025075 0.026891
2 0.723582 0.208824 0.021493 0.024370
4 0.635224 0.469748 0.015522 0.010084
4 0.399104 0.396218 0.012537 0.019328
4 0.407761 0.381933 0.014328 0.021008
4 0.202687 0.463025 0.018507 0.015126
4 0.200000 0.336555 0.010746 0.027731
3 0.424179 0.394958 0.017313 0.013445
21 0.423582 0.412605 0.017313 0.016807
0 0.545970 0.503361 0.008955 0.010084
0 0.606567 0.378992 0.013134 0.013445
