1 0.166807 0.311834 0.106723 0.446154
1 0.165126 0.615385 0.091597 0.127811
1 0.517227 0.518343 0.057983 0.059172
1 0.555042 0.734320 0.086555 0.200000
1 0.812185 0.562722 0.056303 0.067456
1 0.844538 0.731953 0.100840 0.088757
24 0.454202 0.133136 0.036134 0.098225
42 0.099160 0.112426 0.020168 0.018935
42 0.101261 0.124260 0.027731 0.023669
42 0.099580 0.276331 0.017647 0.020118
42 0.099160 0.289349 0.025210 0.017751
42 0.100840 0.465680 0.025210 0.020118
42 0.100000 0.479290 0.025210 0.021302
42 0.235294 0.455030 0.026891 0.031953
42 0.236134 0.240828 0.023529 0.029586
42 0.238235 0.256213 0.029412 0.022485
42 0.237815 0.278107 0.030252 0.021302
42 0.234454 0.300592 0.023529 0.026036
2 0.244538 0.136095 0.030252 0.042604
3 0.253782 0.348521 0.020168 0.034320
2 0.244958 0.431953 0.032773 0.028402
4 0.293697 0.324260 0.015966 0.028402
4 0.292857 0.371006 0.017647 0.034320
2 0.312185 0.388166 0.029412 0.026036
14 0.276891 0.350296 0.019328 0.030769
2 0.230672 0.609467 0.031092 0.033136
2 0.231933 0.656213 0.030252 0.036686
0 0.104202 0.614201 0.018487 0.018935
0 0.100840 0.655030 0.018487 0.027219
42 0.055042 0.715385 0.021008 0.039053
42 0.081092 0.713018 0.019328 0.041420
42 0.273529 0.726036 0.026050 0.027219
42 0.426471 0.127219 0.022689 0.027219
42 0.427731 0.141420 0.023529 0.024852
42 0.424790 0.152663 0.026050 0.021302
42 0.581092 0.130178 0.029412 0.030769
42 0.710084 0.113609 0.023529 0.035503
42 0.491597 0.679882 0.026891 0.020118
42 0.493277 0.691716 0.025210 0.024852
42 0.494118 0.704734 0.031933 0.024852
42 0.700420 0.563314 0.027731 0.028402
42 0.914706 0.575148 0.027731 0.023669
42 0.716807 0.744379 0.025210 0.026036
42 0.718487 0.759763 0.026891 0.026036
42 0.903782 0.708876 0.024370 0.021302
42 0.902941 0.723077 0.029412 0.023669
42 0.793697 0.140237 0.031092 0.034320
3 0.054622 0.757396 0.015126 0.042604
3 0.081092 0.756805 0.015966 0.043787
4 0.112605 0.756805 0.023529 0.022485
4 0.134454 0.757988 0.018487 0.024852
4 0.155882 0.760947 0.022689 0.023669
4 0.177731 0.759172 0.021008 0.017751
0 0.149580 0.718343 0.028571 0.018935
2 0.147059 0.795858 0.031933 0.020118
2 0.286134 0.792308 0.022689 0.020118
0 0.286975 0.662722 0.021008 0.018935
3 0.286975 0.702959 0.026050 0.035503
4 0.285294 0.751479 0.022689 0.018935
2 0.427731 0.101183 0.013445 0.041420
0 0.463025 0.336686 0.018487 0.024852
0 0.590756 0.066864 0.021849 0.020118
4 0.586555 0.153254 0.020168 0.013018
2 0.589076 0.191124 0.028571 0.022485
2 0.710084 0.186391 0.025210 0.027219
2 0.781092 0.208876 0.024370 0.024852
3 0.783193 0.114793 0.021849 0.037870
3 0.783193 0.170414 0.021849 0.035503
0 0.779412 0.060947 0.019328 0.020118
21 0.710084 0.149704 0.021849 0.031953
2 0.476891 0.368047 0.026050 0.028402
4 0.425210 0.531953 0.023529 0.020118
4 0.584454 0.530178 0.021008 0.018935
0 0.586134 0.497041 0.026050 0.026036
2 0.425210 0.568639 0.028571 0.034320
2 0.584454 0.570414 0.031092 0.037870
2 0.391597 0.743787 0.030252 0.029586
4 0.423950 0.744379 0.015966 0.030769
0 0.423529 0.762722 0.016807 0.017751
0 0.423950 0.773373 0.015966 0.015385
3 0.452941 0.777515 0.033613 0.018935
2 0.492017 0.799408 0.015966 0.029586
2 0.496218 0.668047 0.017647 0.031953
2 0.493697 0.714793 0.017647 0.028402
2 0.497899 0.743195 0.022689 0.028402
0 0.686555 0.498225 0.026891 0.021302
3 0.689076 0.534320 0.016807 0.034320
3 0.689916 0.585799 0.021849 0.040237
2 0.688655 0.623077 0.024370 0.020118
2 0.781092 0.636686 0.022689 0.026036
2 0.902521 0.633136 0.020168 0.023669
2 0.854202 0.564497 0.019328 0.028402
3 0.810084 0.504142 0.028571 0.023669
4 0.780672 0.594083 0.018487 0.018935
0 0.771429 0.571598 0.013445 0.023669
3 0.884454 0.572781 0.027731 0.026036
3 0.743697 0.743195 0.031933 0.021302
3 0.744958 0.757988 0.031092 0.020118
4 0.761345 0.785207 0.016807 0.017751
4 0.783613 0.785799 0.021008 0.018935
2 0.778571 0.731361 0.015966 0.028402
2 0.761345 0.826036 0.030252 0.023669
2 0.782353 0.823669 0.020168 0.021302
2 0.913025 0.794083 0.027731 0.021302
4 0.912185 0.756213 0.022689 0.014201
4 0.902101 0.596450 0.021008 0.014201
0 0.846218 0.502367 0.033613 0.017751
62 0.109244 0.489349 0.008403 0.013018
62 0.110084 0.502367 0.011765 0.015385
62 0.108824 0.516568 0.010924 0.013018
62 0.114286 0.575740 0.013445 0.020118
62 0.227731 0.350296 0.013445 0.018935
0 0.054622 0.787574 0.013445 0.010651
0 0.079412 0.786391 0.017647 0.013018
