1 0.222689 0.639053 0.233613 0.324260
3 0.839916 0.672189 0.010924 0.030769
2 0.456723 0.313609 0.012605 0.028402
1 0.579832 0.100592 0.063866 0.049704
2 0.218487 0.943787 0.026891 0.017751
1 0.791176 0.176331 0.051261 0.073373
1 0.468067 0.100000 0.062185 0.048521
82 0.636555 0.692899 0.057983 0.076923
1 0.789496 0.308876 0.049580 0.066272
3 0.067227 0.101183 0.025210 0.013018
1 0.359244 0.100000 0.063025 0.048521
2 0.681933 0.380473 0.022689 0.020118
2 0.167647 0.373964 0.021008 0.018935
1 0.624790 0.486391 0.061345 0.203550
2 0.183613 0.374556 0.019328 0.020118
4 0.957563 0.262130 0.014286 0.020118
2 0.048319 0.667456 0.015966 0.028402
3 0.840756 0.602367 0.012605 0.037870
1 0.250840 0.099408 0.063025 0.049704
2 0.311345 0.872781 0.022689 0.017751
3 0.878571 0.414793 0.010924 0.034320
3 0.877311 0.070414 0.010084 0.029586
1 0.145798 0.099408 0.063025 0.052071
24 0.473950 0.531953 0.023529 0.039053
2 0.633613 0.053254 0.011765 0.028402
3 0.929412 0.425444 0.026891 0.015385
2 0.215966 0.375148 0.026891 0.021302
2 0.752101 0.098225 0.021849 0.016568
3 0.785294 0.414793 0.010924 0.034320
3 0.907143 0.672189 0.012605 0.033136
2 0.183193 0.254438 0.013445 0.028402
3 0.772689 0.601775 0.010924 0.036686
3 0.785714 0.071006 0.011765 0.026036
70 0.634454 0.250296 0.050420 0.131361
2 0.455882 0.206509 0.012605 0.027219
2 0.531933 0.607692 0.013445 0.027219
2 0.891176 0.713018 0.024370 0.017751
2 0.680672 0.588166 0.025210 0.018935
2 0.431513 0.621893 0.010924 0.024852
4 0.327731 0.840828 0.013445 0.024852
2 0.681092 0.730178 0.022689 0.016568
4 0.705042 0.557396 0.015126 0.016568
3 0.874370 0.579290 0.027731 0.013018
2 0.530252 0.645562 0.016807 0.017751
3 0.167647 0.411243 0.010924 0.029586
4 0.294118 0.433728 0.013445 0.013018
6 0.449580 0.686982 0.038655 0.020118
35 0.351681 0.221893 0.014286 0.024852
4 0.921849 0.578698 0.013445 0.018935
4 0.311345 0.840828 0.012605 0.013018
4 0.310504 0.431953 0.014286 0.014201
4 0.761345 0.067456 0.013445 0.014201
4 0.084454 0.120118 0.012605 0.015385
3 0.896218 0.389941 0.024370 0.015385
4 0.861345 0.186982 0.013445 0.018935
2 0.074370 0.147337 0.012605 0.024852
4 0.873529 0.671006 0.012605 0.021302
0 0.563025 0.681065 0.015126 0.013018
3 0.929832 0.484024 0.026050 0.016568
2 0.432353 0.739645 0.012605 0.023669
2 0.302941 0.465089 0.021008 0.016568
3 0.413866 0.573373 0.031092 0.017751
22 0.774790 0.671006 0.015126 0.021302
35 0.386134 0.222485 0.014286 0.023669
35 0.318067 0.221893 0.014286 0.024852
35 0.354622 0.298225 0.013445 0.026036
3 0.803361 0.093491 0.026891 0.016568
4 0.294958 0.841420 0.011765 0.016568
3 0.218487 0.053254 0.023529 0.014201
3 0.803361 0.389941 0.025210 0.015385
35 0.388235 0.299408 0.013445 0.018935
2 0.494958 0.645562 0.013445 0.017751
35 0.421429 0.297041 0.015966 0.023669
3 0.880252 0.076331 0.014286 0.029586
2 0.478151 0.647337 0.016807 0.021302
35 0.321008 0.297041 0.013445 0.023669
29 0.151261 0.256805 0.025210 0.028402
2 0.512605 0.646746 0.015126 0.017751
4 0.744538 0.066272 0.013445 0.018935
3 0.895798 0.094083 0.028571 0.017751
35 0.284454 0.223077 0.015966 0.024852
35 0.419328 0.222485 0.015126 0.026036
4 0.405462 0.633136 0.012605 0.016568
35 0.484454 0.611834 0.022689 0.037870
35 0.286555 0.298225 0.021849 0.030769
3 0.113025 0.255030 0.032773 0.027219
74 0.910924 0.278698 0.018487 0.041420
74 0.929412 0.244970 0.023529 0.037870
3 0.894538 0.448521 0.026050 0.023669
2 0.910924 0.461538 0.025210 0.023669
4 0.810924 0.671598 0.021849 0.024852
22 0.807143 0.579882 0.024370 0.040237
22 0.756723 0.674556 0.024370 0.035503
4 0.707143 0.701775 0.024370 0.023669
4 0.478571 0.676923 0.014286 0.021302
4 0.496218 0.677515 0.012605 0.017751
4 0.512185 0.676923 0.010924 0.014201
4 0.529412 0.676331 0.018487 0.015385
74 0.423950 0.598225 0.026050 0.029586
5 0.422689 0.717160 0.030252 0.021302
35 0.484454 0.590533 0.021008 0.037870
3 0.209664 0.894083 0.015966 0.036686
3 0.218487 0.892899 0.013445 0.034320
3 0.227311 0.893491 0.012605 0.035503
4 0.184034 0.403550 0.016807 0.021302
4 0.194538 0.403550 0.015966 0.033136
4 0.209244 0.403550 0.015126 0.021302
4 0.218908 0.405325 0.014286 0.022485
