1 0.287375 0.207022 0.066445 0.075061
3 0.190615 0.569613 0.012458 0.039952
3 0.165698 0.569007 0.012458 0.038741
1 0.286960 0.451574 0.065615 0.077482
24 0.142857 0.672518 0.026578 0.044794
24 0.272425 0.673123 0.024917 0.043584
4 0.211794 0.527240 0.018272 0.025424
3 0.175249 0.165254 0.028239 0.018160
2 0.107143 0.533293 0.011628 0.027845
2 0.203904 0.350484 0.022425 0.018160
3 0.232558 0.569613 0.013289 0.039952
0 0.145764 0.149516 0.014120 0.013317
24 0.487957 0.503632 0.025748 0.046005
24 0.491279 0.400726 0.025748 0.092010
2 0.215116 0.207022 0.011628 0.026634
2 0.353821 0.285109 0.023256 0.018160
4 0.140781 0.533898 0.019103 0.026634
2 0.166528 0.734867 0.022425 0.019370
3 0.212209 0.631356 0.025748 0.015738
4 0.227990 0.134383 0.019103 0.029056
3 0.382475 0.195521 0.029070 0.018160
4 0.352990 0.230024 0.016611 0.026634
42 0.345100 0.452785 0.022425 0.012107
42 0.345100 0.473366 0.022425 0.014528
42 0.345930 0.423123 0.022425 0.013317
42 0.524086 0.510896 0.019934 0.014528
0 0.147010 0.407385 0.009967 0.020581
42 0.345515 0.437046 0.021595 0.014528
3 0.211794 0.667070 0.024917 0.016949
42 0.440199 0.196126 0.021595 0.019370
2 0.523671 0.495763 0.014120 0.020581
2 0.190199 0.435835 0.013289 0.021792
0 0.522010 0.370460 0.010797 0.016949
42 0.345930 0.460048 0.024086 0.014528
2 0.228821 0.084140 0.020764 0.018160
42 0.524086 0.394673 0.021595 0.016949
42 0.523256 0.407385 0.023256 0.015738
42 0.522841 0.419492 0.025748 0.018160
42 0.523256 0.430993 0.023256 0.016949
2 0.525332 0.384383 0.014120 0.027845
0 0.350914 0.170702 0.014120 0.016949
