1 0.144996 0.489709 0.100086 0.170702
1 0.402053 0.575666 0.102652 0.056901
3 0.466638 0.369249 0.012831 0.036320
3 0.461933 0.670702 0.013687 0.036320
1 0.406758 0.273608 0.096664 0.050847
2 0.158255 0.613196 0.022241 0.018160
3 0.278443 0.621671 0.012831 0.037530
2 0.517536 0.626513 0.022241 0.015738
24 0.627887 0.607143 0.023952 0.042373
24 0.658255 0.605932 0.023097 0.042373
24 0.615911 0.303269 0.023952 0.039952
2 0.467494 0.576877 0.011121 0.023002
2 0.338751 0.662228 0.022241 0.016949
26 0.509837 0.285109 0.018820 0.027845
24 0.585543 0.303874 0.024808 0.043584
4 0.338323 0.617433 0.017964 0.014528
3 0.311805 0.622276 0.014542 0.036320
2 0.176219 0.354116 0.020530 0.015738
30 0.294269 0.539346 0.056459 0.056901
3 0.239521 0.622276 0.015398 0.036320
26 0.500000 0.585956 0.016253 0.026634
2 0.063730 0.539952 0.014542 0.024213
2 0.329341 0.360169 0.022241 0.018160
3 0.150556 0.303269 0.027374 0.020581
0 0.065441 0.454600 0.012831 0.018160
26 0.565441 0.587167 0.017109 0.021792
2 0.471771 0.274213 0.011121 0.023002
2 0.222840 0.540557 0.012831 0.023002
2 0.063302 0.429177 0.013687 0.023002
0 0.220701 0.455206 0.011976 0.016949
26 0.517964 0.587167 0.017964 0.024213
26 0.543199 0.587772 0.018820 0.023002
4 0.329769 0.308111 0.019675 0.025424
3 0.342601 0.310533 0.014542 0.032688
0 0.467066 0.416465 0.018820 0.014528
3 0.153122 0.339588 0.025663 0.020581
0 0.462361 0.719128 0.019675 0.014528
0 0.065013 0.515133 0.013687 0.018160
0 0.220701 0.514528 0.013687 0.014528
2 0.223268 0.429782 0.011976 0.019370
0 0.461933 0.719128 0.018820 0.014528
2 0.252780 0.554479 0.019675 0.016949
2 0.582121 0.261501 0.012831 0.021792
2 0.612917 0.551453 0.017964 0.015738
0 0.326347 0.241525 0.021386 0.023002
0 0.334902 0.545400 0.021386 0.020581
35 0.460222 0.615012 0.030796 0.031477
35 0.463644 0.310533 0.030796 0.037530
2 0.509410 0.328087 0.029940 0.031477
