3 0.233026 0.726050 0.009206 0.028571
2 0.035098 0.795378 0.017261 0.017647
24 0.644419 0.655042 0.018412 0.027731
3 0.290852 0.725630 0.008631 0.027731
1 0.362773 0.411765 0.047756 0.110924
2 0.590046 0.708824 0.016686 0.019328
2 0.765535 0.526891 0.017837 0.018487
24 0.890679 0.638235 0.019563 0.063025
2 0.871979 0.749160 0.016686 0.019328
1 0.154488 0.476050 0.154776 0.214286
2 0.317031 0.513866 0.018412 0.017647
3 0.765247 0.343277 0.009206 0.027731
3 0.765247 0.460084 0.009206 0.029412
3 0.765535 0.401261 0.009781 0.029412
4 0.641542 0.503361 0.012658 0.026891
4 0.670598 0.096639 0.010932 0.021849
4 0.730725 0.464706 0.012658 0.026891
24 0.727560 0.231092 0.027043 0.020168
4 0.074799 0.633193 0.016110 0.017647
3 0.621404 0.360504 0.010357 0.026891
4 0.552359 0.368487 0.013809 0.022689
4 0.034522 0.549580 0.013809 0.023529
2 0.739356 0.132353 0.014960 0.015966
2 0.621692 0.447059 0.015535 0.016807
3 0.575086 0.339916 0.021289 0.012605
0 0.616513 0.197899 0.009781 0.010924
8 0.623418 0.166807 0.020138 0.029412
0 0.151899 0.677731 0.017261 0.015966
4 0.075086 0.679832 0.016686 0.018487
8 0.614499 0.234454 0.017261 0.023529
4 0.742232 0.158403 0.014960 0.019328
8 0.623130 0.276050 0.019563 0.031092
8 0.611623 0.120588 0.018412 0.027731
4 0.707422 0.095798 0.010932 0.021849
4 0.687860 0.472269 0.010932 0.023529
5 0.765823 0.282353 0.013809 0.020168
0 0.611910 0.059664 0.021289 0.020168
0 0.861047 0.548319 0.028193 0.026050
0 0.230437 0.600840 0.020138 0.015126
0 0.271001 0.328992 0.018412 0.017647
